CYL_PRES_STAT,1,1594870227.7390401
CYL_PRES_STAT,1,1594870227.752343
CYL_PRES_STAT,1,1594870227.7642071
CYL_PRES_STAT,1,1594870227.784744
CYL_PRES_STAT,0,1594870227.826653
CYL_PRES_STAT,0,1594870227.835186
CYL_PRES_STAT,0,1594870227.8453438
CYL_PRES_STAT,0,1594870227.86893
CYL_PRES_STAT,0,1594870227.8886132
CYL_PRES_STAT,0,1594870227.9290838
CYL_PRES_STAT,0,1594870227.9495509
CYL_PRES_STAT,0,1594870227.9702046
CYL_PRES_STAT,0,1594870227.993983
CYL_PRES_STAT,0,1594870228.134517
CYL_PRES_STAT,0,1594870228.146357
CYL_PRES_STAT,0,1594870228.196046
CYL_PRES_STAT,0,1594870228.219857
CYL_PRES_STAT,0,1594870228.227996
CYL_PRES_STAT,0,1594870228.2982874
CYL_PRES_STAT,0,1594870228.310048
CYL_PRES_STAT,0,1594870228.318702
CYL_PRES_STAT,0,1594870228.339005
CYL_PRES_STAT,0,1594870228.383776
CYL_PRES_STAT,0,1594870228.4041634
CYL_PRES_STAT,0,1594870228.477843
CYL_PRES_STAT,0,1594870228.4860609
CYL_PRES_STAT,0,1594870228.506624
CYL_PRES_STAT,0,1594870228.52702
CYL_PRES_STAT,0,1594870228.5475829
CYL_PRES_STAT,0,1594870228.5679991
CYL_PRES_STAT,0,1594870228.641695
CYL_PRES_STAT,0,1594870228.7768369
CYL_PRES_STAT,0,1594870228.838381
CYL_PRES_STAT,0,1594870228.858988
CYL_PRES_STAT,0,1594870228.8883722
CYL_PRES_STAT,0,1594870228.961101
CYL_PRES_STAT,0,1594870228.969802
CYL_PRES_STAT,0,1594870228.981737
CYL_PRES_STAT,0,1594870228.990185
CYL_PRES_STAT,0,1594870229.05171
CYL_PRES_STAT,0,1594870229.0636392
CYL_PRES_STAT,0,1594870229.129066
CYL_PRES_STAT,0,1594870229.145492
CYL_PRES_STAT,0,1594870229.1576881
CYL_PRES_STAT,0,1594870229.16644
CYL_PRES_STAT,0,1594870229.1781561
CYL_PRES_STAT,0,1594870229.219306
CYL_PRES_STAT,0,1594870229.228024
CYL_PRES_STAT,0,1594870229.2483802
CYL_PRES_STAT,0,1594870229.268765
CYL_PRES_STAT,0,1594870229.3217711
CYL_PRES_STAT,0,1594870229.3338912
CYL_PRES_STAT,0,1594870229.3958051
CYL_PRES_STAT,0,1594870229.4157538
CYL_PRES_STAT,0,1594870229.477283
CYL_PRES_STAT,0,1594870229.526788
CYL_PRES_STAT,0,1594870229.5394392
CYL_PRES_STAT,0,1594870229.5510886
CYL_PRES_STAT,0,1594870229.559186
CYL_PRES_STAT,0,1594870229.5798988
CYL_PRES_STAT,0,1594870229.608649
CYL_PRES_STAT,0,1594870229.6207561
CYL_PRES_STAT,0,1594870229.6411
CYL_PRES_STAT,0,1594870229.7475898
CYL_PRES_STAT,0,1594870229.768016
CYL_PRES_STAT,0,1594870229.7886071
CYL_PRES_STAT,0,1594870229.8053231
CYL_PRES_STAT,0,1594870229.825848
CYL_PRES_STAT,0,1594870229.8704882
CYL_PRES_STAT,0,1594870229.890951
CYL_PRES_STAT,0,1594870229.911525
CYL_PRES_STAT,0,1594870229.961012
CYL_PRES_STAT,0,1594870230.034576
CYL_PRES_STAT,0,1594870230.0465524
CYL_PRES_STAT,0,1594870230.0555198
CYL_PRES_STAT,0,1594870230.075302
CYL_PRES_STAT,0,1594870230.083976
CYL_PRES_STAT,0,1594870230.1284132
CYL_PRES_STAT,0,1594870230.137465
CYL_PRES_STAT,0,1594870230.161283
CYL_PRES_STAT,0,1594870230.178154
CYL_PRES_STAT,0,1594870230.2106528
CYL_PRES_STAT,0,1594870230.271883
CYL_PRES_STAT,0,1594870230.374717
CYL_PRES_STAT,0,1594870230.386655
CYL_PRES_STAT,0,1594870230.407086
CYL_PRES_STAT,0,1594870230.4277859
CYL_PRES_STAT,0,1594870230.43576
CYL_PRES_STAT,0,1594870230.44795
CYL_PRES_STAT,0,1594870230.456634
CYL_PRES_STAT,0,1594870230.5097349
CYL_PRES_STAT,0,1594870230.530151
CYL_PRES_STAT,0,1594870230.5388892
CYL_PRES_STAT,0,1594870230.550476
CYL_PRES_STAT,0,1594870230.6444561
CYL_PRES_STAT,0,1594870230.673725
CYL_PRES_STAT,0,1594870230.6941302
CYL_PRES_STAT,0,1594870230.7059796
CYL_PRES_STAT,0,1594870230.7796528
CYL_PRES_STAT,0,1594870230.7880962
CYL_PRES_STAT,0,1594870230.820819
CYL_PRES_STAT,0,1594870230.861675
CYL_PRES_STAT,0,1594870230.8699481
CYL_PRES_STAT,0,1594870230.964056
CYL_PRES_STAT,0,1594870230.984468
CYL_PRES_STAT,0,1594870231.025505
CYL_PRES_STAT,0,1594870231.14867
CYL_PRES_STAT,0,1594870231.169157
CYL_PRES_STAT,0,1594870231.189366
CYL_PRES_STAT,0,1594870231.222198
CYL_PRES_STAT,0,1594870231.2308962
CYL_PRES_STAT,0,1594870231.3571908
CYL_PRES_STAT,0,1594870231.365809
CYL_PRES_STAT,0,1594870231.377665
CYL_PRES_STAT,0,1594870231.4186509
CYL_PRES_STAT,0,1594870231.439177
CYL_PRES_STAT,0,1594870231.4478881
CYL_PRES_STAT,0,1594870231.459764
CYL_PRES_STAT,0,1594870231.48053
CYL_PRES_STAT,0,1594870231.500728
CYL_PRES_STAT,0,1594870231.57107
CYL_PRES_STAT,0,1594870231.623605
CYL_PRES_STAT,0,1594870231.668407
CYL_PRES_STAT,0,1594870231.688999
CYL_PRES_STAT,0,1594870231.709448
CYL_PRES_STAT,0,1594870231.7299252
CYL_PRES_STAT,0,1594870231.7503748
CYL_PRES_STAT,0,1594870231.7585988
CYL_PRES_STAT,0,1594870231.811779
CYL_PRES_STAT,0,1594870231.828649
CYL_PRES_STAT,0,1594870231.840518
CYL_PRES_STAT,0,1594870231.852822
CYL_PRES_STAT,0,1594870231.9761322
CYL_PRES_STAT,0,1594870232.0050151
CYL_PRES_STAT,0,1594870232.016712
CYL_PRES_STAT,0,1594870232.0374134
CYL_PRES_STAT,0,1594870232.057994
CYL_PRES_STAT,0,1594870232.078159
CYL_PRES_STAT,0,1594870232.119483
CYL_PRES_STAT,0,1594870232.1517508
CYL_PRES_STAT,0,1594870232.160346
CYL_PRES_STAT,0,1594870232.2664044
CYL_PRES_STAT,0,1594870232.2832189
CYL_PRES_STAT,0,1594870232.3280606
CYL_PRES_STAT,0,1594870232.348402
CYL_PRES_STAT,0,1594870232.369083
CYL_PRES_STAT,0,1594870232.389407
CYL_PRES_STAT,0,1594870232.439358
CYL_PRES_STAT,0,1594870232.450877
CYL_PRES_STAT,0,1594870232.512269
CYL_PRES_STAT,0,1594870232.532733
CYL_PRES_STAT,0,1594870232.561899
CYL_PRES_STAT,0,1594870232.615041
CYL_PRES_STAT,0,1594870232.6394398
CYL_PRES_STAT,0,1594870232.64735
CYL_PRES_STAT,0,1594870232.656033
CYL_PRES_STAT,0,1594870232.6971874
CYL_PRES_STAT,0,1594870232.717344
CYL_PRES_STAT,0,1594870232.737969
CYL_PRES_STAT,0,1594870232.762123
CYL_PRES_STAT,0,1594870232.860791
CYL_PRES_STAT,0,1594870232.926099
CYL_PRES_STAT,0,1594870232.9668481
CYL_PRES_STAT,0,1594870232.987674
CYL_PRES_STAT,0,1594870233.0082822
CYL_PRES_STAT,0,1594870233.020216
CYL_PRES_STAT,0,1594870233.0289009
CYL_PRES_STAT,0,1594870233.0487976
CYL_PRES_STAT,0,1594870233.089889
CYL_PRES_STAT,0,1594870233.1020448
CYL_PRES_STAT,0,1594870233.151598
CYL_PRES_STAT,0,1594870233.2374778
CYL_PRES_STAT,0,1594870233.245493
CYL_PRES_STAT,0,1594870233.25459
CYL_PRES_STAT,0,1594870233.2658901
CYL_PRES_STAT,0,1594870233.278167
CYL_PRES_STAT,0,1594870233.327497
CYL_PRES_STAT,0,1594870233.351902
CYL_PRES_STAT,0,1594870233.360039
CYL_PRES_STAT,0,1594870233.4712632
CYL_PRES_STAT,0,1594870233.5771134
CYL_PRES_STAT,0,1594870233.6099381
CYL_PRES_STAT,0,1594870233.6303492
CYL_PRES_STAT,0,1594870233.638597
CYL_PRES_STAT,0,1594870233.6472168
CYL_PRES_STAT,0,1594870233.6676
CYL_PRES_STAT,0,1594870233.679637
CYL_PRES_STAT,0,1594870233.6882179
CYL_PRES_STAT,0,1594870233.7292569
CYL_PRES_STAT,0,1594870233.876493
CYL_PRES_STAT,0,1594870233.884332
CYL_PRES_STAT,0,1594870233.917139
CYL_PRES_STAT,0,1594870233.92935
CYL_PRES_STAT,0,1594870233.9377642
CYL_PRES_STAT,0,1594870233.9580839
CYL_PRES_STAT,0,1594870233.999011
CYL_PRES_STAT,0,1594870234.00756
CYL_PRES_STAT,0,1594870234.019487
CYL_PRES_STAT,0,1594870234.028069
CYL_PRES_STAT,0,1594870234.060477
CYL_PRES_STAT,0,1594870234.1341279
CYL_PRES_STAT,0,1594870234.16691
CYL_PRES_STAT,0,1594870234.1755114
CYL_PRES_STAT,0,1594870234.1874099
CYL_PRES_STAT,0,1594870234.204378
CYL_PRES_STAT,0,1594870234.2487528
CYL_PRES_STAT,0,1594870234.25757
CYL_PRES_STAT,0,1594870234.269387
CYL_PRES_STAT,0,1594870234.29008
CYL_PRES_STAT,0,1594870234.3103971
CYL_PRES_STAT,0,1594870234.339062
CYL_PRES_STAT,0,1594870234.359551
CYL_PRES_STAT,0,1594870234.371742
CYL_PRES_STAT,0,1594870234.44166
CYL_PRES_STAT,0,1594870234.5150988
CYL_PRES_STAT,0,1594870234.5360682
CYL_PRES_STAT,0,1594870234.556443
CYL_PRES_STAT,0,1594870234.5769289
CYL_PRES_STAT,0,1594870234.589031
CYL_PRES_STAT,0,1594870234.5974538
CYL_PRES_STAT,0,1594870234.638336
CYL_PRES_STAT,0,1594870234.658747
CYL_PRES_STAT,0,1594870234.699698
CYL_PRES_STAT,0,1594870234.7117472
CYL_PRES_STAT,0,1594870234.793675
CYL_PRES_STAT,0,1594870234.826432
CYL_PRES_STAT,0,1594870234.8349726
CYL_PRES_STAT,0,1594870234.8468812
CYL_PRES_STAT,0,1594870234.8672874
CYL_PRES_STAT,0,1594870234.887867
CYL_PRES_STAT,0,1594870234.908339
CYL_PRES_STAT,0,1594870234.9205592
CYL_PRES_STAT,0,1594870234.929054
CYL_PRES_STAT,0,1594870234.9698222
CYL_PRES_STAT,0,1594870235.0927482
CYL_PRES_STAT,0,1594870235.113149
CYL_PRES_STAT,0,1594870235.155038
CYL_PRES_STAT,0,1594870235.166372
CYL_PRES_STAT,0,1594870235.178708
CYL_PRES_STAT,0,1594870235.199042
CYL_PRES_STAT,0,1594870235.219578
CYL_PRES_STAT,0,1594870235.280947
CYL_PRES_STAT,0,1594870235.301377
CYL_PRES_STAT,0,1594870235.350674
CYL_PRES_STAT,0,1594870235.3833802
CYL_PRES_STAT,0,1594870235.445015
CYL_PRES_STAT,0,1594870235.465357
CYL_PRES_STAT,0,1594870235.4859252
CYL_PRES_STAT,0,1594870235.4979901
CYL_PRES_STAT,0,1594870235.506284
CYL_PRES_STAT,0,1594870235.547256
CYL_PRES_STAT,0,1594870235.5678089
CYL_PRES_STAT,0,1594870235.579967
CYL_PRES_STAT,0,1594870235.588284
CYL_PRES_STAT,0,1594870235.621216
CYL_PRES_STAT,0,1594870235.629524
CYL_PRES_STAT,0,1594870235.756108
CYL_PRES_STAT,0,1594870235.772883
CYL_PRES_STAT,0,1594870235.784797
CYL_PRES_STAT,0,1594870235.805351
CYL_PRES_STAT,0,1594870235.817545
CYL_PRES_STAT,0,1594870235.8260322
CYL_PRES_STAT,0,1594870235.8380532
CYL_PRES_STAT,0,1594870235.8585188
CYL_PRES_STAT,0,1594870235.969594
CYL_PRES_STAT,0,1594870236.075566
CYL_PRES_STAT,0,1594870236.0841038
CYL_PRES_STAT,0,1594870236.1043782
CYL_PRES_STAT,0,1594870236.125173
CYL_PRES_STAT,0,1594870236.239846
CYL_PRES_STAT,0,1594870236.251751
CYL_PRES_STAT,0,1594870236.2926238
CYL_PRES_STAT,0,1594870236.3418329
CYL_PRES_STAT,0,1594870236.403973
CYL_PRES_STAT,0,1594870236.4361432
CYL_PRES_STAT,0,1594870236.4570408
CYL_PRES_STAT,0,1594870236.477361
CYL_PRES_STAT,0,1594870236.497888
CYL_PRES_STAT,0,1594870236.518021
CYL_PRES_STAT,0,1594870236.539196
CYL_PRES_STAT,0,1594870236.571317
CYL_PRES_STAT,0,1594870236.5798762
CYL_PRES_STAT,0,1594870236.661761
CYL_PRES_STAT,0,1594870236.72683
CYL_PRES_STAT,0,1594870236.735541
CYL_PRES_STAT,0,1594870236.7473366
CYL_PRES_STAT,0,1594870236.7555351
CYL_PRES_STAT,0,1594870236.7640939
CYL_PRES_STAT,0,1594870236.8496811
CYL_PRES_STAT,0,1594870236.8665102
CYL_PRES_STAT,0,1594870236.911229
CYL_PRES_STAT,0,1594870236.940476
CYL_PRES_STAT,0,1594870236.9520981
CYL_PRES_STAT,0,1594870236.993094
CYL_PRES_STAT,0,1594870237.017644
CYL_PRES_STAT,0,1594870237.0341172
CYL_PRES_STAT,0,1594870237.0462751
CYL_PRES_STAT,0,1594870237.096092
CYL_PRES_STAT,0,1594870237.1371891
CYL_PRES_STAT,0,1594870237.1609864
CYL_PRES_STAT,0,1594870237.239181
CYL_PRES_STAT,0,1594870237.251111
CYL_PRES_STAT,0,1594870237.304599
CYL_PRES_STAT,0,1594870237.365748
CYL_PRES_STAT,0,1594870237.3863099
CYL_PRES_STAT,0,1594870237.3985028
CYL_PRES_STAT,0,1594870237.47239
CYL_PRES_STAT,0,1594870237.476795
CYL_PRES_STAT,0,1594870237.4887938
CYL_PRES_STAT,0,1594870237.509506
CYL_PRES_STAT,0,1594870237.530011
CYL_PRES_STAT,0,1594870237.6119359
CYL_PRES_STAT,0,1594870237.652879
CYL_PRES_STAT,0,1594870237.6770508
CYL_PRES_STAT,0,1594870237.697461
CYL_PRES_STAT,0,1594870237.738558
CYL_PRES_STAT,0,1594870237.759008
CYL_PRES_STAT,0,1594870237.7794938
CYL_PRES_STAT,0,1594870237.799971
CYL_PRES_STAT,0,1594870237.8122294
CYL_PRES_STAT,0,1594870237.840918
CYL_PRES_STAT,0,1594870237.861512
CYL_PRES_STAT,0,1594870237.9842858
CYL_PRES_STAT,0,1594870238.0049126
CYL_PRES_STAT,0,1594870238.025634
CYL_PRES_STAT,0,1594870238.058083
CYL_PRES_STAT,0,1594870238.0665758
CYL_PRES_STAT,0,1594870238.1077619
CYL_PRES_STAT,0,1594870238.128155
CYL_PRES_STAT,0,1594870238.139891
CYL_PRES_STAT,0,1594870238.148791
CYL_PRES_STAT,0,1594870238.1728508
CYL_PRES_STAT,0,1594870238.324588
CYL_PRES_STAT,0,1594870238.336666
CYL_PRES_STAT,0,1594870238.389765
CYL_PRES_STAT,0,1594870238.4597712
CYL_PRES_STAT,0,1594870238.603125
CYL_PRES_STAT,0,1594870238.6397598
CYL_PRES_STAT,0,1594870238.6683142
CYL_PRES_STAT,0,1594870238.688637
CYL_PRES_STAT,0,1594870238.7091641
CYL_PRES_STAT,0,1594870238.717706
CYL_PRES_STAT,0,1594870238.770622
CYL_PRES_STAT,0,1594870238.791154
CYL_PRES_STAT,0,1594870238.799792
CYL_PRES_STAT,0,1594870238.9144518
CYL_PRES_STAT,0,1594870238.934622
CYL_PRES_STAT,0,1594870238.9555056
CYL_PRES_STAT,0,1594870238.967253
CYL_PRES_STAT,0,1594870238.975774
CYL_PRES_STAT,0,1594870239.0172071
CYL_PRES_STAT,0,1594870239.0375009
CYL_PRES_STAT,0,1594870239.04938
CYL_PRES_STAT,0,1594870239.0614731
CYL_PRES_STAT,0,1594870239.090297
CYL_PRES_STAT,0,1594870239.0989392
CYL_PRES_STAT,0,1594870239.2050078
CYL_PRES_STAT,0,1594870239.2134118
CYL_PRES_STAT,0,1594870239.2252731
CYL_PRES_STAT,0,1594870239.286883
CYL_PRES_STAT,0,1594870239.2991269
CYL_PRES_STAT,0,1594870239.307717
CYL_PRES_STAT,0,1594870239.315851
CYL_PRES_STAT,0,1594870239.3277519
CYL_PRES_STAT,0,1594870239.348293
CYL_PRES_STAT,0,1594870239.397759
CYL_PRES_STAT,0,1594870239.409718
CYL_PRES_STAT,0,1594870239.4422774
CYL_PRES_STAT,0,1594870239.471671
CYL_PRES_STAT,0,1594870239.5570788
CYL_PRES_STAT,0,1594870239.56528
CYL_PRES_STAT,0,1594870239.573811
CYL_PRES_STAT,0,1594870239.5979161
CYL_PRES_STAT,0,1594870239.618485
CYL_PRES_STAT,0,1594870239.6594794
CYL_PRES_STAT,0,1594870239.679874
CYL_PRES_STAT,0,1594870239.7004259
CYL_PRES_STAT,0,1594870239.709204
CYL_PRES_STAT,0,1594870239.720931
CYL_PRES_STAT,0,1594870239.7496529
CYL_PRES_STAT,0,1594870239.761908
CYL_PRES_STAT,0,1594870239.8764956
CYL_PRES_STAT,0,1594870239.8848019
CYL_PRES_STAT,0,1594870239.926233
CYL_PRES_STAT,0,1594870239.9502301
CYL_PRES_STAT,0,1594870239.958804
CYL_PRES_STAT,0,1594870239.966812
CYL_PRES_STAT,0,1594870239.9874508
CYL_PRES_STAT,0,1594870240.0081198
CYL_PRES_STAT,0,1594870240.040399
CYL_PRES_STAT,0,1594870240.18376
CYL_PRES_STAT,0,1594870240.195992
CYL_PRES_STAT,0,1594870240.2165
CYL_PRES_STAT,0,1594870240.23699
CYL_PRES_STAT,0,1594870240.257586
CYL_PRES_STAT,0,1594870240.2985668
CYL_PRES_STAT,0,1594870240.318942
CYL_PRES_STAT,0,1594870240.3393948
CYL_PRES_STAT,0,1594870240.359879
CYL_PRES_STAT,0,1594870240.371941
CYL_PRES_STAT,0,1594870240.3804288
CYL_PRES_STAT,0,1594870240.4745471
CYL_PRES_STAT,0,1594870240.544548
CYL_PRES_STAT,0,1594870240.56546
CYL_PRES_STAT,0,1594870240.585424
CYL_PRES_STAT,0,1594870240.606307
CYL_PRES_STAT,0,1594870240.617964
CYL_PRES_STAT,0,1594870240.630146
CYL_PRES_STAT,0,1594870240.6506212
CYL_PRES_STAT,0,1594870240.7823622
CYL_PRES_STAT,0,1594870240.855934
CYL_PRES_STAT,0,1594870240.8677359
CYL_PRES_STAT,0,1594870240.876391
CYL_PRES_STAT,0,1594870240.8968198
CYL_PRES_STAT,0,1594870240.91727
CYL_PRES_STAT,0,1594870240.937995
CYL_PRES_STAT,0,1594870240.9496632
CYL_PRES_STAT,0,1594870240.9584694
CYL_PRES_STAT,0,1594870240.978431
CYL_PRES_STAT,0,1594870241.0607789
CYL_PRES_STAT,0,1594870241.1139998
CYL_PRES_STAT,0,1594870241.146213
CYL_PRES_STAT,0,1594870241.195959
CYL_PRES_STAT,0,1594870241.2077286
CYL_PRES_STAT,0,1594870241.2282722
CYL_PRES_STAT,0,1594870241.248806
CYL_PRES_STAT,0,1594870241.2697618
CYL_PRES_STAT,0,1594870241.2897391
CYL_PRES_STAT,0,1594870241.3185852
CYL_PRES_STAT,0,1594870241.3306088
CYL_PRES_STAT,0,1594870241.3632061
CYL_PRES_STAT,0,1594870241.3715909
CYL_PRES_STAT,0,1594870241.424785
CYL_PRES_STAT,0,1594870241.4574568
CYL_PRES_STAT,0,1594870241.478077
CYL_PRES_STAT,0,1594870241.494928
CYL_PRES_STAT,0,1594870241.518904
CYL_PRES_STAT,0,1594870241.52724
CYL_PRES_STAT,0,1594870241.535661
CYL_PRES_STAT,0,1594870241.5803368
CYL_PRES_STAT,0,1594870241.6008089
CYL_PRES_STAT,0,1594870241.6091552
CYL_PRES_STAT,0,1594870241.650395
CYL_PRES_STAT,0,1594870241.662318
CYL_PRES_STAT,0,1594870241.744611
CYL_PRES_STAT,0,1594870241.765215
CYL_PRES_STAT,0,1594870241.785694
CYL_PRES_STAT,0,1594870241.846726
CYL_PRES_STAT,0,1594870241.858923
CYL_PRES_STAT,0,1594870241.867483
CYL_PRES_STAT,0,1594870242.0144472
CYL_PRES_STAT,0,1594870242.0554292
CYL_PRES_STAT,0,1594870242.0964231
CYL_PRES_STAT,0,1594870242.105089
CYL_PRES_STAT,0,1594870242.117001
CYL_PRES_STAT,0,1594870242.158002
CYL_PRES_STAT,0,1594870242.1789188
CYL_PRES_STAT,0,1594870242.219397
CYL_PRES_STAT,0,1594870242.3551614
CYL_PRES_STAT,0,1594870242.366816
CYL_PRES_STAT,0,1594870242.38749
CYL_PRES_STAT,0,1594870242.3954608
CYL_PRES_STAT,0,1594870242.407649
CYL_PRES_STAT,0,1594870242.428262
CYL_PRES_STAT,0,1594870242.436468
CYL_PRES_STAT,0,1594870242.4488142
CYL_PRES_STAT,0,1594870242.469862
CYL_PRES_STAT,0,1594870242.4775221
CYL_PRES_STAT,0,1594870242.4896462
CYL_PRES_STAT,0,1594870242.51009
CYL_PRES_STAT,0,1594870242.559691
CYL_PRES_STAT,0,1594870242.584074
CYL_PRES_STAT,0,1594870242.654176
CYL_PRES_STAT,0,1594870242.6744616
CYL_PRES_STAT,0,1594870242.686283
CYL_PRES_STAT,0,1594870242.7361548
CYL_PRES_STAT,0,1594870242.759923
CYL_PRES_STAT,0,1594870242.7682626
CYL_PRES_STAT,0,1594870242.7804556
CYL_PRES_STAT,0,1594870242.800983
CYL_PRES_STAT,0,1594870242.862272
CYL_PRES_STAT,0,1594870242.9406471
CYL_PRES_STAT,0,1594870243.0057962
CYL_PRES_STAT,0,1594870243.018003
CYL_PRES_STAT,0,1594870243.0266669
CYL_PRES_STAT,0,1594870243.046973
CYL_PRES_STAT,0,1594870243.0674539
CYL_PRES_STAT,0,1594870243.1085384
CYL_PRES_STAT,0,1594870243.129045
CYL_PRES_STAT,0,1594870243.140765
CYL_PRES_STAT,0,1594870243.161366
CYL_PRES_STAT,0,1594870243.255556
CYL_PRES_STAT,0,1594870243.263903
CYL_PRES_STAT,0,1594870243.2760448
CYL_PRES_STAT,0,1594870243.2965631
CYL_PRES_STAT,0,1594870243.317041
CYL_PRES_STAT,0,1594870243.3373652
CYL_PRES_STAT,0,1594870243.3579528
CYL_PRES_STAT,0,1594870243.378434
CYL_PRES_STAT,0,1594870243.399064
CYL_PRES_STAT,0,1594870243.431715
CYL_PRES_STAT,0,1594870243.4399738
CYL_PRES_STAT,0,1594870243.563112
CYL_PRES_STAT,0,1594870243.5750449
CYL_PRES_STAT,0,1594870243.607954
CYL_PRES_STAT,0,1594870243.628233
CYL_PRES_STAT,0,1594870243.648881
CYL_PRES_STAT,0,1594870243.669417
CYL_PRES_STAT,0,1594870243.6980462
CYL_PRES_STAT,0,1594870243.751171
CYL_PRES_STAT,0,1594870243.759678
CYL_PRES_STAT,0,1594870243.7716641
CYL_PRES_STAT,0,1594870243.8332698
CYL_PRES_STAT,0,1594870243.874475
CYL_PRES_STAT,0,1594870243.8986812
CYL_PRES_STAT,0,1594870243.90322
CYL_PRES_STAT,0,1594870243.918996
CYL_PRES_STAT,0,1594870243.9397461
CYL_PRES_STAT,0,1594870243.988915
CYL_PRES_STAT,0,1594870243.9972901
CYL_PRES_STAT,0,1594870244.017804
CYL_PRES_STAT,0,1594870244.0419366
CYL_PRES_STAT,0,1594870244.1649199
CYL_PRES_STAT,0,1594870244.17705
CYL_PRES_STAT,0,1594870244.1857429
CYL_PRES_STAT,0,1594870244.206176
CYL_PRES_STAT,0,1594870244.2468126
CYL_PRES_STAT,0,1594870244.2590232
CYL_PRES_STAT,0,1594870244.267648
CYL_PRES_STAT,0,1594870244.296299
CYL_PRES_STAT,0,1594870244.312212
CYL_PRES_STAT,0,1594870244.3203454
CYL_PRES_STAT,0,1594870244.328768
CYL_PRES_STAT,0,1594870244.340935
CYL_PRES_STAT,0,1594870244.370262
CYL_PRES_STAT,0,1594870244.472567
CYL_PRES_STAT,0,1594870244.4966722
CYL_PRES_STAT,0,1594870244.5052748
CYL_PRES_STAT,0,1594870244.517215
CYL_PRES_STAT,0,1594870244.5253034
CYL_PRES_STAT,0,1594870244.537673
CYL_PRES_STAT,0,1594870244.619493
CYL_PRES_STAT,0,1594870244.640126
CYL_PRES_STAT,0,1594870244.689494
CYL_PRES_STAT,0,1594870244.783901
CYL_PRES_STAT,0,1594870244.804041
CYL_PRES_STAT,0,1594870244.8283029
CYL_PRES_STAT,0,1594870244.8366258
CYL_PRES_STAT,0,1594870244.845401
CYL_PRES_STAT,0,1594870244.889926
CYL_PRES_STAT,0,1594870244.9102466
CYL_PRES_STAT,0,1594870244.918886
CYL_PRES_STAT,0,1594870244.959651
CYL_PRES_STAT,0,1594870244.97194
CYL_PRES_STAT,0,1594870245.0741448
CYL_PRES_STAT,0,1594870245.0830538
CYL_PRES_STAT,0,1594870245.094831
CYL_PRES_STAT,0,1594870245.1442614
CYL_PRES_STAT,0,1594870245.168652
CYL_PRES_STAT,0,1594870245.1974888
CYL_PRES_STAT,0,1594870245.2178614
CYL_PRES_STAT,0,1594870245.2624488
CYL_PRES_STAT,0,1594870245.4182134
CYL_PRES_STAT,0,1594870245.426739
CYL_PRES_STAT,0,1594870245.435075
CYL_PRES_STAT,0,1594870245.4467998
CYL_PRES_STAT,0,1594870245.4673886
CYL_PRES_STAT,0,1594870245.487873
CYL_PRES_STAT,0,1594870245.508739
CYL_PRES_STAT,0,1594870245.528777
CYL_PRES_STAT,0,1594870245.549365
CYL_PRES_STAT,0,1594870245.569717
CYL_PRES_STAT,0,1594870245.582096
CYL_PRES_STAT,0,1594870245.5910454
CYL_PRES_STAT,0,1594870245.6761448
CYL_PRES_STAT,0,1594870245.6967561
CYL_PRES_STAT,0,1594870245.7253711
CYL_PRES_STAT,0,1594870245.7991529
CYL_PRES_STAT,0,1594870245.8073099
CYL_PRES_STAT,0,1594870245.819818
CYL_PRES_STAT,0,1594870245.8283432
CYL_PRES_STAT,0,1594870245.8402462
CYL_PRES_STAT,0,1594870245.9304721
CYL_PRES_STAT,0,1594870245.96309
CYL_PRES_STAT,0,1594870245.9837482
CYL_PRES_STAT,0,1594870246.016247
CYL_PRES_STAT,0,1594870246.0247009
CYL_PRES_STAT,0,1594870246.045275
CYL_PRES_STAT,0,1594870246.069484
CYL_PRES_STAT,0,1594870246.110512
CYL_PRES_STAT,0,1594870246.1513002
CYL_PRES_STAT,0,1594870246.1595662
CYL_PRES_STAT,0,1594870246.1716368
CYL_PRES_STAT,0,1594870246.294719
CYL_PRES_STAT,0,1594870246.315247
CYL_PRES_STAT,0,1594870246.32739
CYL_PRES_STAT,0,1594870246.3561401
CYL_PRES_STAT,0,1594870246.365001
CYL_PRES_STAT,0,1594870246.3975232
CYL_PRES_STAT,0,1594870246.4092624
CYL_PRES_STAT,0,1594870246.417983
CYL_PRES_STAT,0,1594870246.4386349
CYL_PRES_STAT,0,1594870246.470977
CYL_PRES_STAT,0,1594870246.479462
CYL_PRES_STAT,0,1594870246.4912732
CYL_PRES_STAT,0,1594870246.6059382
CYL_PRES_STAT,0,1594870246.626307
CYL_PRES_STAT,0,1594870246.646984
CYL_PRES_STAT,0,1594870246.6591704
CYL_PRES_STAT,0,1594870246.667819
CYL_PRES_STAT,0,1594870246.67595
CYL_PRES_STAT,0,1594870246.6880438
CYL_PRES_STAT,0,1594870246.708384
CYL_PRES_STAT,0,1594870246.728961
CYL_PRES_STAT,0,1594870246.741034
CYL_PRES_STAT,0,1594870246.778558
CYL_PRES_STAT,0,1594870246.790354
CYL_PRES_STAT,0,1594870246.810816
CYL_PRES_STAT,0,1594870246.913515
CYL_PRES_STAT,0,1594870246.966462
CYL_PRES_STAT,0,1594870246.9752061
CYL_PRES_STAT,0,1594870246.9869368
CYL_PRES_STAT,0,1594870246.9955034
CYL_PRES_STAT,0,1594870247.0688262
CYL_PRES_STAT,0,1594870247.183449
CYL_PRES_STAT,0,1594870247.204065
CYL_PRES_STAT,0,1594870247.224934
CYL_PRES_STAT,0,1594870247.2367182
CYL_PRES_STAT,0,1594870247.245367
CYL_PRES_STAT,0,1594870247.2571242
CYL_PRES_STAT,0,1594870247.2862668
CYL_PRES_STAT,0,1594870247.3069391
CYL_PRES_STAT,0,1594870247.3188634
CYL_PRES_STAT,0,1594870247.330818
CYL_PRES_STAT,0,1594870247.351375
CYL_PRES_STAT,0,1594870247.3717408
CYL_PRES_STAT,0,1594870247.421066
CYL_PRES_STAT,0,1594870247.4947786
CYL_PRES_STAT,0,1594870247.535765
CYL_PRES_STAT,0,1594870247.556276
CYL_PRES_STAT,0,1594870247.5649018
CYL_PRES_STAT,0,1594870247.576684
CYL_PRES_STAT,0,1594870247.597179
CYL_PRES_STAT,0,1594870247.617716
CYL_PRES_STAT,0,1594870247.626246
CYL_PRES_STAT,0,1594870247.659062
CYL_PRES_STAT,0,1594870247.679462
CYL_PRES_STAT,0,1594870247.699658
CYL_PRES_STAT,0,1594870247.711806
CYL_PRES_STAT,0,1594870247.732522
CYL_PRES_STAT,0,1594870247.773401
CYL_PRES_STAT,0,1594870247.8265634
CYL_PRES_STAT,0,1594870247.847007
CYL_PRES_STAT,0,1594870247.867557
CYL_PRES_STAT,0,1594870247.928899
CYL_PRES_STAT,0,1594870247.9494872
CYL_PRES_STAT,0,1594870247.9580462
CYL_PRES_STAT,0,1594870247.969792
CYL_PRES_STAT,0,1594870247.978534
CYL_PRES_STAT,0,1594870247.990342
CYL_PRES_STAT,0,1594870248.1048698
CYL_PRES_STAT,0,1594870248.1135528
CYL_PRES_STAT,0,1594870248.13396
CYL_PRES_STAT,0,1594870248.1751509
CYL_PRES_STAT,0,1594870248.195743
CYL_PRES_STAT,0,1594870248.219761
CYL_PRES_STAT,0,1594870248.228312
CYL_PRES_STAT,0,1594870248.240222
CYL_PRES_STAT,0,1594870248.269067
CYL_PRES_STAT,0,1594870248.318465
CYL_PRES_STAT,0,1594870248.330313
CYL_PRES_STAT,0,1594870248.383649
CYL_PRES_STAT,0,1594870248.425
CYL_PRES_STAT,0,1594870248.4450731
CYL_PRES_STAT,0,1594870248.465569
CYL_PRES_STAT,0,1594870248.4778206
CYL_PRES_STAT,0,1594870248.486619
CYL_PRES_STAT,0,1594870248.506485
CYL_PRES_STAT,0,1594870248.547942
CYL_PRES_STAT,0,1594870248.5596461
CYL_PRES_STAT,0,1594870248.568314
CYL_PRES_STAT,0,1594870248.6006954
CYL_PRES_STAT,0,1594870248.609328
CYL_PRES_STAT,0,1594870248.7029738
CYL_PRES_STAT,0,1594870248.7153811
CYL_PRES_STAT,0,1594870248.7241619
CYL_PRES_STAT,0,1594870248.7358286
CYL_PRES_STAT,0,1594870248.756325
CYL_PRES_STAT,0,1594870248.797192
CYL_PRES_STAT,0,1594870248.809429
CYL_PRES_STAT,0,1594870248.8177571
CYL_PRES_STAT,0,1594870248.838434
CYL_PRES_STAT,0,1594870248.85912
CYL_PRES_STAT,0,1594870248.879515
CYL_PRES_STAT,0,1594870248.908402
CYL_PRES_STAT,0,1594870248.9201038
CYL_PRES_STAT,0,1594870249.022896
CYL_PRES_STAT,0,1594870249.0554788
CYL_PRES_STAT,0,1594870249.0640109
CYL_PRES_STAT,0,1594870249.116697
CYL_PRES_STAT,0,1594870249.128897
CYL_PRES_STAT,0,1594870249.1374679
CYL_PRES_STAT,0,1594870249.1493769
CYL_PRES_STAT,0,1594870249.2194932
CYL_PRES_STAT,0,1594870249.231328
CYL_PRES_STAT,0,1594870249.260475
CYL_PRES_STAT,0,1594870249.358293
CYL_PRES_STAT,0,1594870249.3751712
CYL_PRES_STAT,0,1594870249.387291
CYL_PRES_STAT,0,1594870249.3954551
CYL_PRES_STAT,0,1594870249.436484
CYL_PRES_STAT,0,1594870249.46073
CYL_PRES_STAT,0,1594870249.468992
CYL_PRES_STAT,0,1594870249.481282
CYL_PRES_STAT,0,1594870249.6125698
CYL_PRES_STAT,0,1594870249.624521
CYL_PRES_STAT,0,1594870249.633114
CYL_PRES_STAT,0,1594870249.645128
CYL_PRES_STAT,0,1594870249.686074
CYL_PRES_STAT,0,1594870249.7064679
CYL_PRES_STAT,0,1594870249.718695
CYL_PRES_STAT,0,1594870249.727365
CYL_PRES_STAT,0,1594870249.747974
CYL_PRES_STAT,0,1594870249.768567
CYL_PRES_STAT,0,1594870249.809382
CYL_PRES_STAT,0,1594870249.956344
CYL_PRES_STAT,0,1594870249.9767652
CYL_PRES_STAT,0,1594870249.997382
CYL_PRES_STAT,0,1594870250.018157
CYL_PRES_STAT,0,1594870250.026558
CYL_PRES_STAT,0,1594870250.079123
CYL_PRES_STAT,0,1594870250.1000009
CYL_PRES_STAT,0,1594870250.173295
CYL_PRES_STAT,0,1594870250.182197
CYL_PRES_STAT,0,1594870250.2470849
CYL_PRES_STAT,0,1594870250.267576
CYL_PRES_STAT,0,1594870250.2880874
CYL_PRES_STAT,0,1594870250.296444
CYL_PRES_STAT,0,1594870250.325491
CYL_PRES_STAT,0,1594870250.34955
CYL_PRES_STAT,0,1594870250.382221
CYL_PRES_STAT,0,1594870250.3988118
CYL_PRES_STAT,0,1594870250.410923
CYL_PRES_STAT,0,1594870250.472252
CYL_PRES_STAT,0,1594870250.533865
CYL_PRES_STAT,0,1594870250.574852
CYL_PRES_STAT,0,1594870250.595553
CYL_PRES_STAT,0,1594870250.6163454
CYL_PRES_STAT,0,1594870250.6281278
CYL_PRES_STAT,0,1594870250.6402779
CYL_PRES_STAT,0,1594870250.718595
CYL_PRES_STAT,0,1594870250.7388911
CYL_PRES_STAT,0,1594870250.792264
CYL_PRES_STAT,0,1594870250.8043392
CYL_PRES_STAT,0,1594870250.812442
CYL_PRES_STAT,0,1594870250.845108
CYL_PRES_STAT,0,1594870250.8657112
CYL_PRES_STAT,0,1594870250.874162
CYL_PRES_STAT,0,1594870250.8861349
CYL_PRES_STAT,0,1594870250.906661
CYL_PRES_STAT,0,1594870250.915448
CYL_PRES_STAT,0,1594870250.948132
CYL_PRES_STAT,0,1594870250.959795
CYL_PRES_STAT,0,1594870250.9680364
CYL_PRES_STAT,0,1594870251.0504801
CYL_PRES_STAT,0,1594870251.176859
CYL_PRES_STAT,0,1594870251.209535
CYL_PRES_STAT,0,1594870251.217819
CYL_PRES_STAT,0,1594870251.2381818
CYL_PRES_STAT,0,1594870251.340766
CYL_PRES_STAT,0,1594870251.4349241
CYL_PRES_STAT,0,1594870251.455864
CYL_PRES_STAT,0,1594870251.464008
CYL_PRES_STAT,0,1594870251.484451
CYL_PRES_STAT,0,1594870251.508567
CYL_PRES_STAT,0,1594870251.5290382
CYL_PRES_STAT,0,1594870251.537313
CYL_PRES_STAT,0,1594870251.5495944
CYL_PRES_STAT,0,1594870251.6110759
CYL_PRES_STAT,0,1594870251.6193411
CYL_PRES_STAT,0,1594870251.652152
CYL_PRES_STAT,0,1594870251.742568
CYL_PRES_STAT,0,1594870251.754517
CYL_PRES_STAT,0,1594870251.775116
CYL_PRES_STAT,0,1594870251.787165
CYL_PRES_STAT,0,1594870251.795752
CYL_PRES_STAT,0,1594870251.836818
CYL_PRES_STAT,0,1594870251.8568769
CYL_PRES_STAT,0,1594870251.869228
CYL_PRES_STAT,0,1594870251.877805
CYL_PRES_STAT,0,1594870251.898408
CYL_PRES_STAT,0,1594870252.045108
CYL_PRES_STAT,0,1594870252.1066868
CYL_PRES_STAT,0,1594870252.118832
CYL_PRES_STAT,0,1594870252.1762726
CYL_PRES_STAT,0,1594870252.356479
CYL_PRES_STAT,0,1594870252.397417
CYL_PRES_STAT,0,1594870252.41789
CYL_PRES_STAT,0,1594870252.4383204
CYL_PRES_STAT,0,1594870252.4794312
CYL_PRES_STAT,0,1594870252.4999008
CYL_PRES_STAT,0,1594870252.549581
CYL_PRES_STAT,0,1594870252.561391
CYL_PRES_STAT,0,1594870252.6022902
CYL_PRES_STAT,0,1594870252.664052
CYL_PRES_STAT,0,1594870252.7255359
CYL_PRES_STAT,0,1594870252.790584
CYL_PRES_STAT,0,1594870252.81115
CYL_PRES_STAT,0,1594870252.852088
CYL_PRES_STAT,0,1594870252.9015882
CYL_PRES_STAT,0,1594870252.9750102
CYL_PRES_STAT,0,1594870252.9954689
CYL_PRES_STAT,0,1594870253.016573
CYL_PRES_STAT,0,1594870253.036893
CYL_PRES_STAT,0,1594870253.057395
CYL_PRES_STAT,0,1594870253.098481
CYL_PRES_STAT,0,1594870253.1101131
CYL_PRES_STAT,0,1594870253.118758
CYL_PRES_STAT,0,1594870253.1393018
CYL_PRES_STAT,0,1594870253.232991
CYL_PRES_STAT,0,1594870253.274318
CYL_PRES_STAT,0,1594870253.286176
CYL_PRES_STAT,0,1594870253.359885
CYL_PRES_STAT,0,1594870253.388746
CYL_PRES_STAT,0,1594870253.4092412
CYL_PRES_STAT,0,1594870253.429999
CYL_PRES_STAT,0,1594870253.4706821
CYL_PRES_STAT,0,1594870253.4827678
CYL_PRES_STAT,0,1594870253.544252
CYL_PRES_STAT,0,1594870253.573474
CYL_PRES_STAT,0,1594870253.61445
CYL_PRES_STAT,0,1594870253.638431
CYL_PRES_STAT,0,1594870253.658996
CYL_PRES_STAT,0,1594870253.679466
CYL_PRES_STAT,0,1594870253.691646
CYL_PRES_STAT,0,1594870253.6963332
CYL_PRES_STAT,0,1594870253.740803
CYL_PRES_STAT,0,1594870253.770057
CYL_PRES_STAT,0,1594870253.790558
CYL_PRES_STAT,0,1594870253.8315089
CYL_PRES_STAT,0,1594870253.913419
CYL_PRES_STAT,0,1594870253.937546
CYL_PRES_STAT,0,1594870253.9496992
CYL_PRES_STAT,0,1594870253.9869661
CYL_PRES_STAT,0,1594870254.007519
CYL_PRES_STAT,0,1594870254.019753
CYL_PRES_STAT,0,1594870254.0399039
CYL_PRES_STAT,0,1594870254.0691774
CYL_PRES_STAT,0,1594870254.1218188
CYL_PRES_STAT,0,1594870254.1340008
CYL_PRES_STAT,0,1594870254.175064
CYL_PRES_STAT,0,1594870254.195608
CYL_PRES_STAT,0,1594870254.2159991
CYL_PRES_STAT,0,1594870254.25695
CYL_PRES_STAT,0,1594870254.2656882
CYL_PRES_STAT,0,1594870254.27755
CYL_PRES_STAT,0,1594870254.2985759
CYL_PRES_STAT,0,1594870254.318934
CYL_PRES_STAT,0,1594870254.359473
CYL_PRES_STAT,0,1594870254.5153332
CYL_PRES_STAT,0,1594870254.52731
CYL_PRES_STAT,0,1594870254.5478568
CYL_PRES_STAT,0,1594870254.568657
CYL_PRES_STAT,0,1594870254.588578
CYL_PRES_STAT,0,1594870254.6296391
CYL_PRES_STAT,0,1594870254.650073
CYL_PRES_STAT,0,1594870254.6588109
CYL_PRES_STAT,0,1594870254.670508
CYL_PRES_STAT,0,1594870254.691186
CYL_PRES_STAT,0,1594870254.777059
CYL_PRES_STAT,0,1594870254.785258
CYL_PRES_STAT,0,1594870254.7975512
CYL_PRES_STAT,0,1594870254.818254
CYL_PRES_STAT,0,1594870254.826217
CYL_PRES_STAT,0,1594870254.8347874
CYL_PRES_STAT,0,1594870254.879503
CYL_PRES_STAT,0,1594870254.8999119
CYL_PRES_STAT,0,1594870254.9204466
CYL_PRES_STAT,0,1594870254.9291348
CYL_PRES_STAT,0,1594870254.969697
CYL_PRES_STAT,0,1594870254.981868
CYL_PRES_STAT,0,1594870255.0964534
CYL_PRES_STAT,0,1594870255.104769
CYL_PRES_STAT,0,1594870255.125726
CYL_PRES_STAT,0,1594870255.1460226
CYL_PRES_STAT,0,1594870255.1668131
CYL_PRES_STAT,0,1594870255.1784806
CYL_PRES_STAT,0,1594870255.2076788
CYL_PRES_STAT,0,1594870255.34238
CYL_PRES_STAT,0,1594870255.383541
CYL_PRES_STAT,0,1594870255.4247649
CYL_PRES_STAT,0,1594870255.436588
CYL_PRES_STAT,0,1594870255.457
CYL_PRES_STAT,0,1594870255.477537
CYL_PRES_STAT,0,1594870255.506801
CYL_PRES_STAT,0,1594870255.5184538
CYL_PRES_STAT,0,1594870255.5388381
CYL_PRES_STAT,0,1594870255.547599
CYL_PRES_STAT,0,1594870255.63307
CYL_PRES_STAT,0,1594870255.6945338
CYL_PRES_STAT,0,1594870255.703176
CYL_PRES_STAT,0,1594870255.756027
CYL_PRES_STAT,0,1594870255.768255
CYL_PRES_STAT,0,1594870255.7886796
CYL_PRES_STAT,0,1594870255.8093526
CYL_PRES_STAT,0,1594870255.830056
CYL_PRES_STAT,0,1594870255.850446
CYL_PRES_STAT,0,1594870255.879175
CYL_PRES_STAT,0,1594870255.8911202
CYL_PRES_STAT,0,1594870255.920233
CYL_PRES_STAT,0,1594870255.985234
CYL_PRES_STAT,0,1594870256.014233
CYL_PRES_STAT,0,1594870256.034858
CYL_PRES_STAT,0,1594870256.059062
CYL_PRES_STAT,0,1594870256.0882726
CYL_PRES_STAT,0,1594870256.096361
CYL_PRES_STAT,0,1594870256.1409762
CYL_PRES_STAT,0,1594870256.1615212
CYL_PRES_STAT,0,1594870256.169636
CYL_PRES_STAT,0,1594870256.1784034
CYL_PRES_STAT,0,1594870256.190075
CYL_PRES_STAT,0,1594870256.325383
CYL_PRES_STAT,0,1594870256.3458726
CYL_PRES_STAT,0,1594870256.3663
CYL_PRES_STAT,0,1594870256.407249
CYL_PRES_STAT,0,1594870256.427766
CYL_PRES_STAT,0,1594870256.46062
CYL_PRES_STAT,0,1594870256.469152
CYL_PRES_STAT,0,1594870256.571344
CYL_PRES_STAT,0,1594870256.595561
CYL_PRES_STAT,0,1594870256.657038
CYL_PRES_STAT,0,1594870256.666146
CYL_PRES_STAT,0,1594870256.698755
CYL_PRES_STAT,0,1594870256.7068534
CYL_PRES_STAT,0,1594870256.719312
CYL_PRES_STAT,0,1594870256.727073
CYL_PRES_STAT,0,1594870256.7390466
CYL_PRES_STAT,0,1594870256.7475278
CYL_PRES_STAT,0,1594870256.768193
CYL_PRES_STAT,0,1594870256.779969
CYL_PRES_STAT,0,1594870256.8621962
CYL_PRES_STAT,0,1594870256.915735
CYL_PRES_STAT,0,1594870256.927422
CYL_PRES_STAT,0,1594870256.947867
CYL_PRES_STAT,0,1594870256.968402
CYL_PRES_STAT,0,1594870256.97657
CYL_PRES_STAT,0,1594870256.985127
CYL_PRES_STAT,0,1594870257.017638
CYL_PRES_STAT,0,1594870257.029883
CYL_PRES_STAT,0,1594870257.038105
CYL_PRES_STAT,0,1594870257.0466392
CYL_PRES_STAT,0,1594870257.070749
CYL_PRES_STAT,0,1594870257.120563
CYL_PRES_STAT,0,1594870257.132406
CYL_PRES_STAT,0,1594870257.181928
CYL_PRES_STAT,0,1594870257.214108
CYL_PRES_STAT,0,1594870257.2346966
CYL_PRES_STAT,0,1594870257.246753
CYL_PRES_STAT,0,1594870257.267431
CYL_PRES_STAT,0,1594870257.2961302
CYL_PRES_STAT,0,1594870257.31717
CYL_PRES_STAT,0,1594870257.3287911
CYL_PRES_STAT,0,1594870257.341012
CYL_PRES_STAT,0,1594870257.390226
CYL_PRES_STAT,0,1594870257.3993118
CYL_PRES_STAT,0,1594870257.4312909
CYL_PRES_STAT,0,1594870257.493257
CYL_PRES_STAT,0,1594870257.545838
CYL_PRES_STAT,0,1594870257.5663881
CYL_PRES_STAT,0,1594870257.587208
CYL_PRES_STAT,0,1594870257.607286
CYL_PRES_STAT,0,1594870257.660511
CYL_PRES_STAT,0,1594870257.668719
CYL_PRES_STAT,0,1594870257.689986
CYL_PRES_STAT,0,1594870257.792141
CYL_PRES_STAT,0,1594870257.816285
CYL_PRES_STAT,0,1594870257.824907
CYL_PRES_STAT,0,1594870257.836734
CYL_PRES_STAT,0,1594870257.8570971
CYL_PRES_STAT,0,1594870257.877578
CYL_PRES_STAT,0,1594870257.8858829
CYL_PRES_STAT,0,1594870257.910385
CYL_PRES_STAT,0,1594870257.9191208
CYL_PRES_STAT,0,1594870257.926824
CYL_PRES_STAT,0,1594870257.935452
CYL_PRES_STAT,0,1594870257.959599
CYL_PRES_STAT,0,1594870258.127502
CYL_PRES_STAT,0,1594870258.1648462
CYL_PRES_STAT,0,1594870258.188928
CYL_PRES_STAT,0,1594870258.209326
CYL_PRES_STAT,0,1594870258.229834
CYL_PRES_STAT,0,1594870258.238455
CYL_PRES_STAT,0,1594870258.2503624
CYL_PRES_STAT,0,1594870258.267128
CYL_PRES_STAT,0,1594870258.291286
CYL_PRES_STAT,0,1594870258.3612714
CYL_PRES_STAT,0,1594870258.434698
CYL_PRES_STAT,0,1594870258.455258
CYL_PRES_STAT,0,1594870258.496448
CYL_PRES_STAT,0,1594870258.517056
CYL_PRES_STAT,0,1594870258.5698118
CYL_PRES_STAT,0,1594870258.578402
CYL_PRES_STAT,0,1594870258.6107528
CYL_PRES_STAT,0,1594870258.6193988
CYL_PRES_STAT,0,1594870258.705128
CYL_PRES_STAT,0,1594870258.7260108
CYL_PRES_STAT,0,1594870258.7336972
CYL_PRES_STAT,0,1594870258.7459161
CYL_PRES_STAT,0,1594870258.7664962
CYL_PRES_STAT,0,1594870258.807383
CYL_PRES_STAT,0,1594870258.8160632
CYL_PRES_STAT,0,1594870258.827901
CYL_PRES_STAT,0,1594870258.848542
CYL_PRES_STAT,0,1594870258.8692322
CYL_PRES_STAT,0,1594870258.9219992
CYL_PRES_STAT,0,1594870259.012595
CYL_PRES_STAT,0,1594870259.0571802
CYL_PRES_STAT,0,1594870259.0658536
CYL_PRES_STAT,0,1594870259.098429
CYL_PRES_STAT,0,1594870259.1064491
CYL_PRES_STAT,0,1594870259.2005029
CYL_PRES_STAT,0,1594870259.221302
CYL_PRES_STAT,0,1594870259.344612
CYL_PRES_STAT,0,1594870259.385342
CYL_PRES_STAT,0,1594870259.3971481
CYL_PRES_STAT,0,1594870259.4057848
CYL_PRES_STAT,0,1594870259.4262881
CYL_PRES_STAT,0,1594870259.467126
CYL_PRES_STAT,0,1594870259.4793332
CYL_PRES_STAT,0,1594870259.561329
CYL_PRES_STAT,0,1594870259.6142864
CYL_PRES_STAT,0,1594870259.63474
CYL_PRES_STAT,0,1594870259.6967292
CYL_PRES_STAT,0,1594870259.728959
CYL_PRES_STAT,0,1594870259.7784991
CYL_PRES_STAT,0,1594870259.810899
CYL_PRES_STAT,0,1594870259.819492
CYL_PRES_STAT,0,1594870259.892771
CYL_PRES_STAT,0,1594870259.945952
CYL_PRES_STAT,0,1594870259.9665132
CYL_PRES_STAT,0,1594870259.9870741
CYL_PRES_STAT,0,1594870259.995282
CYL_PRES_STAT,0,1594870260.007434
CYL_PRES_STAT,0,1594870260.0279698
CYL_PRES_STAT,0,1594870260.089422
CYL_PRES_STAT,0,1594870260.109902
CYL_PRES_STAT,0,1594870260.130458
CYL_PRES_STAT,0,1594870260.1835158
CYL_PRES_STAT,0,1594870260.2366989
CYL_PRES_STAT,0,1594870260.257252
CYL_PRES_STAT,0,1594870260.265547
CYL_PRES_STAT,0,1594870260.380317
CYL_PRES_STAT,0,1594870260.400564
CYL_PRES_STAT,0,1594870260.429399
CYL_PRES_STAT,0,1594870260.4415526
CYL_PRES_STAT,0,1594870260.470633
CYL_PRES_STAT,0,1594870260.4824572
CYL_PRES_STAT,0,1594870260.503316
CYL_PRES_STAT,0,1594870260.5323892
CYL_PRES_STAT,0,1594870260.568753
CYL_PRES_STAT,0,1594870260.57315
CYL_PRES_STAT,0,1594870260.585024
CYL_PRES_STAT,0,1594870260.605995
CYL_PRES_STAT,0,1594870260.629945
CYL_PRES_STAT,0,1594870260.638314
CYL_PRES_STAT,0,1594870260.646764
CYL_PRES_STAT,0,1594870260.658664
CYL_PRES_STAT,0,1594870260.708318
CYL_PRES_STAT,0,1594870260.720139
CYL_PRES_STAT,0,1594870260.855426
CYL_PRES_STAT,0,1594870260.8881466
CYL_PRES_STAT,0,1594870260.9583614
CYL_PRES_STAT,0,1594870260.970034
CYL_PRES_STAT,0,1594870260.978528
CYL_PRES_STAT,0,1594870260.999177
CYL_PRES_STAT,0,1594870261.1459806
CYL_PRES_STAT,0,1594870261.166464
CYL_PRES_STAT,0,1594870261.187014
CYL_PRES_STAT,0,1594870261.2076008
CYL_PRES_STAT,0,1594870261.2242439
CYL_PRES_STAT,0,1594870261.248799
CYL_PRES_STAT,0,1594870261.2692971
CYL_PRES_STAT,0,1594870261.289461
CYL_PRES_STAT,0,1594870261.298173
CYL_PRES_STAT,0,1594870261.330503
CYL_PRES_STAT,0,1594870261.3593788
CYL_PRES_STAT,0,1594870261.424511
CYL_PRES_STAT,0,1594870261.465672
CYL_PRES_STAT,0,1594870261.5064518
CYL_PRES_STAT,0,1594870261.5270119
CYL_PRES_STAT,0,1594870261.5355961
CYL_PRES_STAT,0,1594870261.629483
CYL_PRES_STAT,0,1594870261.671072
CYL_PRES_STAT,0,1594870261.765038
CYL_PRES_STAT,0,1594870261.785413
CYL_PRES_STAT,0,1594870261.805556
CYL_PRES_STAT,0,1594870261.8468218
CYL_PRES_STAT,0,1594870261.8673432
CYL_PRES_STAT,0,1594870261.8792374
CYL_PRES_STAT,0,1594870261.891444
CYL_PRES_STAT,0,1594870261.920374
CYL_PRES_STAT,0,1594870261.928776
CYL_PRES_STAT,0,1594870262.0022151
CYL_PRES_STAT,0,1594870262.055361
CYL_PRES_STAT,0,1594870262.0758011
CYL_PRES_STAT,0,1594870262.1168716
CYL_PRES_STAT,0,1594870262.1290188
CYL_PRES_STAT,0,1594870262.137998
CYL_PRES_STAT,0,1594870262.145818
CYL_PRES_STAT,0,1594870262.158276
CYL_PRES_STAT,0,1594870262.1667366
CYL_PRES_STAT,0,1594870262.178293
CYL_PRES_STAT,0,1594870262.2197616
CYL_PRES_STAT,0,1594870262.239845
CYL_PRES_STAT,0,1594870262.24846
CYL_PRES_STAT,0,1594870262.280674
CYL_PRES_STAT,0,1594870262.3542461
CYL_PRES_STAT,0,1594870262.3629706
CYL_PRES_STAT,0,1594870262.386985
CYL_PRES_STAT,0,1594870262.4076269
CYL_PRES_STAT,0,1594870262.424599
CYL_PRES_STAT,0,1594870262.4692106
CYL_PRES_STAT,0,1594870262.477303
CYL_PRES_STAT,0,1594870262.489482
CYL_PRES_STAT,0,1594870262.5099258
CYL_PRES_STAT,0,1594870262.530514
CYL_PRES_STAT,0,1594870262.550913
CYL_PRES_STAT,0,1594870262.694384
CYL_PRES_STAT,0,1594870262.735687
CYL_PRES_STAT,0,1594870262.759758
CYL_PRES_STAT,0,1594870262.78032
CYL_PRES_STAT,0,1594870262.7888222
CYL_PRES_STAT,0,1594870262.7970788
CYL_PRES_STAT,0,1594870262.8175142
CYL_PRES_STAT,0,1594870262.829536
CYL_PRES_STAT,0,1594870262.8382711
CYL_PRES_STAT,0,1594870262.964625
CYL_PRES_STAT,0,1594870262.985091
CYL_PRES_STAT,0,1594870263.005497
CYL_PRES_STAT,0,1594870263.026391
CYL_PRES_STAT,0,1594870263.038496
CYL_PRES_STAT,0,1594870263.046921
CYL_PRES_STAT,0,1594870263.075689
CYL_PRES_STAT,0,1594870263.108361
CYL_PRES_STAT,0,1594870263.12031
CYL_PRES_STAT,0,1594870263.149475
CYL_PRES_STAT,0,1594870263.170065
CYL_PRES_STAT,0,1594870263.2758448
CYL_PRES_STAT,0,1594870263.284503
CYL_PRES_STAT,0,1594870263.2964456
CYL_PRES_STAT,0,1594870263.316848
CYL_PRES_STAT,0,1594870263.357853
CYL_PRES_STAT,0,1594870263.366653
CYL_PRES_STAT,0,1594870263.3782141
CYL_PRES_STAT,0,1594870263.3989508
CYL_PRES_STAT,0,1594870263.4074788
CYL_PRES_STAT,0,1594870263.419431
CYL_PRES_STAT,0,1594870263.439764
CYL_PRES_STAT,0,1594870263.451992
CYL_PRES_STAT,0,1594870263.563067
CYL_PRES_STAT,0,1594870263.6164598
CYL_PRES_STAT,0,1594870263.6363099
CYL_PRES_STAT,0,1594870263.644875
CYL_PRES_STAT,0,1594870263.698526
CYL_PRES_STAT,0,1594870263.7713249
CYL_PRES_STAT,0,1594870263.8124876
CYL_PRES_STAT,0,1594870263.8943892
CYL_PRES_STAT,0,1594870263.9150288
CYL_PRES_STAT,0,1594870263.935643
CYL_PRES_STAT,0,1594870263.9476528
CYL_PRES_STAT,0,1594870263.956615
CYL_PRES_STAT,0,1594870263.968035
CYL_PRES_STAT,0,1594870263.9974382
CYL_PRES_STAT,0,1594870264.017667
CYL_PRES_STAT,0,1594870264.0295858
CYL_PRES_STAT,0,1594870264.04181
CYL_PRES_STAT,0,1594870264.14062
CYL_PRES_STAT,0,1594870264.185793
CYL_PRES_STAT,0,1594870264.1974046
CYL_PRES_STAT,0,1594870264.2055562
CYL_PRES_STAT,0,1594870264.2466712
CYL_PRES_STAT,0,1594870264.267067
CYL_PRES_STAT,0,1594870264.2757518
CYL_PRES_STAT,0,1594870264.2877626
CYL_PRES_STAT,0,1594870264.308432
CYL_PRES_STAT,0,1594870264.328833
CYL_PRES_STAT,0,1594870264.3696694
CYL_PRES_STAT,0,1594870264.422815
CYL_PRES_STAT,0,1594870264.492705
CYL_PRES_STAT,0,1594870264.517101
CYL_PRES_STAT,0,1594870264.525586
CYL_PRES_STAT,0,1594870264.5377731
CYL_PRES_STAT,0,1594870264.5579672
CYL_PRES_STAT,0,1594870264.578346
CYL_PRES_STAT,0,1594870264.6193886
CYL_PRES_STAT,0,1594870264.6398668
CYL_PRES_STAT,0,1594870264.6603134
CYL_PRES_STAT,0,1594870264.6690972
CYL_PRES_STAT,0,1594870264.680801
CYL_PRES_STAT,0,1594870264.783185
CYL_PRES_STAT,0,1594870264.804039
CYL_PRES_STAT,0,1594870264.8245811
CYL_PRES_STAT,0,1594870264.886294
CYL_PRES_STAT,0,1594870264.910134
CYL_PRES_STAT,0,1594870264.930565
CYL_PRES_STAT,0,1594870264.9387882
CYL_PRES_STAT,0,1594870264.9512918
CYL_PRES_STAT,0,1594870265.0002868
CYL_PRES_STAT,0,1594870265.0124002
CYL_PRES_STAT,0,1594870265.0206778
CYL_PRES_STAT,0,1594870265.0536056
CYL_PRES_STAT,0,1594870265.0945542
CYL_PRES_STAT,0,1594870265.103039
CYL_PRES_STAT,0,1594870265.1151216
CYL_PRES_STAT,0,1594870265.1357682
CYL_PRES_STAT,0,1594870265.1564422
CYL_PRES_STAT,0,1594870265.180442
CYL_PRES_STAT,0,1594870265.1886802
CYL_PRES_STAT,0,1594870265.19683
CYL_PRES_STAT,0,1594870265.217568
CYL_PRES_STAT,0,1594870265.258635
CYL_PRES_STAT,0,1594870265.270602
CYL_PRES_STAT,0,1594870265.2790358
CYL_PRES_STAT,0,1594870265.332025
CYL_PRES_STAT,0,1594870265.361282
CYL_PRES_STAT,0,1594870265.438499
CYL_PRES_STAT,0,1594870265.446623
CYL_PRES_STAT,0,1594870265.467133
CYL_PRES_STAT,0,1594870265.508181
CYL_PRES_STAT,0,1594870265.5203831
CYL_PRES_STAT,0,1594870265.528553
CYL_PRES_STAT,0,1594870265.549058
CYL_PRES_STAT,0,1594870265.557732
CYL_PRES_STAT,0,1594870265.569603
CYL_PRES_STAT,0,1594870265.766143
CYL_PRES_STAT,0,1594870265.819708
CYL_PRES_STAT,0,1594870265.8276858
CYL_PRES_STAT,0,1594870265.8398342
CYL_PRES_STAT,0,1594870265.8488212
CYL_PRES_STAT,0,1594870265.860435
CYL_PRES_STAT,0,1594870265.983464
CYL_PRES_STAT,0,1594870266.0161312
CYL_PRES_STAT,0,1594870266.0242279
CYL_PRES_STAT,0,1594870266.045331
CYL_PRES_STAT,0,1594870266.0659509
CYL_PRES_STAT,0,1594870266.086112
CYL_PRES_STAT,0,1594870266.0980859
CYL_PRES_STAT,0,1594870266.2091491
CYL_PRES_STAT,0,1594870266.220901
CYL_PRES_STAT,0,1594870266.294618
CYL_PRES_STAT,0,1594870266.3150868
CYL_PRES_STAT,0,1594870266.335638
CYL_PRES_STAT,0,1594870266.3442054
CYL_PRES_STAT,0,1594870266.356045
CYL_PRES_STAT,0,1594870266.364723
CYL_PRES_STAT,0,1594870266.397334
CYL_PRES_STAT,0,1594870266.417376
CYL_PRES_STAT,0,1594870266.429588
CYL_PRES_STAT,0,1594870266.4382124
CYL_PRES_STAT,0,1594870266.458748
CYL_PRES_STAT,0,1594870266.487566
CYL_PRES_STAT,0,1594870266.499407
CYL_PRES_STAT,0,1594870266.5114448
CYL_PRES_STAT,0,1594870266.6671412
CYL_PRES_STAT,0,1594870266.675606
CYL_PRES_STAT,0,1594870266.6877508
CYL_PRES_STAT,0,1594870266.704161
CYL_PRES_STAT,0,1594870266.7285626
CYL_PRES_STAT,0,1594870266.7573726
CYL_PRES_STAT,0,1594870266.766308
CYL_PRES_STAT,0,1594870266.7866626
CYL_PRES_STAT,0,1594870266.827464
CYL_PRES_STAT,0,1594870266.953989
CYL_PRES_STAT,0,1594870266.9744868
CYL_PRES_STAT,0,1594870266.995001
CYL_PRES_STAT,0,1594870267.015527
CYL_PRES_STAT,0,1594870267.056472
CYL_PRES_STAT,0,1594870267.076808
CYL_PRES_STAT,0,1594870267.0979009
CYL_PRES_STAT,0,1594870267.1182349
CYL_PRES_STAT,0,1594870267.211951
CYL_PRES_STAT,0,1594870267.265415
CYL_PRES_STAT,0,1594870267.3061962
CYL_PRES_STAT,0,1594870267.326712
CYL_PRES_STAT,0,1594870267.338975
CYL_PRES_STAT,0,1594870267.3558452
CYL_PRES_STAT,0,1594870267.3676226
CYL_PRES_STAT,0,1594870267.388041
CYL_PRES_STAT,0,1594870267.429524
CYL_PRES_STAT,0,1594870267.4495392
CYL_PRES_STAT,0,1594870267.511494
CYL_PRES_STAT,0,1594870267.531871
CYL_PRES_STAT,0,1594870267.576434
CYL_PRES_STAT,0,1594870267.5850408
CYL_PRES_STAT,0,1594870267.597001
CYL_PRES_STAT,0,1594870267.6174786
CYL_PRES_STAT,0,1594870267.625676
CYL_PRES_STAT,0,1594870267.6377802
CYL_PRES_STAT,0,1594870267.6461198
CYL_PRES_STAT,0,1594870267.658433
CYL_PRES_STAT,0,1594870267.6788108
CYL_PRES_STAT,0,1594870267.69934
CYL_PRES_STAT,0,1594870267.719828
CYL_PRES_STAT,0,1594870267.7403488
CYL_PRES_STAT,0,1594870267.749356
CYL_PRES_STAT,0,1594870267.7608962
CYL_PRES_STAT,0,1594870267.84269
CYL_PRES_STAT,0,1594870267.851579
CYL_PRES_STAT,0,1594870267.8843572
CYL_PRES_STAT,0,1594870267.904934
CYL_PRES_STAT,0,1594870267.936906
CYL_PRES_STAT,0,1594870267.945409
CYL_PRES_STAT,0,1594870267.998996
CYL_PRES_STAT,0,1594870268.1953669
CYL_PRES_STAT,0,1594870268.215631
CYL_PRES_STAT,0,1594870268.256608
CYL_PRES_STAT,0,1594870268.276951
CYL_PRES_STAT,0,1594870268.3181698
CYL_PRES_STAT,0,1594870268.330063
CYL_PRES_STAT,0,1594870268.338783
CYL_PRES_STAT,0,1594870268.3916216
CYL_PRES_STAT,0,1594870268.47345
CYL_PRES_STAT,0,1594870268.485884
CYL_PRES_STAT,0,1594870268.4979992
CYL_PRES_STAT,0,1594870268.5266602
CYL_PRES_STAT,0,1594870268.534919
CYL_PRES_STAT,0,1594870268.5471911
CYL_PRES_STAT,0,1594870268.567752
CYL_PRES_STAT,0,1594870268.5762188
CYL_PRES_STAT,0,1594870268.588117
CYL_PRES_STAT,0,1594870268.6091552
CYL_PRES_STAT,0,1594870268.6172569
CYL_PRES_STAT,0,1594870268.6294386
CYL_PRES_STAT,0,1594870268.649611
CYL_PRES_STAT,0,1594870268.658282
CYL_PRES_STAT,0,1594870268.7316608
CYL_PRES_STAT,0,1594870268.7642632
CYL_PRES_STAT,0,1594870268.772862
CYL_PRES_STAT,0,1594870268.813817
CYL_PRES_STAT,0,1594870268.8381288
CYL_PRES_STAT,0,1594870268.858387
CYL_PRES_STAT,0,1594870268.878862
CYL_PRES_STAT,0,1594870268.899442
CYL_PRES_STAT,0,1594870268.940369
CYL_PRES_STAT,0,1594870269.1247141
CYL_PRES_STAT,0,1594870269.2069259
CYL_PRES_STAT,0,1594870269.2275488
CYL_PRES_STAT,0,1594870269.2394948
CYL_PRES_STAT,0,1594870269.25177
CYL_PRES_STAT,0,1594870269.3955169
CYL_PRES_STAT,0,1594870269.415793
CYL_PRES_STAT,0,1594870269.4241009
CYL_PRES_STAT,0,1594870269.456586
CYL_PRES_STAT,0,1594870269.477378
CYL_PRES_STAT,0,1594870269.4891148
CYL_PRES_STAT,0,1594870269.4983141
CYL_PRES_STAT,0,1594870269.505932
CYL_PRES_STAT,0,1594870269.518023
CYL_PRES_STAT,0,1594870269.5388231
CYL_PRES_STAT,0,1594870269.661624
CYL_PRES_STAT,0,1594870269.7353878
CYL_PRES_STAT,0,1594870269.7677374
CYL_PRES_STAT,0,1594870269.7882268
CYL_PRES_STAT,0,1594870269.829189
CYL_PRES_STAT,0,1594870269.849656
CYL_PRES_STAT,0,1594870269.8701694
CYL_PRES_STAT,0,1594870270.025692
CYL_PRES_STAT,0,1594870270.0343099
CYL_PRES_STAT,0,1594870270.055082
CYL_PRES_STAT,0,1594870270.149013
CYL_PRES_STAT,0,1594870270.160929
CYL_PRES_STAT,0,1594870270.1895769
CYL_PRES_STAT,0,1594870270.271863
CYL_PRES_STAT,0,1594870270.304233
CYL_PRES_STAT,0,1594870270.366348
CYL_PRES_STAT,0,1594870270.386667
CYL_PRES_STAT,0,1594870270.398706
CYL_PRES_STAT,0,1594870270.410731
CYL_PRES_STAT,0,1594870270.4273012
CYL_PRES_STAT,0,1594870270.46875
CYL_PRES_STAT,0,1594870270.4804614
CYL_PRES_STAT,0,1594870270.488939
CYL_PRES_STAT,0,1594870270.50087
CYL_PRES_STAT,0,1594870270.521446
CYL_PRES_STAT,0,1594870270.5949972
CYL_PRES_STAT,0,1594870270.6156714
CYL_PRES_STAT,0,1594870270.636082
CYL_PRES_STAT,0,1594870270.656543
CYL_PRES_STAT,0,1594870270.677027
CYL_PRES_STAT,0,1594870270.6858714
CYL_PRES_STAT,0,1594870270.7179892
CYL_PRES_STAT,0,1594870270.726594
CYL_PRES_STAT,0,1594870270.738365
CYL_PRES_STAT,0,1594870270.758944
CYL_PRES_STAT,0,1594870270.7795358
CYL_PRES_STAT,0,1594870270.9146562
CYL_PRES_STAT,0,1594870270.92331
CYL_PRES_STAT,0,1594870270.943636
CYL_PRES_STAT,0,1594870270.955585
CYL_PRES_STAT,0,1594870270.964452
CYL_PRES_STAT,0,1594870270.976157
CYL_PRES_STAT,0,1594870270.988411
CYL_PRES_STAT,0,1594870271.00877
CYL_PRES_STAT,0,1594870271.029235
CYL_PRES_STAT,0,1594870271.0500648
CYL_PRES_STAT,0,1594870271.070414
CYL_PRES_STAT,0,1594870271.111158
CYL_PRES_STAT,0,1594870271.234426
CYL_PRES_STAT,0,1594870271.2545366
CYL_PRES_STAT,0,1594870271.2753599
CYL_PRES_STAT,0,1594870271.295907
CYL_PRES_STAT,0,1594870271.3078141
CYL_PRES_STAT,0,1594870271.3166149
CYL_PRES_STAT,0,1594870271.3693562
CYL_PRES_STAT,0,1594870271.3779366
CYL_PRES_STAT,0,1594870271.512794
CYL_PRES_STAT,0,1594870271.524808
CYL_PRES_STAT,0,1594870271.545315
CYL_PRES_STAT,0,1594870271.557611
CYL_PRES_STAT,0,1594870271.59507
CYL_PRES_STAT,0,1594870271.607172
CYL_PRES_STAT,0,1594870271.6273699
CYL_PRES_STAT,0,1594870271.639504
CYL_PRES_STAT,0,1594870271.6804268
CYL_PRES_STAT,0,1594870271.689014
CYL_PRES_STAT,0,1594870271.815969
CYL_PRES_STAT,0,1594870271.856617
CYL_PRES_STAT,0,1594870271.877084
CYL_PRES_STAT,0,1594870271.885621
CYL_PRES_STAT,0,1594870271.8976572
CYL_PRES_STAT,0,1594870271.918359
CYL_PRES_STAT,0,1594870271.9385786
CYL_PRES_STAT,0,1594870271.9795034
CYL_PRES_STAT,0,1594870272.135304
CYL_PRES_STAT,0,1594870272.155641
CYL_PRES_STAT,0,1594870272.249728
CYL_PRES_STAT,0,1594870272.2907038
CYL_PRES_STAT,0,1594870272.2993312
CYL_PRES_STAT,0,1594870272.311203
CYL_PRES_STAT,0,1594870272.413726
CYL_PRES_STAT,0,1594870272.434161
CYL_PRES_STAT,0,1594870272.496192
CYL_PRES_STAT,0,1594870272.516434
CYL_PRES_STAT,0,1594870272.5405731
CYL_PRES_STAT,0,1594870272.5493839
CYL_PRES_STAT,0,1594870272.561095
CYL_PRES_STAT,0,1594870272.5779798
CYL_PRES_STAT,0,1594870272.7131774
CYL_PRES_STAT,0,1594870272.7454538
CYL_PRES_STAT,0,1594870272.786803
CYL_PRES_STAT,0,1594870272.7987034
CYL_PRES_STAT,0,1594870272.8067784
CYL_PRES_STAT,0,1594870272.827386
CYL_PRES_STAT,0,1594870272.888841
CYL_PRES_STAT,0,1594870272.909248
CYL_PRES_STAT,0,1594870272.9419801
CYL_PRES_STAT,0,1594870272.950575
CYL_PRES_STAT,0,1594870272.971103
CYL_PRES_STAT,0,1594870273.0363529
CYL_PRES_STAT,0,1594870273.0444832
CYL_PRES_STAT,0,1594870273.056603
CYL_PRES_STAT,0,1594870273.077141
CYL_PRES_STAT,0,1594870273.118284
CYL_PRES_STAT,0,1594870273.13901
CYL_PRES_STAT,0,1594870273.1467688
CYL_PRES_STAT,0,1594870273.159143
CYL_PRES_STAT,0,1594870273.1796482
CYL_PRES_STAT,0,1594870273.3234038
CYL_PRES_STAT,0,1594870273.343495
CYL_PRES_STAT,0,1594870273.376173
CYL_PRES_STAT,0,1594870273.384862
CYL_PRES_STAT,0,1594870273.4088562
CYL_PRES_STAT,0,1594870273.429466
CYL_PRES_STAT,0,1594870273.4375222
CYL_PRES_STAT,0,1594870273.446193
CYL_PRES_STAT,0,1594870273.4580119
CYL_PRES_STAT,0,1594870273.51123
CYL_PRES_STAT,0,1594870273.6343338
CYL_PRES_STAT,0,1594870273.6550589
CYL_PRES_STAT,0,1594870273.6751769
CYL_PRES_STAT,0,1594870273.696033
CYL_PRES_STAT,0,1594870273.707952
CYL_PRES_STAT,0,1594870273.716459
CYL_PRES_STAT,0,1594870273.757062
CYL_PRES_STAT,0,1594870273.777656
CYL_PRES_STAT,0,1594870273.789797
CYL_PRES_STAT,0,1594870273.830828
CYL_PRES_STAT,0,1594870273.884098
CYL_PRES_STAT,0,1594870273.925068
CYL_PRES_STAT,0,1594870273.9455216
CYL_PRES_STAT,0,1594870273.9578118
CYL_PRES_STAT,0,1594870273.966044
CYL_PRES_STAT,0,1594870273.986372
CYL_PRES_STAT,0,1594870273.9949794
CYL_PRES_STAT,0,1594870274.0359368
CYL_PRES_STAT,0,1594870274.048049
CYL_PRES_STAT,0,1594870274.088782
CYL_PRES_STAT,0,1594870274.277193
CYL_PRES_STAT,0,1594870274.2854419
CYL_PRES_STAT,0,1594870274.297718
CYL_PRES_STAT,0,1594870274.3182821
CYL_PRES_STAT,0,1594870274.470376
CYL_PRES_STAT,0,1594870274.4906812
CYL_PRES_STAT,0,1594870274.543898
CYL_PRES_STAT,0,1594870274.5646589
CYL_PRES_STAT,0,1594870274.584857
CYL_PRES_STAT,0,1594870274.6054678
CYL_PRES_STAT,0,1594870274.617301
CYL_PRES_STAT,0,1594870274.646368
CYL_PRES_STAT,0,1594870274.670509
CYL_PRES_STAT,0,1594870274.687482
CYL_PRES_STAT,0,1594870274.6991189
CYL_PRES_STAT,0,1594870274.711321
CYL_PRES_STAT,0,1594870274.8344169
CYL_PRES_STAT,0,1594870274.8547552
CYL_PRES_STAT,0,1594870274.8635454
CYL_PRES_STAT,0,1594870274.896099
CYL_PRES_STAT,0,1594870274.9494886
CYL_PRES_STAT,0,1594870274.9575622
CYL_PRES_STAT,0,1594870275.018955
CYL_PRES_STAT,0,1594870275.145447
CYL_PRES_STAT,0,1594870275.166112
CYL_PRES_STAT,0,1594870275.1864884
CYL_PRES_STAT,0,1594870275.207348
CYL_PRES_STAT,0,1594870275.215482
CYL_PRES_STAT,0,1594870275.227534
CYL_PRES_STAT,0,1594870275.235992
CYL_PRES_STAT,0,1594870275.2686882
CYL_PRES_STAT,0,1594870275.288976
CYL_PRES_STAT,0,1594870275.4211118
CYL_PRES_STAT,0,1594870275.4446359
CYL_PRES_STAT,0,1594870275.456786
CYL_PRES_STAT,0,1594870275.477319
CYL_PRES_STAT,0,1594870275.526456
CYL_PRES_STAT,0,1594870275.579625
CYL_PRES_STAT,0,1594870275.6001909
CYL_PRES_STAT,0,1594870275.731914
CYL_PRES_STAT,0,1594870275.7762492
CYL_PRES_STAT,0,1594870275.788451
CYL_PRES_STAT,0,1594870275.808973
CYL_PRES_STAT,0,1594870275.829501
CYL_PRES_STAT,0,1594870275.8500009
CYL_PRES_STAT,0,1594870275.870558
CYL_PRES_STAT,0,1594870275.9113548
CYL_PRES_STAT,0,1594870275.928254
CYL_PRES_STAT,0,1594870276.054749
CYL_PRES_STAT,0,1594870276.075308
CYL_PRES_STAT,0,1594870276.095839
CYL_PRES_STAT,0,1594870276.107959
CYL_PRES_STAT,0,1594870276.1456056
CYL_PRES_STAT,0,1594870276.16936
CYL_PRES_STAT,0,1594870276.177731
CYL_PRES_STAT,0,1594870276.190005
CYL_PRES_STAT,0,1594870276.2188642
CYL_PRES_STAT,0,1594870276.3127868
CYL_PRES_STAT,0,1594870276.333416
CYL_PRES_STAT,0,1594870276.345483
CYL_PRES_STAT,0,1594870276.354059
CYL_PRES_STAT,0,1594870276.362505
CYL_PRES_STAT,0,1594870276.3948312
CYL_PRES_STAT,0,1594870276.407068
CYL_PRES_STAT,0,1594870276.4275892
CYL_PRES_STAT,0,1594870276.44815
CYL_PRES_STAT,0,1594870276.468918
CYL_PRES_STAT,0,1594870276.477106
CYL_PRES_STAT,0,1594870276.488884
CYL_PRES_STAT,0,1594870276.518135
CYL_PRES_STAT,0,1594870276.53
CYL_PRES_STAT,0,1594870276.5709212
CYL_PRES_STAT,0,1594870276.6532216
CYL_PRES_STAT,0,1594870276.685801
CYL_PRES_STAT,0,1594870276.6942859
CYL_PRES_STAT,0,1594870276.738806
CYL_PRES_STAT,0,1594870276.7471359
CYL_PRES_STAT,0,1594870276.779732
CYL_PRES_STAT,0,1594870276.80022
CYL_PRES_STAT,0,1594870276.902625
CYL_PRES_STAT,0,1594870276.944034
CYL_PRES_STAT,0,1594870276.964768
CYL_PRES_STAT,0,1594870276.9848812
CYL_PRES_STAT,0,1594870277.005408
CYL_PRES_STAT,0,1594870277.0465448
CYL_PRES_STAT,0,1594870277.066883
CYL_PRES_STAT,0,1594870277.1081538
CYL_PRES_STAT,0,1594870277.131998
CYL_PRES_STAT,0,1594870277.254878
CYL_PRES_STAT,0,1594870277.295944
CYL_PRES_STAT,0,1594870277.317099
CYL_PRES_STAT,0,1594870277.337118
CYL_PRES_STAT,0,1594870277.3491268
CYL_PRES_STAT,0,1594870277.357314
CYL_PRES_STAT,0,1594870277.3782258
CYL_PRES_STAT,0,1594870277.419369
CYL_PRES_STAT,0,1594870277.5457332
CYL_PRES_STAT,0,1594870277.553947
CYL_PRES_STAT,0,1594870277.5661552
CYL_PRES_STAT,0,1594870277.5864918
CYL_PRES_STAT,0,1594870277.595159
CYL_PRES_STAT,0,1594870277.607101
CYL_PRES_STAT,0,1594870277.627691
CYL_PRES_STAT,0,1594870277.636018
CYL_PRES_STAT,0,1594870277.6688774
CYL_PRES_STAT,0,1594870277.6773188
CYL_PRES_STAT,0,1594870277.689112
CYL_PRES_STAT,0,1594870277.718051
CYL_PRES_STAT,0,1594870277.730057
CYL_PRES_STAT,0,1594870277.762674
CYL_PRES_STAT,0,1594870277.820471
CYL_PRES_STAT,0,1594870277.844769
CYL_PRES_STAT,0,1594870277.9151778
CYL_PRES_STAT,0,1594870277.926672
CYL_PRES_STAT,0,1594870277.938839
CYL_PRES_STAT,0,1594870277.959382
CYL_PRES_STAT,0,1594870277.9798038
CYL_PRES_STAT,0,1594870278.008582
CYL_PRES_STAT,0,1594870278.020799
CYL_PRES_STAT,0,1594870278.041274
CYL_PRES_STAT,0,1594870278.0616689
CYL_PRES_STAT,0,1594870278.111518
CYL_PRES_STAT,0,1594870278.176532
CYL_PRES_STAT,0,1594870278.1936474
CYL_PRES_STAT,0,1594870278.30845
CYL_PRES_STAT,0,1594870278.328332
CYL_PRES_STAT,0,1594870278.455672
CYL_PRES_STAT,0,1594870278.4768698
CYL_PRES_STAT,0,1594870278.4961052
CYL_PRES_STAT,0,1594870278.5045881
CYL_PRES_STAT,0,1594870278.51651
CYL_PRES_STAT,0,1594870278.55752
CYL_PRES_STAT,0,1594870278.5778186
CYL_PRES_STAT,0,1594870278.589982
CYL_PRES_STAT,0,1594870278.5984588
CYL_PRES_STAT,0,1594870278.619303
CYL_PRES_STAT,0,1594870278.712943
CYL_PRES_STAT,0,1594870278.721815
CYL_PRES_STAT,0,1594870278.7456708
CYL_PRES_STAT,0,1594870278.75404
CYL_PRES_STAT,0,1594870278.8072221
CYL_PRES_STAT,0,1594870278.827775
CYL_PRES_STAT,0,1594870278.8398988
CYL_PRES_STAT,0,1594870278.8486466
CYL_PRES_STAT,0,1594870278.856876
CYL_PRES_STAT,0,1594870278.8686051
CYL_PRES_STAT,0,1594870278.898027
CYL_PRES_STAT,0,1594870278.9181821
CYL_PRES_STAT,0,1594870278.930125
CYL_PRES_STAT,0,1594870278.971018
CYL_PRES_STAT,0,1594870279.012
CYL_PRES_STAT,0,1594870279.0653162
CYL_PRES_STAT,0,1594870279.073374
CYL_PRES_STAT,0,1594870279.0857382
CYL_PRES_STAT,0,1594870279.0979688
CYL_PRES_STAT,0,1594870279.11842
CYL_PRES_STAT,0,1594870279.1388931
CYL_PRES_STAT,0,1594870279.1472378
CYL_PRES_STAT,0,1594870279.179948
CYL_PRES_STAT,0,1594870279.188253
CYL_PRES_STAT,0,1594870279.1967866
CYL_PRES_STAT,0,1594870279.220906
CYL_PRES_STAT,0,1594870279.3112938
CYL_PRES_STAT,0,1594870279.344262
CYL_PRES_STAT,0,1594870279.365087
CYL_PRES_STAT,0,1594870279.38511
CYL_PRES_STAT,0,1594870279.426111
CYL_PRES_STAT,0,1594870279.446651
CYL_PRES_STAT,0,1594870279.4706829
CYL_PRES_STAT,0,1594870279.4910774
CYL_PRES_STAT,0,1594870279.4997199
CYL_PRES_STAT,0,1594870279.540408
CYL_PRES_STAT,0,1594870279.5817618
CYL_PRES_STAT,0,1594870279.6139998
CYL_PRES_STAT,0,1594870279.643171
CYL_PRES_STAT,0,1594870279.6754718
CYL_PRES_STAT,0,1594870279.695931
CYL_PRES_STAT,0,1594870279.716495
CYL_PRES_STAT,0,1594870279.737432
CYL_PRES_STAT,0,1594870279.749196
CYL_PRES_STAT,0,1594870279.757909
CYL_PRES_STAT,0,1594870279.839516
CYL_PRES_STAT,0,1594870279.8516061
CYL_PRES_STAT,0,1594870279.921647
CYL_PRES_STAT,0,1594870279.945821
CYL_PRES_STAT,0,1594870279.966366
CYL_PRES_STAT,0,1594870279.9868126
CYL_PRES_STAT,0,1594870279.9989429
CYL_PRES_STAT,0,1594870280.007194
CYL_PRES_STAT,0,1594870280.027735
CYL_PRES_STAT,0,1594870280.048312
CYL_PRES_STAT,0,1594870280.068637
CYL_PRES_STAT,0,1594870280.0772831
CYL_PRES_STAT,0,1594870280.0890448
CYL_PRES_STAT,0,1594870280.109555
CYL_PRES_STAT,0,1594870280.138795
CYL_PRES_STAT,0,1594870280.171082
CYL_PRES_STAT,0,1594870280.23312
CYL_PRES_STAT,0,1594870280.2447789
CYL_PRES_STAT,0,1594870280.273949
CYL_PRES_STAT,0,1594870280.314815
CYL_PRES_STAT,0,1594870280.326821
CYL_PRES_STAT,0,1594870280.338903
CYL_PRES_STAT,0,1594870280.3594828
CYL_PRES_STAT,0,1594870280.3799412
CYL_PRES_STAT,0,1594870280.4618614
CYL_PRES_STAT,0,1594870280.565094
CYL_PRES_STAT,0,1594870280.576616
CYL_PRES_STAT,0,1594870280.585461
CYL_PRES_STAT,0,1594870280.6056142
CYL_PRES_STAT,0,1594870280.629725
CYL_PRES_STAT,0,1594870280.6911461
CYL_PRES_STAT,0,1594870280.7079446
CYL_PRES_STAT,0,1594870280.728574
CYL_PRES_STAT,0,1594870280.7813814
CYL_PRES_STAT,0,1594870280.793784
CYL_PRES_STAT,0,1594870280.855315
CYL_PRES_STAT,0,1594870280.875934
CYL_PRES_STAT,0,1594870280.884112
CYL_PRES_STAT,0,1594870280.896096
CYL_PRES_STAT,0,1594870280.9376369
CYL_PRES_STAT,0,1594870280.957567
CYL_PRES_STAT,0,1594870280.9779868
CYL_PRES_STAT,0,1594870281.031126
CYL_PRES_STAT,0,1594870281.14593
CYL_PRES_STAT,0,1594870281.1664062
CYL_PRES_STAT,0,1594870281.174657
CYL_PRES_STAT,0,1594870281.186944
CYL_PRES_STAT,0,1594870281.2073524
CYL_PRES_STAT,0,1594870281.227851
CYL_PRES_STAT,0,1594870281.2489226
CYL_PRES_STAT,0,1594870281.269003
CYL_PRES_STAT,0,1594870281.289491
CYL_PRES_STAT,0,1594870281.3096874
CYL_PRES_STAT,0,1594870281.318495
CYL_PRES_STAT,0,1594870281.457165
CYL_PRES_STAT,0,1594870281.4654288
CYL_PRES_STAT,0,1594870281.474057
CYL_PRES_STAT,0,1594870281.4982462
CYL_PRES_STAT,0,1594870281.5063632
CYL_PRES_STAT,0,1594870281.51514
CYL_PRES_STAT,0,1594870281.5391092
CYL_PRES_STAT,0,1594870281.5682502
CYL_PRES_STAT,0,1594870281.5800269
CYL_PRES_STAT,0,1594870281.59692
CYL_PRES_STAT,0,1594870281.711403
CYL_PRES_STAT,0,1594870281.74395
CYL_PRES_STAT,0,1594870281.7649019
CYL_PRES_STAT,0,1594870281.7852318
CYL_PRES_STAT,0,1594870281.817575
CYL_PRES_STAT,0,1594870281.8261702
CYL_PRES_STAT,0,1594870281.8470132
CYL_PRES_STAT,0,1594870281.9081721
CYL_PRES_STAT,0,1594870282.0348551
CYL_PRES_STAT,0,1594870282.055181
CYL_PRES_STAT,0,1594870282.0638974
CYL_PRES_STAT,0,1594870282.104461
CYL_PRES_STAT,0,1594870282.1370294
CYL_PRES_STAT,0,1594870282.1458726
CYL_PRES_STAT,0,1594870282.2313519
CYL_PRES_STAT,0,1594870282.251838
CYL_PRES_STAT,0,1594870282.260341
CYL_PRES_STAT,0,1594870282.3015108
CYL_PRES_STAT,0,1594870282.313342
CYL_PRES_STAT,0,1594870282.3459039
CYL_PRES_STAT,0,1594870282.366563
CYL_PRES_STAT,0,1594870282.3870149
CYL_PRES_STAT,0,1594870282.399332
CYL_PRES_STAT,0,1594870282.40736
CYL_PRES_STAT,0,1594870282.427856
CYL_PRES_STAT,0,1594870282.448401
CYL_PRES_STAT,0,1594870282.477186
CYL_PRES_STAT,0,1594870282.509823
CYL_PRES_STAT,0,1594870282.530355
CYL_PRES_STAT,0,1594870282.600239
CYL_PRES_STAT,0,1594870282.6367538
CYL_PRES_STAT,0,1594870282.644964
CYL_PRES_STAT,0,1594870282.657289
CYL_PRES_STAT,0,1594870282.698138
CYL_PRES_STAT,0,1594870282.7189178
CYL_PRES_STAT,0,1594870282.739198
CYL_PRES_STAT,0,1594870282.747447
CYL_PRES_STAT,0,1594870282.7595332
CYL_PRES_STAT,0,1594870282.780106
CYL_PRES_STAT,0,1594870282.8499682
CYL_PRES_STAT,0,1594870282.911712
CYL_PRES_STAT,0,1594870282.9649851
CYL_PRES_STAT,0,1594870282.9767392
CYL_PRES_STAT,0,1594870282.985535
CYL_PRES_STAT,0,1594870283.0175989
CYL_PRES_STAT,0,1594870283.026258
CYL_PRES_STAT,0,1594870283.0468369
CYL_PRES_STAT,0,1594870283.0913954
CYL_PRES_STAT,0,1594870283.234698
CYL_PRES_STAT,0,1594870283.255236
CYL_PRES_STAT,0,1594870283.2757099
CYL_PRES_STAT,0,1594870283.29618
CYL_PRES_STAT,0,1594870283.337673
CYL_PRES_STAT,0,1594870283.35794
CYL_PRES_STAT,0,1594870283.378525
CYL_PRES_STAT,0,1594870283.400082
CYL_PRES_STAT,0,1594870283.419651
CYL_PRES_STAT,0,1594870283.5255182
CYL_PRES_STAT,0,1594870283.542217
CYL_PRES_STAT,0,1594870283.554301
CYL_PRES_STAT,0,1594870283.6402402
CYL_PRES_STAT,0,1594870283.64859
CYL_PRES_STAT,0,1594870283.669002
CYL_PRES_STAT,0,1594870283.804003
CYL_PRES_STAT,0,1594870283.8330731
CYL_PRES_STAT,0,1594870283.85363
CYL_PRES_STAT,0,1594870283.8777668
CYL_PRES_STAT,0,1594870283.894662
CYL_PRES_STAT,0,1594870283.9188821
CYL_PRES_STAT,0,1594870283.9596329
CYL_PRES_STAT,0,1594870283.968566
CYL_PRES_STAT,0,1594870283.98017
CYL_PRES_STAT,0,1594870284.000751
CYL_PRES_STAT,0,1594870284.103049
CYL_PRES_STAT,0,1594870284.1235998
CYL_PRES_STAT,0,1594870284.135996
CYL_PRES_STAT,0,1594870284.185106
CYL_PRES_STAT,0,1594870284.217727
CYL_PRES_STAT,0,1594870284.246912
CYL_PRES_STAT,0,1594870284.271029
CYL_PRES_STAT,0,1594870284.2879732
CYL_PRES_STAT,0,1594870284.299667
CYL_PRES_STAT,0,1594870284.3081949
CYL_PRES_STAT,0,1594870284.414315
CYL_PRES_STAT,0,1594870284.4348412
CYL_PRES_STAT,0,1594870284.4433954
CYL_PRES_STAT,0,1594870284.475795
CYL_PRES_STAT,0,1594870284.496408
CYL_PRES_STAT,0,1594870284.5048769
CYL_PRES_STAT,0,1594870284.5167608
CYL_PRES_STAT,0,1594870284.5372002
CYL_PRES_STAT,0,1594870284.549508
CYL_PRES_STAT,0,1594870284.590357
CYL_PRES_STAT,0,1594870284.59899
CYL_PRES_STAT,0,1594870284.619076
CYL_PRES_STAT,0,1594870284.6518981
CYL_PRES_STAT,0,1594870284.7426438
CYL_PRES_STAT,0,1594870284.7870886
CYL_PRES_STAT,0,1594870284.795852
CYL_PRES_STAT,0,1594870284.807584
CYL_PRES_STAT,0,1594870284.848458
CYL_PRES_STAT,0,1594870284.8690848
CYL_PRES_STAT,0,1594870284.881311
CYL_PRES_STAT,0,1594870285.037057
CYL_PRES_STAT,0,1594870285.0537658
CYL_PRES_STAT,0,1594870285.08608
CYL_PRES_STAT,0,1594870285.094656
CYL_PRES_STAT,0,1594870285.119045
CYL_PRES_STAT,0,1594870285.139468
CYL_PRES_STAT,0,1594870285.1476321
CYL_PRES_STAT,0,1594870285.1596868
CYL_PRES_STAT,0,1594870285.180379
CYL_PRES_STAT,0,1594870285.250226
CYL_PRES_STAT,0,1594870285.332215
CYL_PRES_STAT,0,1594870285.36537
CYL_PRES_STAT,0,1594870285.3768759
CYL_PRES_STAT,0,1594870285.3854449
CYL_PRES_STAT,0,1594870285.4061038
CYL_PRES_STAT,0,1594870285.426379
CYL_PRES_STAT,0,1594870285.4383738
CYL_PRES_STAT,0,1594870285.4708722
CYL_PRES_STAT,0,1594870285.487835
CYL_PRES_STAT,0,1594870285.511894
CYL_PRES_STAT,0,1594870285.634927
CYL_PRES_STAT,0,1594870285.675793
CYL_PRES_STAT,0,1594870285.716824
CYL_PRES_STAT,0,1594870285.7374449
CYL_PRES_STAT,0,1594870285.745955
CYL_PRES_STAT,0,1594870285.7617438
CYL_PRES_STAT,0,1594870285.77833
CYL_PRES_STAT,0,1594870285.790548
CYL_PRES_STAT,0,1594870285.799505
CYL_PRES_STAT,0,1594870285.8929589
CYL_PRES_STAT,0,1594870285.9461071
CYL_PRES_STAT,0,1594870285.9666471
CYL_PRES_STAT,0,1594870285.987103
CYL_PRES_STAT,0,1594870286.007589
CYL_PRES_STAT,0,1594870286.0403562
CYL_PRES_STAT,0,1594870286.0692651
CYL_PRES_STAT,0,1594870286.110066
CYL_PRES_STAT,0,1594870286.224643
CYL_PRES_STAT,0,1594870286.233196
CYL_PRES_STAT,0,1594870286.277835
CYL_PRES_STAT,0,1594870286.2861922
CYL_PRES_STAT,0,1594870286.2983599
CYL_PRES_STAT,0,1594870286.3597991
CYL_PRES_STAT,0,1594870286.368248
CYL_PRES_STAT,0,1594870286.376677
CYL_PRES_STAT,0,1594870286.388659
CYL_PRES_STAT,0,1594870286.4708571
CYL_PRES_STAT,0,1594870286.535913
CYL_PRES_STAT,0,1594870286.544616
CYL_PRES_STAT,0,1594870286.5648339
CYL_PRES_STAT,0,1594870286.60606
CYL_PRES_STAT,0,1594870286.617873
CYL_PRES_STAT,0,1594870286.6265678
CYL_PRES_STAT,0,1594870286.6472929
CYL_PRES_STAT,0,1594870286.6712
CYL_PRES_STAT,0,1594870286.76139
CYL_PRES_STAT,0,1594870286.814452
CYL_PRES_STAT,0,1594870286.85549
CYL_PRES_STAT,0,1594870286.86432
CYL_PRES_STAT,0,1594870286.875991
CYL_PRES_STAT,0,1594870286.896641
CYL_PRES_STAT,0,1594870286.9172971
CYL_PRES_STAT,0,1594870286.978765
CYL_PRES_STAT,0,1594870286.9989288
CYL_PRES_STAT,0,1594870287.146225
CYL_PRES_STAT,0,1594870287.16665
CYL_PRES_STAT,0,1594870287.1870568
CYL_PRES_STAT,0,1594870287.2281444
CYL_PRES_STAT,0,1594870287.248595
CYL_PRES_STAT,0,1594870287.29826
CYL_PRES_STAT,0,1594870287.310048
CYL_PRES_STAT,0,1594870287.416857
CYL_PRES_STAT,0,1594870287.4342554
CYL_PRES_STAT,0,1594870287.445415
CYL_PRES_STAT,0,1594870287.477969
CYL_PRES_STAT,0,1594870287.4984741
CYL_PRES_STAT,0,1594870287.519029
CYL_PRES_STAT,0,1594870287.5289972
CYL_PRES_STAT,0,1594870287.540313
CYL_PRES_STAT,0,1594870287.5688062
CYL_PRES_STAT,0,1594870287.580569
CYL_PRES_STAT,0,1594870287.609807
CYL_PRES_STAT,0,1594870287.6637561
CYL_PRES_STAT,0,1594870287.691426
CYL_PRES_STAT,0,1594870287.745368
CYL_PRES_STAT,0,1594870287.765696
CYL_PRES_STAT,0,1594870287.777038
CYL_PRES_STAT,0,1594870287.785983
CYL_PRES_STAT,0,1594870287.80653
CYL_PRES_STAT,0,1594870287.8588789
CYL_PRES_STAT,0,1594870287.869448
CYL_PRES_STAT,0,1594870287.8882349
CYL_PRES_STAT,0,1594870287.8997738
CYL_PRES_STAT,0,1594870287.952977
CYL_PRES_STAT,0,1594870288.07599
CYL_PRES_STAT,0,1594870288.108705
CYL_PRES_STAT,0,1594870288.125492
CYL_PRES_STAT,0,1594870288.157912
CYL_PRES_STAT,0,1594870288.190592
CYL_PRES_STAT,0,1594870288.251991
CYL_PRES_STAT,0,1594870288.366695
CYL_PRES_STAT,0,1594870288.3872721
CYL_PRES_STAT,0,1594870288.4077902
CYL_PRES_STAT,0,1594870288.428332
CYL_PRES_STAT,0,1594870288.44045
CYL_PRES_STAT,0,1594870288.4896529
CYL_PRES_STAT,0,1594870288.5839179
CYL_PRES_STAT,0,1594870288.637132
CYL_PRES_STAT,0,1594870288.645217
CYL_PRES_STAT,0,1594870288.6538088
CYL_PRES_STAT,0,1594870288.6743731
CYL_PRES_STAT,0,1594870288.686358
CYL_PRES_STAT,0,1594870288.6948571
CYL_PRES_STAT,0,1594870288.70669
CYL_PRES_STAT,0,1594870288.759982
CYL_PRES_STAT,0,1594870288.768408
CYL_PRES_STAT,0,1594870288.77693
CYL_PRES_STAT,0,1594870288.7886288
CYL_PRES_STAT,0,1594870288.911883
CYL_PRES_STAT,0,1594870288.923867
CYL_PRES_STAT,0,1594870288.9360561
CYL_PRES_STAT,0,1594870288.944293
CYL_PRES_STAT,0,1594870288.964918
CYL_PRES_STAT,0,1594870288.9770222
CYL_PRES_STAT,0,1594870288.985343
CYL_PRES_STAT,0,1594870289.0057142
CYL_PRES_STAT,0,1594870289.0178714
CYL_PRES_STAT,0,1594870289.030209
CYL_PRES_STAT,0,1594870289.047252
CYL_PRES_STAT,0,1594870289.067542
CYL_PRES_STAT,0,1594870289.128908
CYL_PRES_STAT,0,1594870289.1409051
CYL_PRES_STAT,0,1594870289.2147028
CYL_PRES_STAT,0,1594870289.2554948
CYL_PRES_STAT,0,1594870289.264577
CYL_PRES_STAT,0,1594870289.2760134
CYL_PRES_STAT,0,1594870289.29716
CYL_PRES_STAT,0,1594870289.317019
CYL_PRES_STAT,0,1594870289.370107
CYL_PRES_STAT,0,1594870289.399217
CYL_PRES_STAT,0,1594870289.411177
CYL_PRES_STAT,0,1594870289.43172
CYL_PRES_STAT,0,1594870289.513676
CYL_PRES_STAT,0,1594870289.5258381
CYL_PRES_STAT,0,1594870289.534062
CYL_PRES_STAT,0,1594870289.546226
CYL_PRES_STAT,0,1594870289.566794
CYL_PRES_STAT,0,1594870289.628294
CYL_PRES_STAT,0,1594870289.648912
CYL_PRES_STAT,0,1594870289.669178
CYL_PRES_STAT,0,1594870289.677877
CYL_PRES_STAT,0,1594870289.6897259
CYL_PRES_STAT,0,1594870289.783842
CYL_PRES_STAT,0,1594870289.8131618
CYL_PRES_STAT,0,1594870289.8335268
CYL_PRES_STAT,0,1594870289.8781812
CYL_PRES_STAT,0,1594870289.886281
CYL_PRES_STAT,0,1594870289.895099
CYL_PRES_STAT,0,1594870289.931375
CYL_PRES_STAT,0,1594870289.939486
CYL_PRES_STAT,0,1594870290.001138
CYL_PRES_STAT,0,1594870290.1239269
CYL_PRES_STAT,0,1594870290.177181
CYL_PRES_STAT,0,1594870290.1893868
CYL_PRES_STAT,0,1594870290.247265
CYL_PRES_STAT,0,1594870290.267602
CYL_PRES_STAT,0,1594870290.279449
CYL_PRES_STAT,0,1594870290.414798
CYL_PRES_STAT,0,1594870290.423341
CYL_PRES_STAT,0,1594870290.435193
CYL_PRES_STAT,0,1594870290.455561
CYL_PRES_STAT,0,1594870290.4966886
CYL_PRES_STAT,0,1594870290.5088391
CYL_PRES_STAT,0,1594870290.558482
CYL_PRES_STAT,0,1594870290.640589
CYL_PRES_STAT,0,1594870290.6605039
CYL_PRES_STAT,0,1594870290.7226226
CYL_PRES_STAT,0,1594870290.754858
CYL_PRES_STAT,0,1594870290.7669141
CYL_PRES_STAT,0,1594870290.787349
CYL_PRES_STAT,0,1594870290.8083491
CYL_PRES_STAT,0,1594870290.828288
CYL_PRES_STAT,0,1594870290.837348
CYL_PRES_STAT,0,1594870290.848976
CYL_PRES_STAT,0,1594870290.88972
CYL_PRES_STAT,0,1594870290.910263
CYL_PRES_STAT,0,1594870290.942924
CYL_PRES_STAT,0,1594870290.963402
CYL_PRES_STAT,0,1594870291.013192
CYL_PRES_STAT,0,1594870291.033549
CYL_PRES_STAT,0,1594870291.057631
CYL_PRES_STAT,0,1594870291.078105
CYL_PRES_STAT,0,1594870291.094999
CYL_PRES_STAT,0,1594870291.139609
CYL_PRES_STAT,0,1594870291.1564481
CYL_PRES_STAT,0,1594870291.176938
CYL_PRES_STAT,0,1594870291.2093198
CYL_PRES_STAT,0,1594870291.291544
CYL_PRES_STAT,0,1594870291.312097
CYL_PRES_STAT,0,1594870291.323992
CYL_PRES_STAT,0,1594870291.336444
CYL_PRES_STAT,0,1594870291.34443
CYL_PRES_STAT,0,1594870291.3857331
CYL_PRES_STAT,0,1594870291.409939
CYL_PRES_STAT,0,1594870291.4267368
CYL_PRES_STAT,0,1594870291.4508538
CYL_PRES_STAT,0,1594870291.4880779
CYL_PRES_STAT,0,1594870291.5001314
CYL_PRES_STAT,0,1594870291.6353786
CYL_PRES_STAT,0,1594870291.6679294
CYL_PRES_STAT,0,1594870291.6762528
CYL_PRES_STAT,0,1594870291.696747
CYL_PRES_STAT,0,1594870291.717142
CYL_PRES_STAT,0,1594870291.758544
CYL_PRES_STAT,0,1594870291.7787108
CYL_PRES_STAT,0,1594870291.81127
CYL_PRES_STAT,0,1594870291.922566
CYL_PRES_STAT,0,1594870291.946518
CYL_PRES_STAT,0,1594870291.9669828
CYL_PRES_STAT,0,1594870291.987433
CYL_PRES_STAT,0,1594870291.9960802
CYL_PRES_STAT,0,1594870292.0247052
CYL_PRES_STAT,0,1594870292.0488641
CYL_PRES_STAT,0,1594870292.089775
CYL_PRES_STAT,0,1594870292.2133179
CYL_PRES_STAT,0,1594870292.2339132
CYL_PRES_STAT,0,1594870292.274562
CYL_PRES_STAT,0,1594870292.298757
CYL_PRES_STAT,0,1594870292.31943
CYL_PRES_STAT,0,1594870292.3274848
CYL_PRES_STAT,0,1594870292.3396218
CYL_PRES_STAT,0,1594870292.401124
CYL_PRES_STAT,0,1594870292.430194
CYL_PRES_STAT,0,1594870292.442058
CYL_PRES_STAT,0,1594870292.503532
CYL_PRES_STAT,0,1594870292.5243974
CYL_PRES_STAT,0,1594870292.5444849
CYL_PRES_STAT,0,1594870292.565712
CYL_PRES_STAT,0,1594870292.5772722
CYL_PRES_STAT,0,1594870292.5859034
CYL_PRES_STAT,0,1594870292.606637
CYL_PRES_STAT,0,1594870292.61827
CYL_PRES_STAT,0,1594870292.638721
CYL_PRES_STAT,0,1594870292.6474779
CYL_PRES_STAT,0,1594870292.659151
CYL_PRES_STAT,0,1594870292.6678689
CYL_PRES_STAT,0,1594870292.67963
CYL_PRES_STAT,0,1594870292.6883972
CYL_PRES_STAT,0,1594870292.708715
CYL_PRES_STAT,0,1594870292.8149211
CYL_PRES_STAT,0,1594870292.8271608
CYL_PRES_STAT,0,1594870292.855826
CYL_PRES_STAT,0,1594870292.896747
CYL_PRES_STAT,0,1594870292.9088929
CYL_PRES_STAT,0,1594870292.91773
CYL_PRES_STAT,0,1594870292.9376829
CYL_PRES_STAT,0,1594870292.9586651
CYL_PRES_STAT,0,1594870292.9790454
CYL_PRES_STAT,0,1594870293.031811
CYL_PRES_STAT,0,1594870293.0521832
CYL_PRES_STAT,0,1594870293.1019778
CYL_PRES_STAT,0,1594870293.1467109
CYL_PRES_STAT,0,1594870293.16705
CYL_PRES_STAT,0,1594870293.1874301
CYL_PRES_STAT,0,1594870293.2080839
CYL_PRES_STAT,0,1594870293.2695901
CYL_PRES_STAT,0,1594870293.3841786
CYL_PRES_STAT,0,1594870293.4372141
CYL_PRES_STAT,0,1594870293.4578269
CYL_PRES_STAT,0,1594870293.4660091
CYL_PRES_STAT,0,1594870293.4747
CYL_PRES_STAT,0,1594870293.5396988
CYL_PRES_STAT,0,1594870293.556515
CYL_PRES_STAT,0,1594870293.580786
CYL_PRES_STAT,0,1594870293.670864
CYL_PRES_STAT,0,1594870293.724582
CYL_PRES_STAT,0,1594870293.736406
CYL_PRES_STAT,0,1594870293.785998
CYL_PRES_STAT,0,1594870293.8064759
CYL_PRES_STAT,0,1594870293.818316
CYL_PRES_STAT,0,1594870293.830555
CYL_PRES_STAT,0,1594870293.8476381
CYL_PRES_STAT,0,1594870293.867716
CYL_PRES_STAT,0,1594870293.9411929
CYL_PRES_STAT,0,1594870293.982347
CYL_PRES_STAT,0,1594870293.9942908
CYL_PRES_STAT,0,1594870294.068115
CYL_PRES_STAT,0,1594870294.0763562
CYL_PRES_STAT,0,1594870294.1787572
CYL_PRES_STAT,0,1594870294.293396
CYL_PRES_STAT,0,1594870294.3261206
CYL_PRES_STAT,0,1594870294.3466592
CYL_PRES_STAT,0,1594870294.3670552
CYL_PRES_STAT,0,1594870294.375342
CYL_PRES_STAT,0,1594870294.408132
CYL_PRES_STAT,0,1594870294.428566
CYL_PRES_STAT,0,1594870294.469474
CYL_PRES_STAT,0,1594870294.481846
CYL_PRES_STAT,0,1594870294.560159
CYL_PRES_STAT,0,1594870294.580689
CYL_PRES_STAT,0,1594870294.6578472
CYL_PRES_STAT,0,1594870294.678299
CYL_PRES_STAT,0,1594870294.698955
CYL_PRES_STAT,0,1594870294.719288
CYL_PRES_STAT,0,1594870294.7281132
CYL_PRES_STAT,0,1594870294.739719
CYL_PRES_STAT,0,1594870294.7807794
CYL_PRES_STAT,0,1594870294.924594
CYL_PRES_STAT,0,1594870294.944947
CYL_PRES_STAT,0,1594870294.9658082
CYL_PRES_STAT,0,1594870294.9862258
CYL_PRES_STAT,0,1594870295.0064778
CYL_PRES_STAT,0,1594870295.0387044
CYL_PRES_STAT,0,1594870295.047738
CYL_PRES_STAT,0,1594870295.0592241
CYL_PRES_STAT,0,1594870295.0676038
CYL_PRES_STAT,0,1594870295.161708
CYL_PRES_STAT,0,1594870295.214974
CYL_PRES_STAT,0,1594870295.2271929
CYL_PRES_STAT,0,1594870295.235458
CYL_PRES_STAT,0,1594870295.2559972
CYL_PRES_STAT,0,1594870295.2969446
CYL_PRES_STAT,0,1594870295.309214
CYL_PRES_STAT,0,1594870295.317652
CYL_PRES_STAT,0,1594870295.337716
CYL_PRES_STAT,0,1594870295.3588278
CYL_PRES_STAT,0,1594870295.481971
CYL_PRES_STAT,0,1594870295.546693
CYL_PRES_STAT,0,1594870295.5553482
CYL_PRES_STAT,0,1594870295.5672572
CYL_PRES_STAT,0,1594870295.587858
CYL_PRES_STAT,0,1594870295.6085298
CYL_PRES_STAT,0,1594870295.6165068
CYL_PRES_STAT,0,1594870295.628565
CYL_PRES_STAT,0,1594870295.6490822
CYL_PRES_STAT,0,1594870295.6695142
CYL_PRES_STAT,0,1594870295.689984
CYL_PRES_STAT,0,1594870295.698411
CYL_PRES_STAT,0,1594870295.833684
CYL_PRES_STAT,0,1594870295.8546636
CYL_PRES_STAT,0,1594870295.874957
CYL_PRES_STAT,0,1594870295.886692
CYL_PRES_STAT,0,1594870295.89518
CYL_PRES_STAT,0,1594870295.93607
CYL_PRES_STAT,0,1594870295.956904
CYL_PRES_STAT,0,1594870295.968682
CYL_PRES_STAT,0,1594870295.980875
CYL_PRES_STAT,0,1594870296.001329
CYL_PRES_STAT,0,1594870296.132742
CYL_PRES_STAT,0,1594870296.144681
CYL_PRES_STAT,0,1594870296.185915
CYL_PRES_STAT,0,1594870296.206439
CYL_PRES_STAT,0,1594870296.218379
CYL_PRES_STAT,0,1594870296.2306972
CYL_PRES_STAT,0,1594870296.26802
CYL_PRES_STAT,0,1594870296.394445
CYL_PRES_STAT,0,1594870296.4355998
CYL_PRES_STAT,0,1594870296.4562318
CYL_PRES_STAT,0,1594870296.468256
CYL_PRES_STAT,0,1594870296.4764106
CYL_PRES_STAT,0,1594870296.4969711
CYL_PRES_STAT,0,1594870296.550157
CYL_PRES_STAT,0,1594870296.5583801
CYL_PRES_STAT,0,1594870296.5789282
CYL_PRES_STAT,0,1594870296.6816142
CYL_PRES_STAT,0,1594870296.714092
CYL_PRES_STAT,0,1594870296.726261
CYL_PRES_STAT,0,1594870296.79633
CYL_PRES_STAT,0,1594870296.8083
CYL_PRES_STAT,0,1594870296.8286278
CYL_PRES_STAT,0,1594870296.849189
CYL_PRES_STAT,0,1594870296.9191551
CYL_PRES_STAT,0,1594870296.9312189
CYL_PRES_STAT,0,1594870296.992548
CYL_PRES_STAT,0,1594870297.054178
CYL_PRES_STAT,0,1594870297.074929
CYL_PRES_STAT,0,1594870297.0990698
CYL_PRES_STAT,0,1594870297.119425
CYL_PRES_STAT,0,1594870297.139974
CYL_PRES_STAT,0,1594870297.1809402
CYL_PRES_STAT,0,1594870297.2095294
CYL_PRES_STAT,0,1594870297.262816
CYL_PRES_STAT,0,1594870297.3247552
CYL_PRES_STAT,0,1594870297.333236
CYL_PRES_STAT,0,1594870297.344743
CYL_PRES_STAT,0,1594870297.365273
CYL_PRES_STAT,0,1594870297.3775089
CYL_PRES_STAT,0,1594870297.3858929
CYL_PRES_STAT,0,1594870297.4062774
CYL_PRES_STAT,0,1594870297.4267032
CYL_PRES_STAT,0,1594870297.500383
CYL_PRES_STAT,0,1594870297.508929
CYL_PRES_STAT,0,1594870297.6151268
CYL_PRES_STAT,0,1594870297.627219
CYL_PRES_STAT,0,1594870297.635402
CYL_PRES_STAT,0,1594870297.697008
CYL_PRES_STAT,0,1594870297.7056699
CYL_PRES_STAT,0,1594870297.7175329
CYL_PRES_STAT,0,1594870297.7383318
CYL_PRES_STAT,0,1594870297.7584062
CYL_PRES_STAT,0,1594870297.7789464
CYL_PRES_STAT,0,1594870297.807908
CYL_PRES_STAT,0,1594870297.8321762
CYL_PRES_STAT,0,1594870297.852515
CYL_PRES_STAT,0,1594870297.95565
CYL_PRES_STAT,0,1594870297.975526
CYL_PRES_STAT,0,1594870297.984084
CYL_PRES_STAT,0,1594870298.008255
CYL_PRES_STAT,0,1594870298.151519
CYL_PRES_STAT,0,1594870298.1807961
CYL_PRES_STAT,0,1594870298.2134962
CYL_PRES_STAT,0,1594870298.2341278
CYL_PRES_STAT,0,1594870298.2545652
CYL_PRES_STAT,0,1594870298.275053
CYL_PRES_STAT,0,1594870298.2867286
CYL_PRES_STAT,0,1594870298.315778
CYL_PRES_STAT,0,1594870298.3362062
CYL_PRES_STAT,0,1594870298.360397
CYL_PRES_STAT,0,1594870298.369035
CYL_PRES_STAT,0,1594870298.409765
CYL_PRES_STAT,0,1594870298.5244238
CYL_PRES_STAT,0,1594870298.565332
CYL_PRES_STAT,0,1594870298.585984
CYL_PRES_STAT,0,1594870298.618498
CYL_PRES_STAT,0,1594870298.6480331
CYL_PRES_STAT,0,1594870298.6888108
CYL_PRES_STAT,0,1594870298.8356311
CYL_PRES_STAT,0,1594870298.856065
CYL_PRES_STAT,0,1594870298.8651
CYL_PRES_STAT,0,1594870298.876693
CYL_PRES_STAT,0,1594870298.8971539
CYL_PRES_STAT,0,1594870298.938058
CYL_PRES_STAT,0,1594870298.9502466
CYL_PRES_STAT,0,1594870298.958525
CYL_PRES_STAT,0,1594870298.979027
CYL_PRES_STAT,0,1594870298.999638
CYL_PRES_STAT,0,1594870299.040803
CYL_PRES_STAT,0,1594870299.1023822
CYL_PRES_STAT,0,1594870299.1229482
CYL_PRES_STAT,0,1594870299.163765
CYL_PRES_STAT,0,1594870299.196414
CYL_PRES_STAT,0,1594870299.228796
CYL_PRES_STAT,0,1594870299.2492821
CYL_PRES_STAT,0,1594870299.2698472
CYL_PRES_STAT,0,1594870299.278465
CYL_PRES_STAT,0,1594870299.3192134
CYL_PRES_STAT,0,1594870299.3313189
CYL_PRES_STAT,0,1594870299.413954
CYL_PRES_STAT,0,1594870299.4543052
CYL_PRES_STAT,0,1594870299.475008
CYL_PRES_STAT,0,1594870299.4953806
CYL_PRES_STAT,0,1594870299.5195024
CYL_PRES_STAT,0,1594870299.5281801
CYL_PRES_STAT,0,1594870299.568757
CYL_PRES_STAT,0,1594870299.577461
CYL_PRES_STAT,0,1594870299.5985432
CYL_PRES_STAT,0,1594870299.6507509
CYL_PRES_STAT,0,1594870299.7244382
CYL_PRES_STAT,0,1594870299.7776508
CYL_PRES_STAT,0,1594870299.786145
CYL_PRES_STAT,0,1594870299.8268812
CYL_PRES_STAT,0,1594870299.848053
CYL_PRES_STAT,0,1594870299.8596349
CYL_PRES_STAT,0,1594870299.8681538
CYL_PRES_STAT,0,1594870299.982455
CYL_PRES_STAT,0,1594870300.0115044
CYL_PRES_STAT,0,1594870300.023432
CYL_PRES_STAT,0,1594870300.035597
CYL_PRES_STAT,0,1594870300.043895
CYL_PRES_STAT,0,1594870300.0766988
CYL_PRES_STAT,0,1594870300.105889
CYL_PRES_STAT,0,1594870300.158606
CYL_PRES_STAT,0,1594870300.199541
CYL_PRES_STAT,0,1594870300.3674312
CYL_PRES_STAT,0,1594870300.3880372
CYL_PRES_STAT,0,1594870300.408391
CYL_PRES_STAT,0,1594870300.449337
CYL_PRES_STAT,0,1594870300.551914
CYL_PRES_STAT,0,1594870300.613857
CYL_PRES_STAT,0,1594870300.637678
CYL_PRES_STAT,0,1594870300.645867
CYL_PRES_STAT,0,1594870300.654926
CYL_PRES_STAT,0,1594870300.666435
CYL_PRES_STAT,0,1594870300.7160268
CYL_PRES_STAT,0,1594870300.7365859
CYL_PRES_STAT,0,1594870300.7892294
CYL_PRES_STAT,0,1594870300.8303142
CYL_PRES_STAT,0,1594870300.842485
CYL_PRES_STAT,0,1594870300.8632119
CYL_PRES_STAT,0,1594870300.8919759
CYL_PRES_STAT,0,1594870300.933295
CYL_PRES_STAT,0,1594870300.965513
CYL_PRES_STAT,0,1594870300.986392
CYL_PRES_STAT,0,1594870301.006784
CYL_PRES_STAT,0,1594870301.030984
CYL_PRES_STAT,0,1594870301.0476198
CYL_PRES_STAT,0,1594870301.0801249
CYL_PRES_STAT,0,1594870301.0886948
CYL_PRES_STAT,0,1594870301.215348
CYL_PRES_STAT,0,1594870301.223574
CYL_PRES_STAT,0,1594870301.232047
CYL_PRES_STAT,0,1594870301.256212
CYL_PRES_STAT,0,1594870301.2684472
CYL_PRES_STAT,0,1594870301.2772481
CYL_PRES_STAT,0,1594870301.285158
CYL_PRES_STAT,0,1594870301.2972126
CYL_PRES_STAT,0,1594870301.338164
CYL_PRES_STAT,0,1594870301.347081
CYL_PRES_STAT,0,1594870301.358625
CYL_PRES_STAT,0,1594870301.36691
CYL_PRES_STAT,0,1594870301.4082859
CYL_PRES_STAT,0,1594870301.5151858
CYL_PRES_STAT,0,1594870301.5266306
CYL_PRES_STAT,0,1594870301.5348132
CYL_PRES_STAT,0,1594870301.543336
CYL_PRES_STAT,0,1594870301.5880358
CYL_PRES_STAT,0,1594870301.596619
CYL_PRES_STAT,0,1594870301.6085038
CYL_PRES_STAT,0,1594870301.6289911
CYL_PRES_STAT,0,1594870301.649536
CYL_PRES_STAT,0,1594870301.7315562
CYL_PRES_STAT,0,1594870301.834312
CYL_PRES_STAT,0,1594870301.8460472
CYL_PRES_STAT,0,1594870301.8544571
CYL_PRES_STAT,0,1594870301.8751981
CYL_PRES_STAT,0,1594870301.895582
CYL_PRES_STAT,0,1594870301.9198241
CYL_PRES_STAT,0,1594870301.960629
CYL_PRES_STAT,0,1594870301.968831
CYL_PRES_STAT,0,1594870301.9777124
CYL_PRES_STAT,0,1594870302.0714571
CYL_PRES_STAT,0,1594870302.12448
CYL_PRES_STAT,0,1594870302.153486
CYL_PRES_STAT,0,1594870302.1656811
CYL_PRES_STAT,0,1594870302.177702
CYL_PRES_STAT,0,1594870302.18605
CYL_PRES_STAT,0,1594870302.227499
CYL_PRES_STAT,0,1594870302.2476962
CYL_PRES_STAT,0,1594870302.2598786
CYL_PRES_STAT,0,1594870302.3502939
CYL_PRES_STAT,0,1594870302.4153314
CYL_PRES_STAT,0,1594870302.4241366
CYL_PRES_STAT,0,1594870302.435752
CYL_PRES_STAT,0,1594870302.476918
CYL_PRES_STAT,0,1594870302.4974198
CYL_PRES_STAT,0,1594870302.5096252
CYL_PRES_STAT,0,1594870302.51809
CYL_PRES_STAT,0,1594870302.538662
CYL_PRES_STAT,0,1594870302.547217
CYL_PRES_STAT,0,1594870302.5587509
CYL_PRES_STAT,0,1594870302.6202528
CYL_PRES_STAT,0,1594870302.652858
CYL_PRES_STAT,0,1594870302.726594
CYL_PRES_STAT,0,1594870302.747256
CYL_PRES_STAT,0,1594870302.755934
CYL_PRES_STAT,0,1594870302.78826
CYL_PRES_STAT,0,1594870302.808574
CYL_PRES_STAT,0,1594870302.849525
CYL_PRES_STAT,0,1594870302.870174
CYL_PRES_STAT,0,1594870302.8903966
CYL_PRES_STAT,0,1594870303.01389
CYL_PRES_STAT,0,1594870303.0545669
CYL_PRES_STAT,0,1594870303.0665529
CYL_PRES_STAT,0,1594870303.095885
CYL_PRES_STAT,0,1594870303.1161118
CYL_PRES_STAT,0,1594870303.140311
CYL_PRES_STAT,0,1594870303.1484768
CYL_PRES_STAT,0,1594870303.198484
CYL_PRES_STAT,0,1594870303.222195
CYL_PRES_STAT,0,1594870303.292245
CYL_PRES_STAT,0,1594870303.304173
CYL_PRES_STAT,0,1594870303.3452091
CYL_PRES_STAT,0,1594870303.365642
CYL_PRES_STAT,0,1594870303.3869069
CYL_PRES_STAT,0,1594870303.4105668
CYL_PRES_STAT,0,1594870303.418954
CYL_PRES_STAT,0,1594870303.42711
CYL_PRES_STAT,0,1594870303.468642
CYL_PRES_STAT,0,1594870303.5622456
CYL_PRES_STAT,0,1594870303.582886
CYL_PRES_STAT,0,1594870303.6154726
CYL_PRES_STAT,0,1594870303.6360679
CYL_PRES_STAT,0,1594870303.656352
CYL_PRES_STAT,0,1594870303.6686091
CYL_PRES_STAT,0,1594870303.677394
CYL_PRES_STAT,0,1594870303.6859572
CYL_PRES_STAT,0,1594870303.7382872
CYL_PRES_STAT,0,1594870303.7472472
CYL_PRES_STAT,0,1594870303.779266
CYL_PRES_STAT,0,1594870303.8084722
CYL_PRES_STAT,0,1594870303.915267
CYL_PRES_STAT,0,1594870303.926728
CYL_PRES_STAT,0,1594870303.943757
CYL_PRES_STAT,0,1594870303.988033
CYL_PRES_STAT,0,1594870303.99646
CYL_PRES_STAT,0,1594870304.0085812
CYL_PRES_STAT,0,1594870304.0495698
CYL_PRES_STAT,0,1594870304.110945
CYL_PRES_STAT,0,1594870304.140265
CYL_PRES_STAT,0,1594870304.152042
CYL_PRES_STAT,0,1594870304.1608212
CYL_PRES_STAT,0,1594870304.234376
CYL_PRES_STAT,0,1594870304.2463126
CYL_PRES_STAT,0,1594870304.254882
CYL_PRES_STAT,0,1594870304.278881
CYL_PRES_STAT,0,1594870304.2994199
CYL_PRES_STAT,0,1594870304.30761
CYL_PRES_STAT,0,1594870304.3162284
CYL_PRES_STAT,0,1594870304.3282099
CYL_PRES_STAT,0,1594870304.357099
CYL_PRES_STAT,0,1594870304.3775382
CYL_PRES_STAT,0,1594870304.471499
CYL_PRES_STAT,0,1594870304.483768
CYL_PRES_STAT,0,1594870304.52483
CYL_PRES_STAT,0,1594870304.545592
CYL_PRES_STAT,0,1594870304.566058
CYL_PRES_STAT,0,1594870304.6069472
CYL_PRES_STAT,0,1594870304.627302
CYL_PRES_STAT,0,1594870304.647858
CYL_PRES_STAT,0,1594870304.6688044
CYL_PRES_STAT,0,1594870304.688816
CYL_PRES_STAT,0,1594870304.782775
CYL_PRES_STAT,0,1594870304.794933
CYL_PRES_STAT,0,1594870304.8154721
CYL_PRES_STAT,0,1594870304.8238046
CYL_PRES_STAT,0,1594870304.8361778
CYL_PRES_STAT,0,1594870304.844299
CYL_PRES_STAT,0,1594870304.856386
CYL_PRES_STAT,0,1594870304.8768868
CYL_PRES_STAT,0,1594870304.8855991
CYL_PRES_STAT,0,1594870304.897417
CYL_PRES_STAT,0,1594870304.905927
CYL_PRES_STAT,0,1594870304.9178526
CYL_PRES_STAT,0,1594870304.9795
CYL_PRES_STAT,0,1594870305.1025448
CYL_PRES_STAT,0,1594870305.1232672
CYL_PRES_STAT,0,1594870305.147279
CYL_PRES_STAT,0,1594870305.155781
CYL_PRES_STAT,0,1594870305.167702
CYL_PRES_STAT,0,1594870305.188076
CYL_PRES_STAT,0,1594870305.196515
CYL_PRES_STAT,0,1594870305.2086458
CYL_PRES_STAT,0,1594870305.2169108
CYL_PRES_STAT,0,1594870305.2701054
CYL_PRES_STAT,0,1594870305.381511
CYL_PRES_STAT,0,1594870305.3930922
CYL_PRES_STAT,0,1594870305.414133
CYL_PRES_STAT,0,1594870305.434426
CYL_PRES_STAT,0,1594870305.487241
CYL_PRES_STAT,0,1594870305.5815039
CYL_PRES_STAT,0,1594870305.6923046
CYL_PRES_STAT,0,1594870305.7333262
CYL_PRES_STAT,0,1594870305.745232
CYL_PRES_STAT,0,1594870305.766116
CYL_PRES_STAT,0,1594870305.7902448
CYL_PRES_STAT,0,1594870305.794805
CYL_PRES_STAT,0,1594870305.806698
CYL_PRES_STAT,0,1594870305.827584
CYL_PRES_STAT,0,1594870305.868718
CYL_PRES_STAT,0,1594870305.962328
CYL_PRES_STAT,0,1594870305.995088
CYL_PRES_STAT,0,1594870306.0155468
CYL_PRES_STAT,0,1594870306.0360682
CYL_PRES_STAT,0,1594870306.0650284
CYL_PRES_STAT,0,1594870306.0976849
CYL_PRES_STAT,0,1594870306.126592
CYL_PRES_STAT,0,1594870306.138316
CYL_PRES_STAT,0,1594870306.150631
CYL_PRES_STAT,0,1594870306.302712
CYL_PRES_STAT,0,1594870306.314549
CYL_PRES_STAT,0,1594870306.322992
CYL_PRES_STAT,0,1594870306.3556118
CYL_PRES_STAT,0,1594870306.367869
CYL_PRES_STAT,0,1594870306.384619
CYL_PRES_STAT,0,1594870306.396466
CYL_PRES_STAT,0,1594870306.40865
CYL_PRES_STAT,0,1594870306.416981
CYL_PRES_STAT,0,1594870306.429182
CYL_PRES_STAT,0,1594870306.4497519
CYL_PRES_STAT,0,1594870306.581581
CYL_PRES_STAT,0,1594870306.614347
CYL_PRES_STAT,0,1594870306.634401
CYL_PRES_STAT,0,1594870306.6464078
CYL_PRES_STAT,0,1594870306.666759
CYL_PRES_STAT,0,1594870306.675532
CYL_PRES_STAT,0,1594870306.781583
CYL_PRES_STAT,0,1594870306.904341
CYL_PRES_STAT,0,1594870306.9249141
CYL_PRES_STAT,0,1594870306.945353
CYL_PRES_STAT,0,1594870307.0068624
CYL_PRES_STAT,0,1594870307.0272741
CYL_PRES_STAT,0,1594870307.048269
CYL_PRES_STAT,0,1594870307.0684779
CYL_PRES_STAT,0,1594870307.1505392
CYL_PRES_STAT,0,1594870307.195153
CYL_PRES_STAT,0,1594870307.215607
CYL_PRES_STAT,0,1594870307.224288
CYL_PRES_STAT,0,1594870307.2362971
CYL_PRES_STAT,0,1594870307.27721
CYL_PRES_STAT,0,1594870307.2976918
CYL_PRES_STAT,0,1594870307.309799
CYL_PRES_STAT,0,1594870307.3184981
CYL_PRES_STAT,0,1594870307.347425
CYL_PRES_STAT,0,1594870307.4204562
CYL_PRES_STAT,0,1594870307.4409199
CYL_PRES_STAT,0,1594870307.4614806
CYL_PRES_STAT,0,1594870307.5064476
CYL_PRES_STAT,0,1594870307.514647
CYL_PRES_STAT,0,1594870307.5233831
CYL_PRES_STAT,0,1594870307.5474648
CYL_PRES_STAT,0,1594870307.5679688
CYL_PRES_STAT,0,1594870307.5847142
CYL_PRES_STAT,0,1594870307.629333
CYL_PRES_STAT,0,1594870307.6378288
CYL_PRES_STAT,0,1594870307.649784
CYL_PRES_STAT,0,1594870307.6579998
CYL_PRES_STAT,0,1594870307.79375
CYL_PRES_STAT,0,1594870307.8055608
CYL_PRES_STAT,0,1594870307.8554919
CYL_PRES_STAT,0,1594870307.875499
CYL_PRES_STAT,0,1594870307.8872962
CYL_PRES_STAT,0,1594870307.895926
CYL_PRES_STAT,0,1594870307.9164028
CYL_PRES_STAT,0,1594870307.95746
CYL_PRES_STAT,0,1594870307.969426
CYL_PRES_STAT,0,1594870308.071899
CYL_PRES_STAT,0,1594870308.1371992
CYL_PRES_STAT,0,1594870308.1454878
CYL_PRES_STAT,0,1594870308.1662562
CYL_PRES_STAT,0,1594870308.190393
CYL_PRES_STAT,0,1594870308.194975
CYL_PRES_STAT,0,1594870308.206917
CYL_PRES_STAT,0,1594870308.248675
CYL_PRES_STAT,0,1594870308.4362738
CYL_PRES_STAT,0,1594870308.45666
CYL_PRES_STAT,0,1594870308.4652462
CYL_PRES_STAT,0,1594870308.4771142
CYL_PRES_STAT,0,1594870308.485783
CYL_PRES_STAT,0,1594870308.497665
CYL_PRES_STAT,0,1594870308.5184321
CYL_PRES_STAT,0,1594870308.526701
CYL_PRES_STAT,0,1594870308.686033
CYL_PRES_STAT,0,1594870308.706474
CYL_PRES_STAT,0,1594870308.7681801
CYL_PRES_STAT,0,1594870308.797494
CYL_PRES_STAT,0,1594870308.808973
CYL_PRES_STAT,0,1594870308.8293812
CYL_PRES_STAT,0,1594870308.85819
CYL_PRES_STAT,0,1594870308.8789382
CYL_PRES_STAT,0,1594870308.9201546
CYL_PRES_STAT,0,1594870309.01378
CYL_PRES_STAT,0,1594870309.034667
CYL_PRES_STAT,0,1594870309.0554152
CYL_PRES_STAT,0,1594870309.079246
CYL_PRES_STAT,0,1594870309.136748
CYL_PRES_STAT,0,1594870309.1576152
CYL_PRES_STAT,0,1594870309.1693199
CYL_PRES_STAT,0,1594870309.251325
CYL_PRES_STAT,0,1594870309.284034
CYL_PRES_STAT,0,1594870309.304599
CYL_PRES_STAT,0,1594870309.325323
CYL_PRES_STAT,0,1594870309.345532
CYL_PRES_STAT,0,1594870309.354375
CYL_PRES_STAT,0,1594870309.3868911
CYL_PRES_STAT,0,1594870309.406975
CYL_PRES_STAT,0,1594870309.427903
CYL_PRES_STAT,0,1594870309.448534
CYL_PRES_STAT,0,1594870309.501266
CYL_PRES_STAT,0,1594870309.583034
CYL_PRES_STAT,0,1594870309.603437
CYL_PRES_STAT,0,1594870309.6566222
CYL_PRES_STAT,0,1594870309.6771731
CYL_PRES_STAT,0,1594870309.6976798
CYL_PRES_STAT,0,1594870309.709858
CYL_PRES_STAT,0,1594870309.718165
CYL_PRES_STAT,0,1594870309.8207
CYL_PRES_STAT,0,1594870309.902962
CYL_PRES_STAT,0,1594870309.923615
CYL_PRES_STAT,0,1594870309.947546
CYL_PRES_STAT,0,1594870309.9558039
CYL_PRES_STAT,0,1594870309.9680626
CYL_PRES_STAT,0,1594870309.976266
CYL_PRES_STAT,0,1594870310.037689
CYL_PRES_STAT,0,1594870310.070317
CYL_PRES_STAT,0,1594870310.1318886
CYL_PRES_STAT,0,1594870310.2055008
CYL_PRES_STAT,0,1594870310.214635
CYL_PRES_STAT,0,1594870310.234383
CYL_PRES_STAT,0,1594870310.2756171
CYL_PRES_STAT,0,1594870310.287573
CYL_PRES_STAT,0,1594870310.296034
CYL_PRES_STAT,0,1594870310.3165631
CYL_PRES_STAT,0,1594870310.34071
CYL_PRES_STAT,0,1594870310.3899438
CYL_PRES_STAT,0,1594870310.410398
CYL_PRES_STAT,0,1594870310.484126
CYL_PRES_STAT,0,1594870310.525111
CYL_PRES_STAT,0,1594870310.5455651
CYL_PRES_STAT,0,1594870310.566369
CYL_PRES_STAT,0,1594870310.586831
CYL_PRES_STAT,0,1594870310.607027
CYL_PRES_STAT,0,1594870310.6192806
CYL_PRES_STAT,0,1594870310.648431
CYL_PRES_STAT,0,1594870310.668426
CYL_PRES_STAT,0,1594870310.783256
CYL_PRES_STAT,0,1594870310.8158069
CYL_PRES_STAT,0,1594870310.856777
CYL_PRES_STAT,0,1594870310.877248
CYL_PRES_STAT,0,1594870310.897874
CYL_PRES_STAT,0,1594870310.918273
CYL_PRES_STAT,0,1594870310.967977
CYL_PRES_STAT,0,1594870310.9798489
CYL_PRES_STAT,0,1594870311.0830028
CYL_PRES_STAT,0,1594870311.106671
CYL_PRES_STAT,0,1594870311.115186
CYL_PRES_STAT,0,1594870311.145055
CYL_PRES_STAT,0,1594870311.1679811
CYL_PRES_STAT,0,1594870311.188719
CYL_PRES_STAT,0,1594870311.2091572
CYL_PRES_STAT,0,1594870311.229503
CYL_PRES_STAT,0,1594870311.2704792
CYL_PRES_STAT,0,1594870311.3200572
CYL_PRES_STAT,0,1594870311.3406382
CYL_PRES_STAT,0,1594870311.4145534
CYL_PRES_STAT,0,1594870311.4344368
CYL_PRES_STAT,0,1594870311.4466321
CYL_PRES_STAT,0,1594870311.4556382
CYL_PRES_STAT,0,1594870311.475786
CYL_PRES_STAT,0,1594870311.5285382
CYL_PRES_STAT,0,1594870311.5373206
CYL_PRES_STAT,0,1594870311.557568
CYL_PRES_STAT,0,1594870311.5695202
CYL_PRES_STAT,0,1594870311.57803
CYL_PRES_STAT,0,1594870311.598613
CYL_PRES_STAT,0,1594870311.6841528
CYL_PRES_STAT,0,1594870311.6964061
CYL_PRES_STAT,0,1594870311.70469
CYL_PRES_STAT,0,1594870311.725157
CYL_PRES_STAT,0,1594870311.745624
CYL_PRES_STAT,0,1594870311.774792
CYL_PRES_STAT,0,1594870311.786664
CYL_PRES_STAT,0,1594870311.8076699
CYL_PRES_STAT,0,1594870311.839746
CYL_PRES_STAT,0,1594870311.8480651
CYL_PRES_STAT,0,1594870311.8602278
CYL_PRES_STAT,0,1594870312.0858932
CYL_PRES_STAT,0,1594870312.097825
CYL_PRES_STAT,0,1594870312.1065886
CYL_PRES_STAT,0,1594870312.11824
CYL_PRES_STAT,0,1594870312.314938
CYL_PRES_STAT,0,1594870312.3234482
CYL_PRES_STAT,0,1594870312.3476338
CYL_PRES_STAT,0,1594870312.355905
CYL_PRES_STAT,0,1594870312.3680582
CYL_PRES_STAT,0,1594870312.405801
CYL_PRES_STAT,0,1594870312.438431
CYL_PRES_STAT,0,1594870312.4997408
CYL_PRES_STAT,0,1594870312.560734
CYL_PRES_STAT,0,1594870312.597595
CYL_PRES_STAT,0,1594870312.605817
CYL_PRES_STAT,0,1594870312.614007
CYL_PRES_STAT,0,1594870312.6225061
CYL_PRES_STAT,0,1594870312.65563
CYL_PRES_STAT,0,1594870312.6757052
CYL_PRES_STAT,0,1594870312.6876512
CYL_PRES_STAT,0,1594870312.6998124
CYL_PRES_STAT,0,1594870312.7203472
CYL_PRES_STAT,0,1594870312.7285938
CYL_PRES_STAT,0,1594870312.7372491
CYL_PRES_STAT,0,1594870312.7579
CYL_PRES_STAT,0,1594870312.884227
CYL_PRES_STAT,0,1594870312.925193
CYL_PRES_STAT,0,1594870312.9340136
CYL_PRES_STAT,0,1594870312.946082
CYL_PRES_STAT,0,1594870312.986763
CYL_PRES_STAT,0,1594870313.130532
CYL_PRES_STAT,0,1594870313.195502
CYL_PRES_STAT,0,1594870313.216009
CYL_PRES_STAT,0,1594870313.236396
CYL_PRES_STAT,0,1594870313.256995
CYL_PRES_STAT,0,1594870313.265615
CYL_PRES_STAT,0,1594870313.2859669
CYL_PRES_STAT,0,1594870313.297914
CYL_PRES_STAT,0,1594870313.318617
CYL_PRES_STAT,0,1594870313.338891
CYL_PRES_STAT,0,1594870313.3479428
CYL_PRES_STAT,0,1594870313.359489
CYL_PRES_STAT,0,1594870313.4498868
CYL_PRES_STAT,0,1594870313.4826472
CYL_PRES_STAT,0,1594870313.5030632
CYL_PRES_STAT,0,1594870313.5477731
CYL_PRES_STAT,0,1594870313.5971148
CYL_PRES_STAT,0,1594870313.629708
CYL_PRES_STAT,0,1594870313.670594
CYL_PRES_STAT,0,1594870313.797535
CYL_PRES_STAT,0,1594870313.8021526
CYL_PRES_STAT,0,1594870313.814086
CYL_PRES_STAT,0,1594870313.8349268
CYL_PRES_STAT,0,1594870313.846797
CYL_PRES_STAT,0,1594870313.8553462
CYL_PRES_STAT,0,1594870313.875838
CYL_PRES_STAT,0,1594870313.896477
CYL_PRES_STAT,0,1594870313.916843
CYL_PRES_STAT,0,1594870313.928658
CYL_PRES_STAT,0,1594870313.957344
CYL_PRES_STAT,0,1594870313.978227
CYL_PRES_STAT,0,1594870313.99012
CYL_PRES_STAT,0,1594870314.084922
CYL_PRES_STAT,0,1594870314.096648
CYL_PRES_STAT,0,1594870314.1048794
CYL_PRES_STAT,0,1594870314.1252642
CYL_PRES_STAT,0,1594870314.154269
CYL_PRES_STAT,0,1594870314.178557
CYL_PRES_STAT,0,1594870314.186713
CYL_PRES_STAT,0,1594870314.2280588
CYL_PRES_STAT,0,1594870314.268765
CYL_PRES_STAT,0,1594870314.4242716
CYL_PRES_STAT,0,1594870314.4364312
CYL_PRES_STAT,0,1594870314.4570868
CYL_PRES_STAT,0,1594870314.477796
CYL_PRES_STAT,0,1594870314.498244
CYL_PRES_STAT,0,1594870314.5068731
CYL_PRES_STAT,0,1594870314.518541
CYL_PRES_STAT,0,1594870314.559468
CYL_PRES_STAT,0,1594870314.682693
CYL_PRES_STAT,0,1594870314.7032351
CYL_PRES_STAT,0,1594870314.723695
CYL_PRES_STAT,0,1594870314.7560918
CYL_PRES_STAT,0,1594870314.768357
CYL_PRES_STAT,0,1594870314.809338
CYL_PRES_STAT,0,1594870314.8297868
CYL_PRES_STAT,0,1594870314.8382864
CYL_PRES_STAT,0,1594870314.961194
CYL_PRES_STAT,0,1594870314.993744
CYL_PRES_STAT,0,1594870315.0057259
CYL_PRES_STAT,0,1594870315.055118
CYL_PRES_STAT,0,1594870315.075571
CYL_PRES_STAT,0,1594870315.088565
CYL_PRES_STAT,0,1594870315.096398
CYL_PRES_STAT,0,1594870315.108232
CYL_PRES_STAT,0,1594870315.120492
CYL_PRES_STAT,0,1594870315.12875
CYL_PRES_STAT,0,1594870315.137464
CYL_PRES_STAT,0,1594870315.1697886
CYL_PRES_STAT,0,1594870315.2312386
CYL_PRES_STAT,0,1594870315.28445
CYL_PRES_STAT,0,1594870315.337655
CYL_PRES_STAT,0,1594870315.3459039
CYL_PRES_STAT,0,1594870315.3664708
CYL_PRES_STAT,0,1594870315.386909
CYL_PRES_STAT,0,1594870315.39536
CYL_PRES_STAT,0,1594870315.436497
CYL_PRES_STAT,0,1594870315.4482539
CYL_PRES_STAT,0,1594870315.583468
CYL_PRES_STAT,0,1594870315.5956619
CYL_PRES_STAT,0,1594870315.6162071
CYL_PRES_STAT,0,1594870315.6368158
CYL_PRES_STAT,0,1594870315.6570518
CYL_PRES_STAT,0,1594870315.6981068
CYL_PRES_STAT,0,1594870315.718457
CYL_PRES_STAT,0,1594870315.767967
CYL_PRES_STAT,0,1594870315.874133
CYL_PRES_STAT,0,1594870315.88272
CYL_PRES_STAT,0,1594870315.903095
CYL_PRES_STAT,0,1594870315.915117
CYL_PRES_STAT,0,1594870315.935609
CYL_PRES_STAT,0,1594870315.944159
CYL_PRES_STAT,0,1594870315.985525
CYL_PRES_STAT,0,1594870315.9973881
CYL_PRES_STAT,0,1594870316.058518
CYL_PRES_STAT,0,1594870316.193741
CYL_PRES_STAT,0,1594870316.214616
CYL_PRES_STAT,0,1594870316.234693
CYL_PRES_STAT,0,1594870316.2468538
CYL_PRES_STAT,0,1594870316.255693
CYL_PRES_STAT,0,1594870316.275944
CYL_PRES_STAT,0,1594870316.28783
CYL_PRES_STAT,0,1594870316.316847
CYL_PRES_STAT,0,1594870316.328788
CYL_PRES_STAT,0,1594870316.337195
CYL_PRES_STAT,0,1594870316.349231
CYL_PRES_STAT,0,1594870316.3902452
CYL_PRES_STAT,0,1594870316.4107869
CYL_PRES_STAT,0,1594870316.4967618
CYL_PRES_STAT,0,1594870316.505476
CYL_PRES_STAT,0,1594870316.513251
CYL_PRES_STAT,0,1594870316.5253792
CYL_PRES_STAT,0,1594870316.566377
CYL_PRES_STAT,0,1594870316.575003
CYL_PRES_STAT,0,1594870316.586818
CYL_PRES_STAT,0,1594870316.6074312
CYL_PRES_STAT,0,1594870316.628145
CYL_PRES_STAT,0,1594870316.6688828
CYL_PRES_STAT,0,1594870316.742548
CYL_PRES_STAT,0,1594870316.8163671
CYL_PRES_STAT,0,1594870316.8244634
CYL_PRES_STAT,0,1594870316.83652
CYL_PRES_STAT,0,1594870316.857184
CYL_PRES_STAT,0,1594870316.877593
CYL_PRES_STAT,0,1594870316.898164
CYL_PRES_STAT,0,1594870316.980156
CYL_PRES_STAT,0,1594870317.0209289
CYL_PRES_STAT,0,1594870317.050091
CYL_PRES_STAT,0,1594870317.1070886
CYL_PRES_STAT,0,1594870317.115257
CYL_PRES_STAT,0,1594870317.1238232
CYL_PRES_STAT,0,1594870317.14431
CYL_PRES_STAT,0,1594870317.156242
CYL_PRES_STAT,0,1594870317.205955
CYL_PRES_STAT,0,1594870317.22618
CYL_PRES_STAT,0,1594870317.2467752
CYL_PRES_STAT,0,1594870317.2707212
CYL_PRES_STAT,0,1594870317.340968
CYL_PRES_STAT,0,1594870317.39378
CYL_PRES_STAT,0,1594870317.402308
CYL_PRES_STAT,0,1594870317.414419
CYL_PRES_STAT,0,1594870317.4555779
CYL_PRES_STAT,0,1594870317.476083
CYL_PRES_STAT,0,1594870317.4880626
CYL_PRES_STAT,0,1594870317.4965339
CYL_PRES_STAT,0,1594870317.5208454
CYL_PRES_STAT,0,1594870317.54938
CYL_PRES_STAT,0,1594870317.5699706
CYL_PRES_STAT,0,1594870317.599209
CYL_PRES_STAT,0,1594870317.610824
CYL_PRES_STAT,0,1594870317.7053108
CYL_PRES_STAT,0,1594870317.725543
CYL_PRES_STAT,0,1594870317.7377849
CYL_PRES_STAT,0,1594870317.7460322
CYL_PRES_STAT,0,1594870317.7668722
CYL_PRES_STAT,0,1594870317.827939
CYL_PRES_STAT,0,1594870317.848398
CYL_PRES_STAT,0,1594870317.8811939
CYL_PRES_STAT,0,1594870318.098254
CYL_PRES_STAT,0,1594870318.118755
CYL_PRES_STAT,0,1594870318.139241
CYL_PRES_STAT,0,1594870318.188916
CYL_PRES_STAT,0,1594870318.3442829
CYL_PRES_STAT,0,1594870318.368486
CYL_PRES_STAT,0,1594870318.3890631
CYL_PRES_STAT,0,1594870318.397674
CYL_PRES_STAT,0,1594870318.40958
CYL_PRES_STAT,0,1594870318.417699
CYL_PRES_STAT,0,1594870318.42594
CYL_PRES_STAT,0,1594870318.470759
CYL_PRES_STAT,0,1594870318.499635
CYL_PRES_STAT,0,1594870318.593808
CYL_PRES_STAT,0,1594870318.6145
CYL_PRES_STAT,0,1594870318.6354508
CYL_PRES_STAT,0,1594870318.647137
CYL_PRES_STAT,0,1594870318.6552029
CYL_PRES_STAT,0,1594870318.675745
CYL_PRES_STAT,0,1594870318.716887
CYL_PRES_STAT,0,1594870318.737134
CYL_PRES_STAT,0,1594870318.745683
CYL_PRES_STAT,0,1594870318.790383
CYL_PRES_STAT,0,1594870318.884602
CYL_PRES_STAT,0,1594870318.892899
CYL_PRES_STAT,0,1594870318.905123
CYL_PRES_STAT,0,1594870318.925558
CYL_PRES_STAT,0,1594870318.966536
CYL_PRES_STAT,0,1594870318.987051
CYL_PRES_STAT,0,1594870319.007514
CYL_PRES_STAT,0,1594870319.0484939
CYL_PRES_STAT,0,1594870319.130723
CYL_PRES_STAT,0,1594870319.171993
CYL_PRES_STAT,0,1594870319.212544
CYL_PRES_STAT,0,1594870319.224559
CYL_PRES_STAT,0,1594870319.236725
CYL_PRES_STAT,0,1594870319.2450671
CYL_PRES_STAT,0,1594870319.2536821
CYL_PRES_STAT,0,1594870319.277771
CYL_PRES_STAT,0,1594870319.2984488
CYL_PRES_STAT,0,1594870319.3391461
CYL_PRES_STAT,0,1594870319.429673
CYL_PRES_STAT,0,1594870319.503765
CYL_PRES_STAT,0,1594870319.527541
CYL_PRES_STAT,0,1594870319.535691
CYL_PRES_STAT,0,1594870319.5444338
CYL_PRES_STAT,0,1594870319.58564
CYL_PRES_STAT,0,1594870319.6059039
CYL_PRES_STAT,0,1594870319.63825
CYL_PRES_STAT,0,1594870319.650499
CYL_PRES_STAT,0,1594870319.69984
CYL_PRES_STAT,0,1594870319.711859
CYL_PRES_STAT,0,1594870319.7938972
CYL_PRES_STAT,0,1594870319.806068
CYL_PRES_STAT,0,1594870319.814448
CYL_PRES_STAT,0,1594870319.855348
CYL_PRES_STAT,0,1594870319.876107
CYL_PRES_STAT,0,1594870319.8879788
CYL_PRES_STAT,0,1594870319.896609
CYL_PRES_STAT,0,1594870319.928965
CYL_PRES_STAT,0,1594870319.937199
CYL_PRES_STAT,0,1594870319.970069
CYL_PRES_STAT,0,1594870320.125643
CYL_PRES_STAT,0,1594870320.13794
CYL_PRES_STAT,0,1594870320.1460018
CYL_PRES_STAT,0,1594870320.1666274
CYL_PRES_STAT,0,1594870320.187044
CYL_PRES_STAT,0,1594870320.2160242
CYL_PRES_STAT,0,1594870320.248472
CYL_PRES_STAT,0,1594870320.2570472
CYL_PRES_STAT,0,1594870320.2688859
CYL_PRES_STAT,0,1594870320.2894974
CYL_PRES_STAT,0,1594870320.3630762
CYL_PRES_STAT,0,1594870320.392103
CYL_PRES_STAT,0,1594870320.416354
CYL_PRES_STAT,0,1594870320.43678
CYL_PRES_STAT,0,1594870320.465599
CYL_PRES_STAT,0,1594870320.47428
CYL_PRES_STAT,0,1594870320.494517
CYL_PRES_STAT,0,1594870320.5186794
CYL_PRES_STAT,0,1594870320.547873
CYL_PRES_STAT,0,1594870320.6829882
CYL_PRES_STAT,0,1594870320.724053
CYL_PRES_STAT,0,1594870320.7443929
CYL_PRES_STAT,0,1594870320.7649288
CYL_PRES_STAT,0,1594870320.789034
CYL_PRES_STAT,0,1594870320.8096142
CYL_PRES_STAT,0,1594870320.817708
CYL_PRES_STAT,0,1594870320.993966
CYL_PRES_STAT,0,1594870321.0146
CYL_PRES_STAT,0,1594870321.034982
CYL_PRES_STAT,0,1594870321.0553348
CYL_PRES_STAT,0,1594870321.075842
CYL_PRES_STAT,0,1594870321.10479
CYL_PRES_STAT,0,1594870321.125391
CYL_PRES_STAT,0,1594870321.1372328
CYL_PRES_STAT,0,1594870321.157813
CYL_PRES_STAT,0,1594870321.1787212
CYL_PRES_STAT,0,1594870321.260519
CYL_PRES_STAT,0,1594870321.284666
CYL_PRES_STAT,0,1594870321.2934198
CYL_PRES_STAT,0,1594870321.305248
CYL_PRES_STAT,0,1594870321.3666961
CYL_PRES_STAT,0,1594870321.387224
CYL_PRES_STAT,0,1594870321.40766
CYL_PRES_STAT,0,1594870321.4283662
CYL_PRES_STAT,0,1594870321.5305529
CYL_PRES_STAT,0,1594870321.612928
CYL_PRES_STAT,0,1594870321.624773
CYL_PRES_STAT,0,1594870321.6369991
CYL_PRES_STAT,0,1594870321.6656694
CYL_PRES_STAT,0,1594870321.6741538
CYL_PRES_STAT,0,1594870321.694634
CYL_PRES_STAT,0,1594870321.7392302
CYL_PRES_STAT,0,1594870321.756094
CYL_PRES_STAT,0,1594870321.850317
CYL_PRES_STAT,0,1594870321.903444
CYL_PRES_STAT,0,1594870321.9241114
CYL_PRES_STAT,0,1594870321.944427
CYL_PRES_STAT,0,1594870321.956449
CYL_PRES_STAT,0,1594870321.965329
CYL_PRES_STAT,0,1594870322.026573
CYL_PRES_STAT,0,1594870322.047194
CYL_PRES_STAT,0,1594870322.058775
CYL_PRES_STAT,0,1594870322.0676742
CYL_PRES_STAT,0,1594870322.214564
CYL_PRES_STAT,0,1594870322.255389
CYL_PRES_STAT,0,1594870322.288288
CYL_PRES_STAT,0,1594870322.3172524
CYL_PRES_STAT,0,1594870322.3254051
CYL_PRES_STAT,0,1594870322.3701134
CYL_PRES_STAT,0,1594870322.3991194
CYL_PRES_STAT,0,1594870322.4604876
CYL_PRES_STAT,0,1594870322.493144
CYL_PRES_STAT,0,1594870322.522273
CYL_PRES_STAT,0,1594870322.546316
CYL_PRES_STAT,0,1594870322.566808
CYL_PRES_STAT,0,1594870322.5873194
CYL_PRES_STAT,0,1594870322.5954828
CYL_PRES_STAT,0,1594870322.628133
CYL_PRES_STAT,0,1594870322.6487172
CYL_PRES_STAT,0,1594870322.710111
CYL_PRES_STAT,0,1594870322.8130329
CYL_PRES_STAT,0,1594870322.8948858
CYL_PRES_STAT,0,1594870322.9154232
CYL_PRES_STAT,0,1594870322.9394321
CYL_PRES_STAT,0,1594870322.948212
CYL_PRES_STAT,0,1594870322.959813
CYL_PRES_STAT,0,1594870322.967948
CYL_PRES_STAT,0,1594870322.976798
CYL_PRES_STAT,0,1594870323.1123939
CYL_PRES_STAT,0,1594870323.1442602
CYL_PRES_STAT,0,1594870323.164924
CYL_PRES_STAT,0,1594870323.185516
CYL_PRES_STAT,0,1594870323.2060661
CYL_PRES_STAT,0,1594870323.22626
CYL_PRES_STAT,0,1594870323.2467806
CYL_PRES_STAT,0,1594870323.26737
CYL_PRES_STAT,0,1594870323.279364
CYL_PRES_STAT,0,1594870323.2876859
CYL_PRES_STAT,0,1594870323.307982
CYL_PRES_STAT,0,1594870323.4963222
CYL_PRES_STAT,0,1594870323.516983
CYL_PRES_STAT,0,1594870323.529103
CYL_PRES_STAT,0,1594870323.537497
CYL_PRES_STAT,0,1594870323.545641
CYL_PRES_STAT,0,1594870323.557821
CYL_PRES_STAT,0,1594870323.5782886
CYL_PRES_STAT,0,1594870323.599073
CYL_PRES_STAT,0,1594870323.611049
CYL_PRES_STAT,0,1594870323.648447
CYL_PRES_STAT,0,1594870323.680814
CYL_PRES_STAT,0,1594870323.7421849
CYL_PRES_STAT,0,1594870323.783711
CYL_PRES_STAT,0,1594870323.807626
CYL_PRES_STAT,0,1594870323.828141
CYL_PRES_STAT,0,1594870323.8364868
CYL_PRES_STAT,0,1594870323.844973
CYL_PRES_STAT,0,1594870323.856854
CYL_PRES_STAT,0,1594870323.91012
CYL_PRES_STAT,0,1594870323.926969
CYL_PRES_STAT,0,1594870323.938784
CYL_PRES_STAT,0,1594870323.9593446
CYL_PRES_STAT,0,1594870324.0534024
CYL_PRES_STAT,0,1594870324.062165
CYL_PRES_STAT,0,1594870324.0944278
CYL_PRES_STAT,0,1594870324.1066089
CYL_PRES_STAT,0,1594870324.115077
CYL_PRES_STAT,0,1594870324.123481
CYL_PRES_STAT,0,1594870324.144137
CYL_PRES_STAT,0,1594870324.155848
CYL_PRES_STAT,0,1594870324.1764636
CYL_PRES_STAT,0,1594870324.1850848
CYL_PRES_STAT,0,1594870324.196991
CYL_PRES_STAT,0,1594870324.2176769
CYL_PRES_STAT,0,1594870324.23839
CYL_PRES_STAT,0,1594870324.2582774
CYL_PRES_STAT,0,1594870324.434735
CYL_PRES_STAT,0,1594870324.4466429
CYL_PRES_STAT,0,1594870324.4672391
CYL_PRES_STAT,0,1594870324.4878118
CYL_PRES_STAT,0,1594870324.549077
CYL_PRES_STAT,0,1594870324.569437
CYL_PRES_STAT,0,1594870324.700949
CYL_PRES_STAT,0,1594870324.712924
CYL_PRES_STAT,0,1594870324.734016
CYL_PRES_STAT,0,1594870324.754174
CYL_PRES_STAT,0,1594870324.815669
CYL_PRES_STAT,0,1594870324.836454
CYL_PRES_STAT,0,1594870324.856652
CYL_PRES_STAT,0,1594870324.8686314
CYL_PRES_STAT,0,1594870324.877324
CYL_PRES_STAT,0,1594870324.8890398
CYL_PRES_STAT,0,1594870324.8985534
CYL_PRES_STAT,0,1594870325.012344
CYL_PRES_STAT,0,1594870325.065164
CYL_PRES_STAT,0,1594870325.0862124
CYL_PRES_STAT,0,1594870325.0979671
CYL_PRES_STAT,0,1594870325.106127
CYL_PRES_STAT,0,1594870325.1270142
CYL_PRES_STAT,0,1594870325.188071
CYL_PRES_STAT,0,1594870325.20851
CYL_PRES_STAT,0,1594870325.290813
CYL_PRES_STAT,0,1594870325.335701
CYL_PRES_STAT,0,1594870325.352309
CYL_PRES_STAT,0,1594870325.376544
CYL_PRES_STAT,0,1594870325.3971431
CYL_PRES_STAT,0,1594870325.458292
CYL_PRES_STAT,0,1594870325.4751098
CYL_PRES_STAT,0,1594870325.642805
CYL_PRES_STAT,0,1594870325.6632352
CYL_PRES_STAT,0,1594870325.704565
CYL_PRES_STAT,0,1594870325.7248368
CYL_PRES_STAT,0,1594870325.7490802
CYL_PRES_STAT,0,1594870325.7578702
CYL_PRES_STAT,0,1594870325.769591
CYL_PRES_STAT,0,1594870325.7862759
CYL_PRES_STAT,0,1594870325.8070538
CYL_PRES_STAT,0,1594870325.8272474
CYL_PRES_STAT,0,1594870325.921689
CYL_PRES_STAT,0,1594870325.954051
CYL_PRES_STAT,0,1594870325.9745471
CYL_PRES_STAT,0,1594870325.994926
CYL_PRES_STAT,0,1594870326.007103
CYL_PRES_STAT,0,1594870326.015788
CYL_PRES_STAT,0,1594870326.035815
CYL_PRES_STAT,0,1594870326.089053
CYL_PRES_STAT,0,1594870326.098186
CYL_PRES_STAT,0,1594870326.1177652
CYL_PRES_STAT,0,1594870326.261455
CYL_PRES_STAT,0,1594870326.285592
CYL_PRES_STAT,0,1594870326.30239
CYL_PRES_STAT,0,1594870326.347106
CYL_PRES_STAT,0,1594870326.367541
CYL_PRES_STAT,0,1594870326.388222
CYL_PRES_STAT,0,1594870326.408701
CYL_PRES_STAT,0,1594870326.4207358
CYL_PRES_STAT,0,1594870326.449497
CYL_PRES_STAT,0,1594870326.45806
CYL_PRES_STAT,0,1594870326.4699938
CYL_PRES_STAT,0,1594870326.5316322
CYL_PRES_STAT,0,1594870326.540034
CYL_PRES_STAT,0,1594870326.560451
CYL_PRES_STAT,0,1594870326.61358
CYL_PRES_STAT,0,1594870326.634254
CYL_PRES_STAT,0,1594870326.6546538
CYL_PRES_STAT,0,1594870326.666602
CYL_PRES_STAT,0,1594870326.695808
CYL_PRES_STAT,0,1594870326.74848
CYL_PRES_STAT,0,1594870326.7690868
CYL_PRES_STAT,0,1594870326.777675
CYL_PRES_STAT,0,1594870326.8221688
CYL_PRES_STAT,0,1594870326.8921542
CYL_PRES_STAT,0,1594870326.904158
CYL_PRES_STAT,0,1594870326.916492
CYL_PRES_STAT,0,1594870326.924621
CYL_PRES_STAT,0,1594870326.945051
CYL_PRES_STAT,0,1594870326.986371
CYL_PRES_STAT,0,1594870326.9982939
CYL_PRES_STAT,0,1594870327.007135
CYL_PRES_STAT,0,1594870327.0275068
CYL_PRES_STAT,0,1594870327.12126
CYL_PRES_STAT,0,1594870327.1298199
CYL_PRES_STAT,0,1594870327.1827881
CYL_PRES_STAT,0,1594870327.191181
CYL_PRES_STAT,0,1594870327.248281
CYL_PRES_STAT,0,1594870327.252575
CYL_PRES_STAT,0,1594870327.276864
CYL_PRES_STAT,0,1594870327.285009
CYL_PRES_STAT,0,1594870327.297558
CYL_PRES_STAT,0,1594870327.3177938
CYL_PRES_STAT,0,1594870327.326517
CYL_PRES_STAT,0,1594870327.3996758
CYL_PRES_STAT,0,1594870327.523036
CYL_PRES_STAT,0,1594870327.547374
CYL_PRES_STAT,0,1594870327.555347
CYL_PRES_STAT,0,1594870327.5640774
CYL_PRES_STAT,0,1594870327.575901
CYL_PRES_STAT,0,1594870327.5844288
CYL_PRES_STAT,0,1594870327.625479
CYL_PRES_STAT,0,1594870327.646155
CYL_PRES_STAT,0,1594870327.65769
CYL_PRES_STAT,0,1594870327.6781962
CYL_PRES_STAT,0,1594870327.6869
CYL_PRES_STAT,0,1594870327.710909
CYL_PRES_STAT,0,1594870327.780746
CYL_PRES_STAT,0,1594870327.813884
CYL_PRES_STAT,0,1594870327.833804
CYL_PRES_STAT,0,1594870327.863019
CYL_PRES_STAT,0,1594870327.883407
CYL_PRES_STAT,0,1594870327.895324
CYL_PRES_STAT,0,1594870327.9160476
CYL_PRES_STAT,0,1594870327.936384
CYL_PRES_STAT,0,1594870327.9570858
CYL_PRES_STAT,0,1594870328.018434
CYL_PRES_STAT,0,1594870328.047416
CYL_PRES_STAT,0,1594870328.100666
CYL_PRES_STAT,0,1594870328.1453161
CYL_PRES_STAT,0,1594870328.153666
CYL_PRES_STAT,0,1594870328.1619
CYL_PRES_STAT,0,1594870328.173805
CYL_PRES_STAT,0,1594870328.182452
CYL_PRES_STAT,0,1594870328.2065132
CYL_PRES_STAT,0,1594870328.226999
CYL_PRES_STAT,0,1594870328.2357302
CYL_PRES_STAT,0,1594870328.2646806
CYL_PRES_STAT,0,1594870328.3090694
CYL_PRES_STAT,0,1594870328.3178
CYL_PRES_STAT,0,1594870328.350048
CYL_PRES_STAT,0,1594870328.452725
CYL_PRES_STAT,0,1594870328.4733171
CYL_PRES_STAT,0,1594870328.485215
CYL_PRES_STAT,0,1594870328.4934568
CYL_PRES_STAT,0,1594870328.5384386
CYL_PRES_STAT,0,1594870328.5588882
CYL_PRES_STAT,0,1594870328.579351
CYL_PRES_STAT,0,1594870328.596201
CYL_PRES_STAT,0,1594870328.6079788
CYL_PRES_STAT,0,1594870328.616554
CYL_PRES_STAT,0,1594870328.6490278
CYL_PRES_STAT,0,1594870328.77233
CYL_PRES_STAT,0,1594870328.784534
CYL_PRES_STAT,0,1594870328.792652
CYL_PRES_STAT,0,1594870328.8046288
CYL_PRES_STAT,0,1594870328.816857
CYL_PRES_STAT,0,1594870328.825066
CYL_PRES_STAT,0,1594870328.8455849
CYL_PRES_STAT,0,1594870328.8661132
CYL_PRES_STAT,0,1594870329.07119
CYL_PRES_STAT,0,1594870329.095377
CYL_PRES_STAT,0,1594870329.1159189
CYL_PRES_STAT,0,1594870329.1363962
CYL_PRES_STAT,0,1594870329.177276
CYL_PRES_STAT,0,1594870329.197772
CYL_PRES_STAT,0,1594870329.2182732
CYL_PRES_STAT,0,1594870329.226841
CYL_PRES_STAT,0,1594870329.238815
CYL_PRES_STAT,0,1594870329.267775
CYL_PRES_STAT,0,1594870329.279754
CYL_PRES_STAT,0,1594870329.382179
CYL_PRES_STAT,0,1594870329.394285
CYL_PRES_STAT,0,1594870329.4235392
CYL_PRES_STAT,0,1594870329.4763448
CYL_PRES_STAT,0,1594870329.5464342
CYL_PRES_STAT,0,1594870329.5582762
CYL_PRES_STAT,0,1594870329.5703738
CYL_PRES_STAT,0,1594870329.5908954
CYL_PRES_STAT,0,1594870329.701953
CYL_PRES_STAT,0,1594870329.7139149
CYL_PRES_STAT,0,1594870329.722616
CYL_PRES_STAT,0,1594870329.734383
CYL_PRES_STAT,0,1594870329.754964
CYL_PRES_STAT,0,1594870329.7753348
CYL_PRES_STAT,0,1594870329.816415
CYL_PRES_STAT,0,1594870329.8369288
CYL_PRES_STAT,0,1594870329.857329
CYL_PRES_STAT,0,1594870329.877998
CYL_PRES_STAT,0,1594870329.8899438
CYL_PRES_STAT,0,1594870330.021303
CYL_PRES_STAT,0,1594870330.074261
CYL_PRES_STAT,0,1594870330.086626
CYL_PRES_STAT,0,1594870330.127491
CYL_PRES_STAT,0,1594870330.1480448
CYL_PRES_STAT,0,1594870330.229992
CYL_PRES_STAT,0,1594870330.2504902
CYL_PRES_STAT,0,1594870330.2590349
CYL_PRES_STAT,0,1594870330.3445132
CYL_PRES_STAT,0,1594870330.352958
CYL_PRES_STAT,0,1594870330.373776
CYL_PRES_STAT,0,1594870330.394066
CYL_PRES_STAT,0,1594870330.414921
CYL_PRES_STAT,0,1594870330.455688
CYL_PRES_STAT,0,1594870330.4675672
CYL_PRES_STAT,0,1594870330.4761732
CYL_PRES_STAT,0,1594870330.4968321
CYL_PRES_STAT,0,1594870330.590415
CYL_PRES_STAT,0,1594870330.610881
CYL_PRES_STAT,0,1594870330.6436212
CYL_PRES_STAT,0,1594870330.664201
CYL_PRES_STAT,0,1594870330.684565
CYL_PRES_STAT,0,1594870330.7173
CYL_PRES_STAT,0,1594870330.726054
CYL_PRES_STAT,0,1594870330.7460618
CYL_PRES_STAT,0,1594870330.766714
CYL_PRES_STAT,0,1594870330.787262
CYL_PRES_STAT,0,1594870330.828038
CYL_PRES_STAT,0,1594870330.857064
CYL_PRES_STAT,0,1594870330.9102721
CYL_PRES_STAT,0,1594870330.9550538
CYL_PRES_STAT,0,1594870330.975453
CYL_PRES_STAT,0,1594870330.995851
CYL_PRES_STAT,0,1594870331.016864
CYL_PRES_STAT,0,1594870331.024554
CYL_PRES_STAT,0,1594870331.0367632
CYL_PRES_STAT,0,1594870331.0777571
CYL_PRES_STAT,0,1594870331.098246
CYL_PRES_STAT,0,1594870331.118744
CYL_PRES_STAT,0,1594870331.148057
CYL_PRES_STAT,0,1594870331.1924226
CYL_PRES_STAT,0,1594870331.2007391
CYL_PRES_STAT,0,1594870331.2948532
CYL_PRES_STAT,0,1594870331.348044
CYL_PRES_STAT,0,1594870331.368732
CYL_PRES_STAT,0,1594870331.376781
CYL_PRES_STAT,0,1594870331.3890078
CYL_PRES_STAT,0,1594870331.4095778
CYL_PRES_STAT,0,1594870331.470919
CYL_PRES_STAT,0,1594870331.5530946
CYL_PRES_STAT,0,1594870331.5822332
CYL_PRES_STAT,0,1594870331.5939212
CYL_PRES_STAT,0,1594870331.6143632
CYL_PRES_STAT,0,1594870331.626914
CYL_PRES_STAT,0,1594870331.6353886
CYL_PRES_STAT,0,1594870331.659439
CYL_PRES_STAT,0,1594870331.67626
CYL_PRES_STAT,0,1594870331.708582
CYL_PRES_STAT,0,1594870331.737473
CYL_PRES_STAT,0,1594870331.790507
CYL_PRES_STAT,0,1594870331.88466
CYL_PRES_STAT,0,1594870331.905421
CYL_PRES_STAT,0,1594870331.9260368
CYL_PRES_STAT,0,1594870331.966819
CYL_PRES_STAT,0,1594870331.987099
CYL_PRES_STAT,0,1594870332.0076642
CYL_PRES_STAT,0,1594870332.019728
CYL_PRES_STAT,0,1594870332.0281432
CYL_PRES_STAT,0,1594870332.0402749
CYL_PRES_STAT,0,1594870332.155236
CYL_PRES_STAT,0,1594870332.1632562
CYL_PRES_STAT,0,1594870332.171754
CYL_PRES_STAT,0,1594870332.1959329
CYL_PRES_STAT,0,1594870332.216664
CYL_PRES_STAT,0,1594870332.2370956
CYL_PRES_STAT,0,1594870332.257899
CYL_PRES_STAT,0,1594870332.26579
CYL_PRES_STAT,0,1594870332.2778206
CYL_PRES_STAT,0,1594870332.298478
CYL_PRES_STAT,0,1594870332.327383
CYL_PRES_STAT,0,1594870332.3393204
CYL_PRES_STAT,0,1594870332.3804226
CYL_PRES_STAT,0,1594870332.4867911
CYL_PRES_STAT,0,1594870332.503416
CYL_PRES_STAT,0,1594870332.52401
CYL_PRES_STAT,0,1594870332.536067
CYL_PRES_STAT,0,1594870332.544654
CYL_PRES_STAT,0,1594870332.5891972
CYL_PRES_STAT,0,1594870332.5973482
CYL_PRES_STAT,0,1594870332.6095948
CYL_PRES_STAT,0,1594870332.617728
CYL_PRES_STAT,0,1594870332.720675
CYL_PRES_STAT,0,1594870332.7532248
CYL_PRES_STAT,0,1594870332.773816
CYL_PRES_STAT,0,1594870332.785746
CYL_PRES_STAT,0,1594870332.7940462
CYL_PRES_STAT,0,1594870332.855953
CYL_PRES_STAT,0,1594870332.867677
CYL_PRES_STAT,0,1594870332.876388
CYL_PRES_STAT,0,1594870332.9086199
CYL_PRES_STAT,0,1594870332.9172099
CYL_PRES_STAT,0,1594870333.0520372
CYL_PRES_STAT,0,1594870333.105228
CYL_PRES_STAT,0,1594870333.113787
CYL_PRES_STAT,0,1594870333.1257136
CYL_PRES_STAT,0,1594870333.1466072
CYL_PRES_STAT,0,1594870333.2571056
CYL_PRES_STAT,0,1594870333.3428051
CYL_PRES_STAT,0,1594870333.3515909
CYL_PRES_STAT,0,1594870333.3755062
CYL_PRES_STAT,0,1594870333.3961751
CYL_PRES_STAT,0,1594870333.416547
CYL_PRES_STAT,0,1594870333.437103
CYL_PRES_STAT,0,1594870333.477951
CYL_PRES_STAT,0,1594870333.49839
CYL_PRES_STAT,0,1594870333.5190194
CYL_PRES_STAT,0,1594870333.527418
CYL_PRES_STAT,0,1594870333.6008859
CYL_PRES_STAT,0,1594870333.6662786
CYL_PRES_STAT,0,1594870333.683119
CYL_PRES_STAT,0,1594870333.7242038
CYL_PRES_STAT,0,1594870333.74825
CYL_PRES_STAT,0,1594870333.7689712
CYL_PRES_STAT,0,1594870333.7772956
CYL_PRES_STAT,0,1594870333.789186
CYL_PRES_STAT,0,1594870333.8096044
CYL_PRES_STAT,0,1594870333.973983
CYL_PRES_STAT,0,1594870333.994426
CYL_PRES_STAT,0,1594870334.002959
CYL_PRES_STAT,0,1594870334.014642
CYL_PRES_STAT,0,1594870334.026758
CYL_PRES_STAT,0,1594870334.035269
CYL_PRES_STAT,0,1594870334.0559614
CYL_PRES_STAT,0,1594870334.076489
CYL_PRES_STAT,0,1594870334.1088212
CYL_PRES_STAT,0,1594870334.19066
CYL_PRES_STAT,0,1594870334.305305
CYL_PRES_STAT,0,1594870334.325859
CYL_PRES_STAT,0,1594870334.35853
CYL_PRES_STAT,0,1594870334.366826
CYL_PRES_STAT,0,1594870334.3871944
CYL_PRES_STAT,0,1594870334.407747
CYL_PRES_STAT,0,1594870334.428549
CYL_PRES_STAT,0,1594870334.551486
CYL_PRES_STAT,0,1594870334.5635011
CYL_PRES_STAT,0,1594870334.6044214
CYL_PRES_STAT,0,1594870334.6167052
CYL_PRES_STAT,0,1594870334.637074
CYL_PRES_STAT,0,1594870334.65754
CYL_PRES_STAT,0,1594870334.68695
CYL_PRES_STAT,0,1594870334.6986039
CYL_PRES_STAT,0,1594870334.80958
CYL_PRES_STAT,0,1594870334.8336241
CYL_PRES_STAT,0,1594870334.883151
CYL_PRES_STAT,0,1594870334.9074519
CYL_PRES_STAT,0,1594870334.915532
CYL_PRES_STAT,0,1594870334.9241338
CYL_PRES_STAT,0,1594870334.936159
CYL_PRES_STAT,0,1594870334.944692
CYL_PRES_STAT,0,1594870334.989223
CYL_PRES_STAT,0,1594870335.0061212
CYL_PRES_STAT,0,1594870335.1862242
CYL_PRES_STAT,0,1594870335.1941068
CYL_PRES_STAT,0,1594870335.267902
CYL_PRES_STAT,0,1594870335.505467
CYL_PRES_STAT,0,1594870335.5263948
CYL_PRES_STAT,0,1594870335.534504
CYL_PRES_STAT,0,1594870335.546339
CYL_PRES_STAT,0,1594870335.5668552
CYL_PRES_STAT,0,1594870335.596075
CYL_PRES_STAT,0,1594870335.616349
CYL_PRES_STAT,0,1594870335.628205
CYL_PRES_STAT,0,1594870335.7311249
CYL_PRES_STAT,0,1594870335.76351
CYL_PRES_STAT,0,1594870335.775806
CYL_PRES_STAT,0,1594870335.796227
CYL_PRES_STAT,0,1594870336.062592
CYL_PRES_STAT,0,1594870336.0829172
CYL_PRES_STAT,0,1594870336.124416
CYL_PRES_STAT,0,1594870336.144706
CYL_PRES_STAT,0,1594870336.168803
CYL_PRES_STAT,0,1594870336.1894114
CYL_PRES_STAT,0,1594870336.2180939
CYL_PRES_STAT,0,1594870336.2508972
CYL_PRES_STAT,0,1594870336.3326821
CYL_PRES_STAT,0,1594870336.374143
CYL_PRES_STAT,0,1594870336.3944378
CYL_PRES_STAT,0,1594870336.42695
CYL_PRES_STAT,0,1594870336.4351301
CYL_PRES_STAT,0,1594870336.455759
CYL_PRES_STAT,0,1594870336.4972339
CYL_PRES_STAT,0,1594870336.50883
CYL_PRES_STAT,0,1594870336.5173702
CYL_PRES_STAT,0,1594870336.5378199
CYL_PRES_STAT,0,1594870336.5791721
CYL_PRES_STAT,0,1594870336.664556
CYL_PRES_STAT,0,1594870336.6766772
CYL_PRES_STAT,0,1594870336.68515
CYL_PRES_STAT,0,1594870336.693238
CYL_PRES_STAT,0,1594870336.705342
CYL_PRES_STAT,0,1594870336.7469606
CYL_PRES_STAT,0,1594870336.766934
CYL_PRES_STAT,0,1594870336.7872946
CYL_PRES_STAT,0,1594870336.80811
CYL_PRES_STAT,0,1594870336.95513
CYL_PRES_STAT,0,1594870337.004424
CYL_PRES_STAT,0,1594870337.016722
CYL_PRES_STAT,0,1594870337.078142
CYL_PRES_STAT,0,1594870337.1395688
CYL_PRES_STAT,0,1594870337.180812
CYL_PRES_STAT,0,1594870337.2420769
CYL_PRES_STAT,0,1594870337.327866
CYL_PRES_STAT,0,1594870337.336097
CYL_PRES_STAT,0,1594870337.389369
CYL_PRES_STAT,0,1594870337.406126
CYL_PRES_STAT,0,1594870337.4184868
CYL_PRES_STAT,0,1594870337.553198
CYL_PRES_STAT,0,1594870337.573774
CYL_PRES_STAT,0,1594870337.582417
CYL_PRES_STAT,0,1594870337.6562636
CYL_PRES_STAT,0,1594870337.6679509
CYL_PRES_STAT,0,1594870337.6766949
CYL_PRES_STAT,0,1594870337.6970608
CYL_PRES_STAT,0,1594870337.790797
CYL_PRES_STAT,0,1594870337.864413
CYL_PRES_STAT,0,1594870337.8853462
CYL_PRES_STAT,0,1594870337.8932528
CYL_PRES_STAT,0,1594870337.9053311
CYL_PRES_STAT,0,1594870337.926531
CYL_PRES_STAT,0,1594870337.947052
CYL_PRES_STAT,0,1594870337.9551551
CYL_PRES_STAT,0,1594870337.9671
CYL_PRES_STAT,0,1594870338.155261
CYL_PRES_STAT,0,1594870338.257776
CYL_PRES_STAT,0,1594870338.2781222
CYL_PRES_STAT,0,1594870338.3073132
CYL_PRES_STAT,0,1594870338.3192348
CYL_PRES_STAT,0,1594870338.327841
CYL_PRES_STAT,0,1594870338.3889976
CYL_PRES_STAT,0,1594870338.4304519
CYL_PRES_STAT,0,1594870338.462595
CYL_PRES_STAT,0,1594870338.5157251
CYL_PRES_STAT,0,1594870338.5245726
CYL_PRES_STAT,0,1594870338.544982
CYL_PRES_STAT,0,1594870338.569159
CYL_PRES_STAT,0,1594870338.577513
CYL_PRES_STAT,0,1594870338.589452
CYL_PRES_STAT,0,1594870338.6386938
CYL_PRES_STAT,0,1594870338.650811
CYL_PRES_STAT,0,1594870338.659111
CYL_PRES_STAT,0,1594870338.700306
CYL_PRES_STAT,0,1594870338.7945569
CYL_PRES_STAT,0,1594870338.815094
CYL_PRES_STAT,0,1594870338.826942
CYL_PRES_STAT,0,1594870338.8356092
CYL_PRES_STAT,0,1594870338.897223
CYL_PRES_STAT,0,1594870338.908982
CYL_PRES_STAT,0,1594870338.9174619
CYL_PRES_STAT,0,1594870338.929367
CYL_PRES_STAT,0,1594870339.020093
CYL_PRES_STAT,0,1594870339.064658
CYL_PRES_STAT,0,1594870339.0853472
CYL_PRES_STAT,0,1594870339.1055
CYL_PRES_STAT,0,1594870339.1464741
CYL_PRES_STAT,0,1594870339.1552382
CYL_PRES_STAT,0,1594870339.166934
CYL_PRES_STAT,0,1594870339.1755269
CYL_PRES_STAT,0,1594870339.187587
CYL_PRES_STAT,0,1594870339.281627
CYL_PRES_STAT,0,1594870339.396276
CYL_PRES_STAT,0,1594870339.4046118
CYL_PRES_STAT,0,1594870339.41677
CYL_PRES_STAT,0,1594870339.4372249
CYL_PRES_STAT,0,1594870339.457847
CYL_PRES_STAT,0,1594870339.5192401
CYL_PRES_STAT,0,1594870339.539624
CYL_PRES_STAT,0,1594870339.589399
CYL_PRES_STAT,0,1594870339.662632
CYL_PRES_STAT,0,1594870339.683418
CYL_PRES_STAT,0,1594870339.7075431
CYL_PRES_STAT,0,1594870339.724524
CYL_PRES_STAT,0,1594870339.769027
CYL_PRES_STAT,0,1594870339.7857752
CYL_PRES_STAT,0,1594870339.806458
CYL_PRES_STAT,0,1594870339.859294
CYL_PRES_STAT,0,1594870339.871582
CYL_PRES_STAT,0,1594870339.96209
CYL_PRES_STAT,0,1594870339.973887
CYL_PRES_STAT,0,1594870340.035316
CYL_PRES_STAT,0,1594870340.0563672
CYL_PRES_STAT,0,1594870340.068198
CYL_PRES_STAT,0,1594870340.076719
CYL_PRES_STAT,0,1594870340.105459
CYL_PRES_STAT,0,1594870340.285064
CYL_PRES_STAT,0,1594870340.305616
CYL_PRES_STAT,0,1594870340.317913
CYL_PRES_STAT,0,1594870340.326373
CYL_PRES_STAT,0,1594870340.3346078
CYL_PRES_STAT,0,1594870340.346558
CYL_PRES_STAT,0,1594870340.3998332
CYL_PRES_STAT,0,1594870340.408013
CYL_PRES_STAT,0,1594870340.4284961
CYL_PRES_STAT,0,1594870340.5021632
CYL_PRES_STAT,0,1594870340.5637631
CYL_PRES_STAT,0,1594870340.575969
CYL_PRES_STAT,0,1594870340.5964642
CYL_PRES_STAT,0,1594870340.6168606
CYL_PRES_STAT,0,1594870340.646346
CYL_PRES_STAT,0,1594870340.6580648
CYL_PRES_STAT,0,1594870340.678339
CYL_PRES_STAT,0,1594870340.69889
CYL_PRES_STAT,0,1594870340.810092
CYL_PRES_STAT,0,1594870340.862725
CYL_PRES_STAT,0,1594870340.904027
CYL_PRES_STAT,0,1594870340.915869
CYL_PRES_STAT,0,1594870340.924341
CYL_PRES_STAT,0,1594870340.9487202
CYL_PRES_STAT,0,1594870340.9569
CYL_PRES_STAT,0,1594870340.969147
CYL_PRES_STAT,0,1594870340.97779
CYL_PRES_STAT,0,1594870340.9858189
CYL_PRES_STAT,0,1594870341.009998
CYL_PRES_STAT,0,1594870341.026752
CYL_PRES_STAT,0,1594870341.100359
CYL_PRES_STAT,0,1594870341.227228
CYL_PRES_STAT,0,1594870341.2352881
CYL_PRES_STAT,0,1594870341.297481
CYL_PRES_STAT,0,1594870341.309031
CYL_PRES_STAT,0,1594870341.3172932
CYL_PRES_STAT,0,1594870341.325976
CYL_PRES_STAT,0,1594870341.350158
CYL_PRES_STAT,0,1594870341.370692
CYL_PRES_STAT,0,1594870341.4646401
CYL_PRES_STAT,0,1594870341.472959
CYL_PRES_STAT,0,1594870341.485122
CYL_PRES_STAT,0,1594870341.493469
CYL_PRES_STAT,0,1594870341.5262911
CYL_PRES_STAT,0,1594870341.546796
CYL_PRES_STAT,0,1594870341.558992
CYL_PRES_STAT,0,1594870341.567453
CYL_PRES_STAT,0,1594870341.588029
CYL_PRES_STAT,0,1594870341.596292
CYL_PRES_STAT,0,1594870341.608029
CYL_PRES_STAT,0,1594870341.628716
CYL_PRES_STAT,0,1594870341.743318
CYL_PRES_STAT,0,1594870341.796457
CYL_PRES_STAT,0,1594870341.805099
CYL_PRES_STAT,0,1594870341.813442
CYL_PRES_STAT,0,1594870341.837472
CYL_PRES_STAT,0,1594870341.857934
CYL_PRES_STAT,0,1594870341.9398599
CYL_PRES_STAT,0,1594870341.948577
CYL_PRES_STAT,0,1594870342.066894
CYL_PRES_STAT,0,1594870342.0872688
CYL_PRES_STAT,0,1594870342.107764
CYL_PRES_STAT,0,1594870342.115867
CYL_PRES_STAT,0,1594870342.1246278
CYL_PRES_STAT,0,1594870342.16935
CYL_PRES_STAT,0,1594870342.185958
CYL_PRES_STAT,0,1594870342.206609
CYL_PRES_STAT,0,1594870342.2389278
CYL_PRES_STAT,0,1594870342.353482
CYL_PRES_STAT,0,1594870342.373982
CYL_PRES_STAT,0,1594870342.415294
CYL_PRES_STAT,0,1594870342.436106
CYL_PRES_STAT,0,1594870342.459949
CYL_PRES_STAT,0,1594870342.48049
CYL_PRES_STAT,0,1594870342.497144
CYL_PRES_STAT,0,1594870342.517426
CYL_PRES_STAT,0,1594870342.570678
CYL_PRES_STAT,0,1594870342.664852
CYL_PRES_STAT,0,1594870342.6853518
CYL_PRES_STAT,0,1594870342.7057009
CYL_PRES_STAT,0,1594870342.726198
CYL_PRES_STAT,0,1594870342.746784
CYL_PRES_STAT,0,1594870342.7876742
CYL_PRES_STAT,0,1594870342.7999392
CYL_PRES_STAT,0,1594870342.8818278
CYL_PRES_STAT,0,1594870342.955498
CYL_PRES_STAT,0,1594870342.9640582
CYL_PRES_STAT,0,1594870342.97598
CYL_PRES_STAT,0,1594870342.996546
CYL_PRES_STAT,0,1594870343.0579462
CYL_PRES_STAT,0,1594870343.074847
CYL_PRES_STAT,0,1594870343.098903
CYL_PRES_STAT,0,1594870343.119295
CYL_PRES_STAT,0,1594870343.1399689
CYL_PRES_STAT,0,1594870343.2955642
CYL_PRES_STAT,0,1594870343.303969
CYL_PRES_STAT,0,1594870343.3245199
CYL_PRES_STAT,0,1594870343.345085
CYL_PRES_STAT,0,1594870343.377932
CYL_PRES_STAT,0,1594870343.430666
CYL_PRES_STAT,0,1594870343.492091
CYL_PRES_STAT,0,1594870343.553513
CYL_PRES_STAT,0,1594870343.574214
CYL_PRES_STAT,0,1594870343.594902
CYL_PRES_STAT,0,1594870343.603004
CYL_PRES_STAT,0,1594870343.6153972
CYL_PRES_STAT,0,1594870343.6805198
CYL_PRES_STAT,0,1594870343.6971672
CYL_PRES_STAT,0,1594870343.725985
CYL_PRES_STAT,0,1594870343.811651
CYL_PRES_STAT,0,1594870343.8649929
CYL_PRES_STAT,0,1594870343.877076
CYL_PRES_STAT,0,1594870343.893615
CYL_PRES_STAT,0,1594870343.926383
CYL_PRES_STAT,0,1594870343.955628
CYL_PRES_STAT,0,1594870343.988276
CYL_PRES_STAT,0,1594870344.028696
CYL_PRES_STAT,0,1594870344.040992
CYL_PRES_STAT,0,1594870344.090223
CYL_PRES_STAT,0,1594870344.1106858
CYL_PRES_STAT,0,1594870344.122924
CYL_PRES_STAT,0,1594870344.143321
CYL_PRES_STAT,0,1594870344.1761699
CYL_PRES_STAT,0,1594870344.1967502
CYL_PRES_STAT,0,1594870344.217095
CYL_PRES_STAT,0,1594870344.237634
CYL_PRES_STAT,0,1594870344.257998
CYL_PRES_STAT,0,1594870344.2662778
CYL_PRES_STAT,0,1594870344.319516
CYL_PRES_STAT,0,1594870344.327716
CYL_PRES_STAT,0,1594870344.4547234
CYL_PRES_STAT,0,1594870344.463876
CYL_PRES_STAT,0,1594870344.487466
CYL_PRES_STAT,0,1594870344.503892
CYL_PRES_STAT,0,1594870344.524357
CYL_PRES_STAT,0,1594870344.565684
CYL_PRES_STAT,0,1594870344.58638
CYL_PRES_STAT,0,1594870344.5981429
CYL_PRES_STAT,0,1594870344.6187
CYL_PRES_STAT,0,1594870344.630738
CYL_PRES_STAT,0,1594870344.709085
CYL_PRES_STAT,0,1594870344.753685
CYL_PRES_STAT,0,1594870344.774216
CYL_PRES_STAT,0,1594870344.7827892
CYL_PRES_STAT,0,1594870344.815371
CYL_PRES_STAT,0,1594870344.8360364
CYL_PRES_STAT,0,1594870344.856519
CYL_PRES_STAT,0,1594870344.868316
CYL_PRES_STAT,0,1594870344.880613
CYL_PRES_STAT,0,1594870344.8888009
CYL_PRES_STAT,0,1594870344.897162
CYL_PRES_STAT,0,1594870344.9298508
CYL_PRES_STAT,0,1594870344.9385214
CYL_PRES_STAT,0,1594870344.958524
CYL_PRES_STAT,0,1594870345.0854812
CYL_PRES_STAT,0,1594870345.1058922
CYL_PRES_STAT,0,1594870345.114899
CYL_PRES_STAT,0,1594870345.167419
CYL_PRES_STAT,0,1594870345.1760972
CYL_PRES_STAT,0,1594870345.1878989
CYL_PRES_STAT,0,1594870345.1965818
CYL_PRES_STAT,0,1594870345.3433778
CYL_PRES_STAT,0,1594870345.364204
CYL_PRES_STAT,0,1594870345.376111
CYL_PRES_STAT,0,1594870345.396759
CYL_PRES_STAT,0,1594870345.417197
CYL_PRES_STAT,0,1594870345.437669
CYL_PRES_STAT,0,1594870345.445981
CYL_PRES_STAT,0,1594870345.4580839
CYL_PRES_STAT,0,1594870345.478678
CYL_PRES_STAT,0,1594870345.5196009
CYL_PRES_STAT,0,1594870345.527765
CYL_PRES_STAT,0,1594870345.548696
CYL_PRES_STAT,0,1594870345.589324
CYL_PRES_STAT,0,1594870345.621988
CYL_PRES_STAT,0,1594870345.662997
CYL_PRES_STAT,0,1594870345.6834419
CYL_PRES_STAT,0,1594870345.6956642
CYL_PRES_STAT,0,1594870345.748877
CYL_PRES_STAT,0,1594870345.765674
CYL_PRES_STAT,0,1594870345.77757
CYL_PRES_STAT,0,1594870345.7861881
CYL_PRES_STAT,0,1594870345.8271642
CYL_PRES_STAT,0,1594870345.8718052
CYL_PRES_STAT,0,1594870345.953772
CYL_PRES_STAT,0,1594870345.9741828
CYL_PRES_STAT,0,1594870345.9950774
CYL_PRES_STAT,0,1594870346.01555
CYL_PRES_STAT,0,1594870346.027391
CYL_PRES_STAT,0,1594870346.036028
CYL_PRES_STAT,0,1594870346.07692
CYL_PRES_STAT,0,1594870346.0971901
CYL_PRES_STAT,0,1594870346.1175866
CYL_PRES_STAT,0,1594870346.1998339
CYL_PRES_STAT,0,1594870346.220523
CYL_PRES_STAT,0,1594870346.252907
CYL_PRES_STAT,0,1594870346.2613409
CYL_PRES_STAT,0,1594870346.2853172
CYL_PRES_STAT,0,1594870346.326455
CYL_PRES_STAT,0,1594870346.347203
CYL_PRES_STAT,0,1594870346.355742
CYL_PRES_STAT,0,1594870346.3674939
CYL_PRES_STAT,0,1594870346.387924
CYL_PRES_STAT,0,1594870346.408384
CYL_PRES_STAT,0,1594870346.5728788
CYL_PRES_STAT,0,1594870346.593059
CYL_PRES_STAT,0,1594870346.6051352
CYL_PRES_STAT,0,1594870346.617198
CYL_PRES_STAT,0,1594870346.637743
CYL_PRES_STAT,0,1594870346.65821
CYL_PRES_STAT,0,1594870346.6991382
CYL_PRES_STAT,0,1594870346.7197402
CYL_PRES_STAT,0,1594870346.854847
CYL_PRES_STAT,0,1594870346.887518
CYL_PRES_STAT,0,1594870346.895736
CYL_PRES_STAT,0,1594870346.9041278
CYL_PRES_STAT,0,1594870346.94891
CYL_PRES_STAT,0,1594870346.9657118
CYL_PRES_STAT,0,1594870346.9868212
CYL_PRES_STAT,0,1594870347.0186694
CYL_PRES_STAT,0,1594870347.0272489
CYL_PRES_STAT,0,1594870347.153812
CYL_PRES_STAT,0,1594870347.2685769
CYL_PRES_STAT,0,1594870347.4410882
CYL_PRES_STAT,0,1594870347.465077
CYL_PRES_STAT,0,1594870347.4855971
CYL_PRES_STAT,0,1594870347.518306
CYL_PRES_STAT,0,1594870347.526797
CYL_PRES_STAT,0,1594870347.5347528
CYL_PRES_STAT,0,1594870347.588037
CYL_PRES_STAT,0,1594870347.5966911
CYL_PRES_STAT,0,1594870347.6087966
CYL_PRES_STAT,0,1594870347.710901
CYL_PRES_STAT,0,1594870347.755904
CYL_PRES_STAT,0,1594870347.764739
CYL_PRES_STAT,0,1594870347.7763042
CYL_PRES_STAT,0,1594870347.793359
CYL_PRES_STAT,0,1594870347.8049529
CYL_PRES_STAT,0,1594870347.8378801
CYL_PRES_STAT,0,1594870347.8469274
CYL_PRES_STAT,0,1594870347.858212
CYL_PRES_STAT,0,1594870347.8787642
CYL_PRES_STAT,0,1594870347.899312
CYL_PRES_STAT,0,1594870347.981075
CYL_PRES_STAT,0,1594870348.0514429
CYL_PRES_STAT,0,1594870348.063071
CYL_PRES_STAT,0,1594870348.0874932
CYL_PRES_STAT,0,1594870348.104095
CYL_PRES_STAT,0,1594870348.11632
CYL_PRES_STAT,0,1594870348.124515
CYL_PRES_STAT,0,1594870348.1490712
CYL_PRES_STAT,0,1594870348.1571949
CYL_PRES_STAT,0,1594870348.1663349
CYL_PRES_STAT,0,1594870348.17786
CYL_PRES_STAT,0,1594870348.198252
CYL_PRES_STAT,0,1594870348.2069492
CYL_PRES_STAT,0,1594870348.333296
CYL_PRES_STAT,0,1594870348.3539631
CYL_PRES_STAT,0,1594870348.374378
CYL_PRES_STAT,0,1594870348.3952801
CYL_PRES_STAT,0,1594870348.4154098
CYL_PRES_STAT,0,1594870348.4239428
CYL_PRES_STAT,0,1594870348.4359212
CYL_PRES_STAT,0,1594870348.456615
CYL_PRES_STAT,0,1594870348.4767628
CYL_PRES_STAT,0,1594870348.497237
CYL_PRES_STAT,0,1594870348.50948
CYL_PRES_STAT,0,1594870348.518453
CYL_PRES_STAT,0,1594870348.600045
CYL_PRES_STAT,0,1594870348.620588
CYL_PRES_STAT,0,1594870348.640967
CYL_PRES_STAT,0,1594870348.6651046
CYL_PRES_STAT,0,1594870348.673396
CYL_PRES_STAT,0,1594870348.726549
CYL_PRES_STAT,0,1594870348.747328
CYL_PRES_STAT,0,1594870348.7593322
CYL_PRES_STAT,0,1594870348.7679126
CYL_PRES_STAT,0,1594870348.7760918
CYL_PRES_STAT,0,1594870348.788115
CYL_PRES_STAT,0,1594870348.8085911
CYL_PRES_STAT,0,1594870348.972702
CYL_PRES_STAT,0,1594870348.996946
CYL_PRES_STAT,0,1594870349.0172534
CYL_PRES_STAT,0,1594870349.037874
CYL_PRES_STAT,0,1594870349.0869539
CYL_PRES_STAT,0,1594870349.0992472
CYL_PRES_STAT,0,1594870349.116044
CYL_PRES_STAT,0,1594870349.254844
CYL_PRES_STAT,0,1594870349.283971
CYL_PRES_STAT,0,1594870349.3041122
CYL_PRES_STAT,0,1594870349.316328
CYL_PRES_STAT,0,1594870349.336761
CYL_PRES_STAT,0,1594870349.349076
CYL_PRES_STAT,0,1594870349.3659024
CYL_PRES_STAT,0,1594870349.3862212
CYL_PRES_STAT,0,1594870349.4104364
CYL_PRES_STAT,0,1594870349.554063
CYL_PRES_STAT,0,1594870349.594868
CYL_PRES_STAT,0,1594870349.615741
CYL_PRES_STAT,0,1594870349.6361911
CYL_PRES_STAT,0,1594870349.6568398
CYL_PRES_STAT,0,1594870349.676873
CYL_PRES_STAT,0,1594870349.709485
CYL_PRES_STAT,0,1594870349.71825
CYL_PRES_STAT,0,1594870349.820543
CYL_PRES_STAT,0,1594870349.861451
CYL_PRES_STAT,0,1594870349.8855321
CYL_PRES_STAT,0,1594870349.906085
CYL_PRES_STAT,0,1594870349.915145
CYL_PRES_STAT,0,1594870349.926671
CYL_PRES_STAT,0,1594870349.967974
CYL_PRES_STAT,0,1594870349.988102
CYL_PRES_STAT,0,1594870350.0085492
CYL_PRES_STAT,0,1594870350.017188
CYL_PRES_STAT,0,1594870350.029148
CYL_PRES_STAT,0,1594870350.155958
CYL_PRES_STAT,0,1594870350.1729481
CYL_PRES_STAT,0,1594870350.2174025
CYL_PRES_STAT,0,1594870350.237994
CYL_PRES_STAT,0,1594870350.2584078
CYL_PRES_STAT,0,1594870350.2788944
CYL_PRES_STAT,0,1594870350.4839602
CYL_PRES_STAT,0,1594870350.4959822
CYL_PRES_STAT,0,1594870350.5048509
CYL_PRES_STAT,0,1594870350.5286796
CYL_PRES_STAT,0,1594870350.549206
CYL_PRES_STAT,0,1594870350.5574698
CYL_PRES_STAT,0,1594870350.618777
CYL_PRES_STAT,0,1594870350.62733
CYL_PRES_STAT,0,1594870350.639349
CYL_PRES_STAT,0,1594870350.66
CYL_PRES_STAT,0,1594870350.6804569
CYL_PRES_STAT,0,1594870350.721366
CYL_PRES_STAT,0,1594870350.754451
CYL_PRES_STAT,0,1594870350.7626
CYL_PRES_STAT,0,1594870350.774473
CYL_PRES_STAT,0,1594870350.7950232
CYL_PRES_STAT,0,1594870350.8154614
CYL_PRES_STAT,0,1594870350.856417
CYL_PRES_STAT,0,1594870350.876847
CYL_PRES_STAT,0,1594870350.8974779
CYL_PRES_STAT,0,1594870350.9180331
CYL_PRES_STAT,0,1594870351.011936
CYL_PRES_STAT,0,1594870351.041176
CYL_PRES_STAT,0,1594870351.1062348
CYL_PRES_STAT,0,1594870351.126674
CYL_PRES_STAT,0,1594870351.167555
CYL_PRES_STAT,0,1594870351.372954
CYL_PRES_STAT,0,1594870351.393364
CYL_PRES_STAT,0,1594870351.405186
CYL_PRES_STAT,0,1594870351.417556
CYL_PRES_STAT,0,1594870351.437924
CYL_PRES_STAT,0,1594870351.48755
CYL_PRES_STAT,0,1594870351.4993632
CYL_PRES_STAT,0,1594870351.519964
CYL_PRES_STAT,0,1594870351.601839
CYL_PRES_STAT,0,1594870351.643115
CYL_PRES_STAT,0,1594870351.6551518
CYL_PRES_STAT,0,1594870351.6639779
CYL_PRES_STAT,0,1594870351.671985
CYL_PRES_STAT,0,1594870351.683966
CYL_PRES_STAT,0,1594870351.725048
CYL_PRES_STAT,0,1594870351.7456682
CYL_PRES_STAT,0,1594870351.766015
CYL_PRES_STAT,0,1594870351.79019
CYL_PRES_STAT,0,1594870351.888845
CYL_PRES_STAT,0,1594870351.942133
CYL_PRES_STAT,0,1594870351.983291
CYL_PRES_STAT,0,1594870351.994983
CYL_PRES_STAT,0,1594870352.0155811
CYL_PRES_STAT,0,1594870352.0603971
CYL_PRES_STAT,0,1594870352.065054
CYL_PRES_STAT,0,1594870352.0769632
CYL_PRES_STAT,0,1594870352.118464
CYL_PRES_STAT,0,1594870352.20033
CYL_PRES_STAT,0,1594870352.2447412
CYL_PRES_STAT,0,1594870352.265333
CYL_PRES_STAT,0,1594870352.2856908
CYL_PRES_STAT,0,1594870352.306257
CYL_PRES_STAT,0,1594870352.315273
CYL_PRES_STAT,0,1594870352.326725
CYL_PRES_STAT,0,1594870352.3677769
CYL_PRES_STAT,0,1594870352.388233
CYL_PRES_STAT,0,1594870352.3971462
CYL_PRES_STAT,0,1594870352.4087126
CYL_PRES_STAT,0,1594870352.5318751
CYL_PRES_STAT,0,1594870352.5526268
CYL_PRES_STAT,0,1594870352.5644221
CYL_PRES_STAT,0,1594870352.5728488
CYL_PRES_STAT,0,1594870352.584734
CYL_PRES_STAT,0,1594870352.605241
CYL_PRES_STAT,0,1594870352.646654
CYL_PRES_STAT,0,1594870352.6586602
CYL_PRES_STAT,0,1594870352.687231
CYL_PRES_STAT,0,1594870352.699426
CYL_PRES_STAT,0,1594870352.719906
CYL_PRES_STAT,0,1594870352.7490199
CYL_PRES_STAT,0,1594870352.7608562
CYL_PRES_STAT,0,1594870352.769428
CYL_PRES_STAT,0,1594870352.7813401
CYL_PRES_STAT,0,1594870352.8638134
CYL_PRES_STAT,0,1594870352.884212
CYL_PRES_STAT,0,1594870352.90831
CYL_PRES_STAT,0,1594870352.92895
CYL_PRES_STAT,0,1594870352.937027
CYL_PRES_STAT,0,1594870352.945742
CYL_PRES_STAT,0,1594870352.986492
CYL_PRES_STAT,0,1594870353.0393634
CYL_PRES_STAT,0,1594870353.06884
CYL_PRES_STAT,0,1594870353.142325
CYL_PRES_STAT,0,1594870353.2155619
CYL_PRES_STAT,0,1594870353.2572699
CYL_PRES_STAT,0,1594870353.277239
CYL_PRES_STAT,0,1594870353.29809
CYL_PRES_STAT,0,1594870353.3097448
CYL_PRES_STAT,0,1594870353.3712661
CYL_PRES_STAT,0,1594870353.380094
CYL_PRES_STAT,0,1594870353.39165
CYL_PRES_STAT,0,1594870353.4326231
CYL_PRES_STAT,0,1594870353.441231
CYL_PRES_STAT,0,1594870353.452985
CYL_PRES_STAT,0,1594870353.506387
CYL_PRES_STAT,0,1594870353.527169
CYL_PRES_STAT,0,1594870353.547389
CYL_PRES_STAT,0,1594870353.555905
CYL_PRES_STAT,0,1594870353.567777
CYL_PRES_STAT,0,1594870353.658317
CYL_PRES_STAT,0,1594870353.764373
CYL_PRES_STAT,0,1594870353.797282
CYL_PRES_STAT,0,1594870353.805398
CYL_PRES_STAT,0,1594870353.8177938
CYL_PRES_STAT,0,1594870353.834343
CYL_PRES_STAT,0,1594870353.879234
CYL_PRES_STAT,0,1594870353.8873641
CYL_PRES_STAT,0,1594870353.899507
CYL_PRES_STAT,0,1594870353.90784
CYL_PRES_STAT,0,1594870353.919955
CYL_PRES_STAT,0,1594870354.0429368
CYL_PRES_STAT,0,1594870354.051448
CYL_PRES_STAT,0,1594870354.063503
CYL_PRES_STAT,0,1594870354.083889
CYL_PRES_STAT,0,1594870354.104335
CYL_PRES_STAT,0,1594870354.1289551
CYL_PRES_STAT,0,1594870354.1453922
CYL_PRES_STAT,0,1594870354.1576672
CYL_PRES_STAT,0,1594870354.166156
CYL_PRES_STAT,0,1594870354.186444
CYL_PRES_STAT,0,1594870354.2600708
CYL_PRES_STAT,0,1594870354.2803972
CYL_PRES_STAT,0,1594870354.321585
CYL_PRES_STAT,0,1594870354.3746474
CYL_PRES_STAT,0,1594870354.383299
CYL_PRES_STAT,0,1594870354.395172
CYL_PRES_STAT,0,1594870354.41599
CYL_PRES_STAT,0,1594870354.436518
CYL_PRES_STAT,0,1594870354.45657
CYL_PRES_STAT,0,1594870354.468765
CYL_PRES_STAT,0,1594870354.489253
CYL_PRES_STAT,0,1594870354.4984362
CYL_PRES_STAT,0,1594870354.5180092
CYL_PRES_STAT,0,1594870354.644995
CYL_PRES_STAT,0,1594870354.6655722
CYL_PRES_STAT,0,1594870354.67365
CYL_PRES_STAT,0,1594870354.685775
CYL_PRES_STAT,0,1594870354.7065294
CYL_PRES_STAT,0,1594870354.715507
CYL_PRES_STAT,0,1594870354.7474492
CYL_PRES_STAT,0,1594870354.767787
CYL_PRES_STAT,0,1594870354.817363
CYL_PRES_STAT,0,1594870354.838052
CYL_PRES_STAT,0,1594870354.9439151
CYL_PRES_STAT,0,1594870354.952474
CYL_PRES_STAT,0,1594870354.9935029
CYL_PRES_STAT,0,1594870355.014435
CYL_PRES_STAT,0,1594870355.038059
CYL_PRES_STAT,0,1594870355.047238
CYL_PRES_STAT,0,1594870355.107828
CYL_PRES_STAT,0,1594870355.1201012
CYL_PRES_STAT,0,1594870355.2641132
CYL_PRES_STAT,0,1594870355.2845972
CYL_PRES_STAT,0,1594870355.296532
CYL_PRES_STAT,0,1594870355.3084419
CYL_PRES_STAT,0,1594870355.3290699
CYL_PRES_STAT,0,1594870355.3372538
CYL_PRES_STAT,0,1594870355.378251
CYL_PRES_STAT,0,1594870355.3866289
CYL_PRES_STAT,0,1594870355.407489
CYL_PRES_STAT,0,1594870355.480761
CYL_PRES_STAT,0,1594870355.5012028
CYL_PRES_STAT,0,1594870355.542505
CYL_PRES_STAT,0,1594870355.554244
CYL_PRES_STAT,0,1594870355.57494
CYL_PRES_STAT,0,1594870355.595205
CYL_PRES_STAT,0,1594870355.6279511
CYL_PRES_STAT,0,1594870355.636356
CYL_PRES_STAT,0,1594870355.656773
CYL_PRES_STAT,0,1594870355.6774988
CYL_PRES_STAT,0,1594870355.8208349
CYL_PRES_STAT,0,1594870355.8742108
CYL_PRES_STAT,0,1594870355.886226
CYL_PRES_STAT,0,1594870355.906496
CYL_PRES_STAT,0,1594870355.927457
CYL_PRES_STAT,0,1594870355.947956
CYL_PRES_STAT,0,1594870355.967863
CYL_PRES_STAT,0,1594870356.008966
CYL_PRES_STAT,0,1594870356.0584774
CYL_PRES_STAT,0,1594870356.070424
CYL_PRES_STAT,0,1594870356.082602
CYL_PRES_STAT,0,1594870356.132243
CYL_PRES_STAT,0,1594870356.152459
CYL_PRES_STAT,0,1594870356.1732109
CYL_PRES_STAT,0,1594870356.193662
CYL_PRES_STAT,0,1594870356.205642
CYL_PRES_STAT,0,1594870356.2143052
CYL_PRES_STAT,0,1594870356.226052
CYL_PRES_STAT,0,1594870356.258849
CYL_PRES_STAT,0,1594870356.288021
CYL_PRES_STAT,0,1594870356.4226508
CYL_PRES_STAT,0,1594870356.4433289
CYL_PRES_STAT,0,1594870356.455358
CYL_PRES_STAT,0,1594870356.4641259
CYL_PRES_STAT,0,1594870356.475827
CYL_PRES_STAT,0,1594870356.505336
CYL_PRES_STAT,0,1594870356.5254462
CYL_PRES_STAT,0,1594870356.537469
CYL_PRES_STAT,0,1594870356.5459044
CYL_PRES_STAT,0,1594870356.570097
CYL_PRES_STAT,0,1594870356.5867221
CYL_PRES_STAT,0,1594870356.7337909
CYL_PRES_STAT,0,1594870356.7543092
CYL_PRES_STAT,0,1594870356.7753801
CYL_PRES_STAT,0,1594870356.7870214
CYL_PRES_STAT,0,1594870356.795998
CYL_PRES_STAT,0,1594870356.8199546
CYL_PRES_STAT,0,1594870356.824325
CYL_PRES_STAT,0,1594870356.836247
CYL_PRES_STAT,0,1594870356.8572788
CYL_PRES_STAT,0,1594870356.87763
CYL_PRES_STAT,0,1594870357.053283
CYL_PRES_STAT,0,1594870357.065574
CYL_PRES_STAT,0,1594870357.094368
CYL_PRES_STAT,0,1594870357.10656
CYL_PRES_STAT,0,1594870357.176533
CYL_PRES_STAT,0,1594870357.188417
CYL_PRES_STAT,0,1594870357.1975539
CYL_PRES_STAT,0,1594870357.31182
CYL_PRES_STAT,0,1594870357.3323364
CYL_PRES_STAT,0,1594870357.3973694
CYL_PRES_STAT,0,1594870357.418008
CYL_PRES_STAT,0,1594870357.4384189
CYL_PRES_STAT,0,1594870357.4588008
CYL_PRES_STAT,0,1594870357.4793
CYL_PRES_STAT,0,1594870357.561261
CYL_PRES_STAT,0,1594870357.569684
CYL_PRES_STAT,0,1594870357.602187
CYL_PRES_STAT,0,1594870357.643533
CYL_PRES_STAT,0,1594870357.664097
CYL_PRES_STAT,0,1594870357.6846774
CYL_PRES_STAT,0,1594870357.69656
CYL_PRES_STAT,0,1594870357.7086449
CYL_PRES_STAT,0,1594870357.737259
CYL_PRES_STAT,0,1594870357.766405
CYL_PRES_STAT,0,1594870357.7783132
CYL_PRES_STAT,0,1594870357.8072572
CYL_PRES_STAT,0,1594870357.8397598
CYL_PRES_STAT,0,1594870357.8724802
CYL_PRES_STAT,0,1594870357.8929632
CYL_PRES_STAT,0,1594870357.913533
CYL_PRES_STAT,0,1594870357.9339552
CYL_PRES_STAT,0,1594870357.946178
CYL_PRES_STAT,0,1594870357.9546938
CYL_PRES_STAT,0,1594870357.9749222
CYL_PRES_STAT,0,1594870357.983335
CYL_PRES_STAT,0,1594870357.995439
CYL_PRES_STAT,0,1594870358.015929
CYL_PRES_STAT,0,1594870358.028069
CYL_PRES_STAT,0,1594870358.036396
CYL_PRES_STAT,0,1594870358.056843
CYL_PRES_STAT,0,1594870358.077655
CYL_PRES_STAT,0,1594870358.1597369
CYL_PRES_STAT,0,1594870358.2246678
CYL_PRES_STAT,0,1594870358.26572
CYL_PRES_STAT,0,1594870358.27416
CYL_PRES_STAT,0,1594870358.2863
CYL_PRES_STAT,0,1594870358.30669
CYL_PRES_STAT,0,1594870358.347617
CYL_PRES_STAT,0,1594870358.3561301
CYL_PRES_STAT,0,1594870358.511765
CYL_PRES_STAT,0,1594870358.523752
CYL_PRES_STAT,0,1594870358.5322142
CYL_PRES_STAT,0,1594870358.556365
CYL_PRES_STAT,0,1594870358.576824
CYL_PRES_STAT,0,1594870358.5975401
CYL_PRES_STAT,0,1594870358.605661
CYL_PRES_STAT,0,1594870358.638355
CYL_PRES_STAT,0,1594870358.6468556
CYL_PRES_STAT,0,1594870358.6588712
CYL_PRES_STAT,0,1594870358.8231714
CYL_PRES_STAT,0,1594870358.8437052
CYL_PRES_STAT,0,1594870358.8556561
CYL_PRES_STAT,0,1594870358.864418
CYL_PRES_STAT,0,1594870358.9051301
CYL_PRES_STAT,0,1594870358.9700189
CYL_PRES_STAT,0,1594870359.060215
CYL_PRES_STAT,0,1594870359.1550589
CYL_PRES_STAT,0,1594870359.175013
CYL_PRES_STAT,0,1594870359.215909
CYL_PRES_STAT,0,1594870359.248605
CYL_PRES_STAT,0,1594870359.2692132
CYL_PRES_STAT,0,1594870359.2777524
CYL_PRES_STAT,0,1594870359.3920178
CYL_PRES_STAT,0,1594870359.424746
CYL_PRES_STAT,0,1594870359.433301
CYL_PRES_STAT,0,1594870359.445268
CYL_PRES_STAT,0,1594870359.465801
CYL_PRES_STAT,0,1594870359.4863188
CYL_PRES_STAT,0,1594870359.5066519
CYL_PRES_STAT,0,1594870359.527148
CYL_PRES_STAT,0,1594870359.547643
CYL_PRES_STAT,0,1594870359.568172
CYL_PRES_STAT,0,1594870359.641825
CYL_PRES_STAT,0,1594870359.711895
CYL_PRES_STAT,0,1594870359.732415
CYL_PRES_STAT,0,1594870359.744278
CYL_PRES_STAT,0,1594870359.7531722
CYL_PRES_STAT,0,1594870359.7734444
CYL_PRES_STAT,0,1594870359.817888
CYL_PRES_STAT,0,1594870359.8385322
CYL_PRES_STAT,0,1594870359.847476
CYL_PRES_STAT,0,1594870359.990556
CYL_PRES_STAT,0,1594870360.023158
CYL_PRES_STAT,0,1594870360.06437
CYL_PRES_STAT,0,1594870360.1088061
CYL_PRES_STAT,0,1594870360.1497018
CYL_PRES_STAT,0,1594870360.166872
CYL_PRES_STAT,0,1594870360.1784348
CYL_PRES_STAT,0,1594870360.198923
CYL_PRES_STAT,0,1594870360.2110848
CYL_PRES_STAT,0,1594870360.219422
CYL_PRES_STAT,0,1594870360.239934
CYL_PRES_STAT,0,1594870360.3138778
CYL_PRES_STAT,0,1594870360.3341386
CYL_PRES_STAT,0,1594870360.3544712
CYL_PRES_STAT,0,1594870360.375036
CYL_PRES_STAT,0,1594870360.3960788
CYL_PRES_STAT,0,1594870360.416359
CYL_PRES_STAT,0,1594870360.428252
CYL_PRES_STAT,0,1594870360.4487169
CYL_PRES_STAT,0,1594870360.457495
CYL_PRES_STAT,0,1594870360.551031
CYL_PRES_STAT,0,1594870360.612658
CYL_PRES_STAT,0,1594870360.633332
CYL_PRES_STAT,0,1594870360.665741
CYL_PRES_STAT,0,1594870360.673988
CYL_PRES_STAT,0,1594870360.686599
CYL_PRES_STAT,0,1594870360.694675
CYL_PRES_STAT,0,1594870360.706815
CYL_PRES_STAT,0,1594870360.7273972
CYL_PRES_STAT,0,1594870360.748096
CYL_PRES_STAT,0,1594870360.8829608
CYL_PRES_STAT,0,1594870360.89151
CYL_PRES_STAT,0,1594870360.915658
CYL_PRES_STAT,0,1594870360.9737852
CYL_PRES_STAT,0,1594870361.202486
CYL_PRES_STAT,0,1594870361.223286
CYL_PRES_STAT,0,1594870361.284599
CYL_PRES_STAT,0,1594870361.3089018
CYL_PRES_STAT,0,1594870361.329277
CYL_PRES_STAT,0,1594870361.337701
CYL_PRES_STAT,0,1594870361.349805
CYL_PRES_STAT,0,1594870361.366892
CYL_PRES_STAT,0,1594870361.4520972
CYL_PRES_STAT,0,1594870361.5346508
CYL_PRES_STAT,0,1594870361.554606
CYL_PRES_STAT,0,1594870361.575626
CYL_PRES_STAT,0,1594870361.596121
CYL_PRES_STAT,0,1594870361.6574788
CYL_PRES_STAT,0,1594870361.8044634
CYL_PRES_STAT,0,1594870361.83357
CYL_PRES_STAT,0,1594870361.845724
CYL_PRES_STAT,0,1594870361.8658626
CYL_PRES_STAT,0,1594870361.8744779
CYL_PRES_STAT,0,1594870361.8864448
CYL_PRES_STAT,0,1594870361.906852
CYL_PRES_STAT,0,1594870361.915496
CYL_PRES_STAT,0,1594870361.927291
CYL_PRES_STAT,0,1594870361.956552
CYL_PRES_STAT,0,1594870361.968193
CYL_PRES_STAT,0,1594870362.042006
CYL_PRES_STAT,0,1594870362.050567
CYL_PRES_STAT,0,1594870362.1157286
CYL_PRES_STAT,0,1594870362.132599
CYL_PRES_STAT,0,1594870362.144447
CYL_PRES_STAT,0,1594870362.165302
CYL_PRES_STAT,0,1594870362.177071
CYL_PRES_STAT,0,1594870362.197842
CYL_PRES_STAT,0,1594870362.2182028
CYL_PRES_STAT,0,1594870362.2386172
CYL_PRES_STAT,0,1594870362.2882779
CYL_PRES_STAT,0,1594870362.3498518
CYL_PRES_STAT,0,1594870362.414874
CYL_PRES_STAT,0,1594870362.4234822
CYL_PRES_STAT,0,1594870362.4437811
CYL_PRES_STAT,0,1594870362.468156
CYL_PRES_STAT,0,1594870362.488419
CYL_PRES_STAT,0,1594870362.496804
CYL_PRES_STAT,0,1594870362.5497954
CYL_PRES_STAT,0,1594870362.566947
CYL_PRES_STAT,0,1594870362.7138631
CYL_PRES_STAT,0,1594870362.734386
CYL_PRES_STAT,0,1594870362.74649
CYL_PRES_STAT,0,1594870362.7547364
CYL_PRES_STAT,0,1594870362.796348
CYL_PRES_STAT,0,1594870362.816206
CYL_PRES_STAT,0,1594870362.8370626
CYL_PRES_STAT,0,1594870362.8573275
CYL_PRES_STAT,0,1594870362.9308102
CYL_PRES_STAT,0,1594870362.9395268
CYL_PRES_STAT,0,1594870362.9512806
CYL_PRES_STAT,0,1594870363.0044801
CYL_PRES_STAT,0,1594870363.065999
CYL_PRES_STAT,0,1594870363.078164
CYL_PRES_STAT,0,1594870363.0866609
CYL_PRES_STAT,0,1594870363.107372
CYL_PRES_STAT,0,1594870363.115457
CYL_PRES_STAT,0,1594870363.1273954
CYL_PRES_STAT,0,1594870363.168509
CYL_PRES_STAT,0,1594870363.315837
CYL_PRES_STAT,0,1594870363.324394
CYL_PRES_STAT,0,1594870363.3328052
CYL_PRES_STAT,0,1594870363.356699
CYL_PRES_STAT,0,1594870363.377192
CYL_PRES_STAT,0,1594870363.418106
CYL_PRES_STAT,0,1594870363.438781
CYL_PRES_STAT,0,1594870363.45921
CYL_PRES_STAT,0,1594870363.4797962
CYL_PRES_STAT,0,1594870363.606601
CYL_PRES_STAT,0,1594870363.614917
CYL_PRES_STAT,0,1594870363.623561
CYL_PRES_STAT,0,1594870363.668148
CYL_PRES_STAT,0,1594870363.684905
CYL_PRES_STAT,0,1594870363.7053359
CYL_PRES_STAT,0,1594870363.729583
CYL_PRES_STAT,0,1594870363.738241
CYL_PRES_STAT,0,1594870363.778879
CYL_PRES_STAT,0,1594870363.893274
CYL_PRES_STAT,0,1594870363.9139779
CYL_PRES_STAT,0,1594870363.9382908
CYL_PRES_STAT,0,1594870363.9428802
CYL_PRES_STAT,0,1594870363.9548
CYL_PRES_STAT,0,1594870363.9758608
CYL_PRES_STAT,0,1594870363.996372
CYL_PRES_STAT,0,1594870364.0166411
CYL_PRES_STAT,0,1594870364.057565
CYL_PRES_STAT,0,1594870364.1841102
CYL_PRES_STAT,0,1594870364.2045894
CYL_PRES_STAT,0,1594870364.2251751
CYL_PRES_STAT,0,1594870364.2372954
CYL_PRES_STAT,0,1594870364.245554
CYL_PRES_STAT,0,1594870364.2660182
CYL_PRES_STAT,0,1594870364.307156
CYL_PRES_STAT,0,1594870364.3194208
CYL_PRES_STAT,0,1594870364.327492
CYL_PRES_STAT,0,1594870364.3479922
CYL_PRES_STAT,0,1594870364.3565538
CYL_PRES_STAT,0,1594870364.368482
CYL_PRES_STAT,0,1594870364.4096806
CYL_PRES_STAT,0,1594870364.430623
CYL_PRES_STAT,0,1594870364.4837482
CYL_PRES_STAT,0,1594870364.495442
CYL_PRES_STAT,0,1594870364.5160398
CYL_PRES_STAT,0,1594870364.556842
CYL_PRES_STAT,0,1594870364.565084
CYL_PRES_STAT,0,1594870364.577256
CYL_PRES_STAT,0,1594870364.6883821
CYL_PRES_STAT,0,1594870364.7206461
CYL_PRES_STAT,0,1594870364.749752
CYL_PRES_STAT,0,1594870364.761657
CYL_PRES_STAT,0,1594870364.815276
CYL_PRES_STAT,0,1594870364.823541
CYL_PRES_STAT,0,1594870364.84398
CYL_PRES_STAT,0,1594870364.864435
CYL_PRES_STAT,0,1594870365.011473
CYL_PRES_STAT,0,1594870365.093704
CYL_PRES_STAT,0,1594870365.114523
CYL_PRES_STAT,0,1594870365.122606
CYL_PRES_STAT,0,1594870365.134398
CYL_PRES_STAT,0,1594870365.1758149
CYL_PRES_STAT,0,1594870365.196544
CYL_PRES_STAT,0,1594870365.2170699
CYL_PRES_STAT,0,1594870365.228627
CYL_PRES_STAT,0,1594870365.319273
CYL_PRES_STAT,0,1594870365.351512
CYL_PRES_STAT,0,1594870365.3719811
CYL_PRES_STAT,0,1594870365.3841422
CYL_PRES_STAT,0,1594870365.425206
CYL_PRES_STAT,0,1594870365.445823
CYL_PRES_STAT,0,1594870365.4665391
CYL_PRES_STAT,0,1594870365.4865432
CYL_PRES_STAT,0,1594870365.507316
CYL_PRES_STAT,0,1594870365.536098
CYL_PRES_STAT,0,1594870365.548084
CYL_PRES_STAT,0,1594870365.560276
CYL_PRES_STAT,0,1594870365.609845
CYL_PRES_STAT,0,1594870365.6423109
CYL_PRES_STAT,0,1594870365.6832368
CYL_PRES_STAT,0,1594870365.6919131
CYL_PRES_STAT,0,1594870365.7159748
CYL_PRES_STAT,0,1594870365.7244966
CYL_PRES_STAT,0,1594870365.7365134
CYL_PRES_STAT,0,1594870365.7569668
CYL_PRES_STAT,0,1594870365.7651286
CYL_PRES_STAT,0,1594870365.7773552
CYL_PRES_STAT,0,1594870365.797826
CYL_PRES_STAT,0,1594870365.806407
CYL_PRES_STAT,0,1594870365.867968
CYL_PRES_STAT,0,1594870365.879972
CYL_PRES_STAT,0,1594870365.88832
CYL_PRES_STAT,0,1594870365.961865
CYL_PRES_STAT,0,1594870365.973949
CYL_PRES_STAT,0,1594870365.982834
CYL_PRES_STAT,0,1594870366.003079
CYL_PRES_STAT,0,1594870366.023616
CYL_PRES_STAT,0,1594870366.056267
CYL_PRES_STAT,0,1594870366.068347
CYL_PRES_STAT,0,1594870366.085174
CYL_PRES_STAT,0,1594870366.1090894
CYL_PRES_STAT,0,1594870366.129601
CYL_PRES_STAT,0,1594870366.13798
CYL_PRES_STAT,0,1594870366.2319539
CYL_PRES_STAT,0,1594870366.240512
CYL_PRES_STAT,0,1594870366.272998
CYL_PRES_STAT,0,1594870366.3141038
CYL_PRES_STAT,0,1594870366.3349571
CYL_PRES_STAT,0,1594870366.3554802
CYL_PRES_STAT,0,1594870366.387857
CYL_PRES_STAT,0,1594870366.4371948
CYL_PRES_STAT,0,1594870366.5310452
CYL_PRES_STAT,0,1594870366.5843039
CYL_PRES_STAT,0,1594870366.625362
CYL_PRES_STAT,0,1594870366.63761
CYL_PRES_STAT,0,1594870366.6458108
CYL_PRES_STAT,0,1594870366.687078
CYL_PRES_STAT,0,1594870366.707186
CYL_PRES_STAT,0,1594870366.7276561
CYL_PRES_STAT,0,1594870366.736068
CYL_PRES_STAT,0,1594870366.7481189
CYL_PRES_STAT,0,1594870366.842214
CYL_PRES_STAT,0,1594870366.883518
CYL_PRES_STAT,0,1594870366.8919866
CYL_PRES_STAT,0,1594870366.965468
CYL_PRES_STAT,0,1594870367.0183132
CYL_PRES_STAT,0,1594870367.1003869
CYL_PRES_STAT,0,1594870367.132998
CYL_PRES_STAT,0,1594870367.1825712
CYL_PRES_STAT,0,1594870367.206727
CYL_PRES_STAT,0,1594870367.2236302
CYL_PRES_STAT,0,1594870367.2443109
CYL_PRES_STAT,0,1594870367.268233
CYL_PRES_STAT,0,1594870367.399618
CYL_PRES_STAT,0,1594870367.432096
CYL_PRES_STAT,0,1594870367.47313
CYL_PRES_STAT,0,1594870367.4937348
CYL_PRES_STAT,0,1594870367.5350149
CYL_PRES_STAT,0,1594870367.5466628
CYL_PRES_STAT,0,1594870367.567137
CYL_PRES_STAT,0,1594870367.5757716
CYL_PRES_STAT,0,1594870367.6000562
CYL_PRES_STAT,0,1594870367.616652
CYL_PRES_STAT,0,1594870367.6784039
CYL_PRES_STAT,0,1594870367.7641046
CYL_PRES_STAT,0,1594870367.772141
CYL_PRES_STAT,0,1594870367.825355
CYL_PRES_STAT,0,1594870367.8458738
CYL_PRES_STAT,0,1594870367.8669262
CYL_PRES_STAT,0,1594870367.886792
CYL_PRES_STAT,0,1594870367.9072902
CYL_PRES_STAT,0,1594870368.001354
CYL_PRES_STAT,0,1594870368.0099509
CYL_PRES_STAT,0,1594870368.0304801
CYL_PRES_STAT,0,1594870368.0835571
CYL_PRES_STAT,0,1594870368.0919812
CYL_PRES_STAT,0,1594870368.11279
CYL_PRES_STAT,0,1594870368.124382
CYL_PRES_STAT,0,1594870368.157003
CYL_PRES_STAT,0,1594870368.165288
CYL_PRES_STAT,0,1594870368.1980634
CYL_PRES_STAT,0,1594870368.218624
CYL_PRES_STAT,0,1594870368.279922
CYL_PRES_STAT,0,1594870368.365974
CYL_PRES_STAT,0,1594870368.382827
CYL_PRES_STAT,0,1594870368.403229
CYL_PRES_STAT,0,1594870368.4238892
CYL_PRES_STAT,0,1594870368.448062
CYL_PRES_STAT,0,1594870368.4565349
CYL_PRES_STAT,0,1594870368.4682062
CYL_PRES_STAT,0,1594870368.497016
CYL_PRES_STAT,0,1594870368.5092778
CYL_PRES_STAT,0,1594870368.52988
CYL_PRES_STAT,0,1594870368.705819
CYL_PRES_STAT,0,1594870368.7353618
CYL_PRES_STAT,0,1594870368.767471
CYL_PRES_STAT,0,1594870368.775975
CYL_PRES_STAT,0,1594870368.787852
CYL_PRES_STAT,0,1594870368.984396
CYL_PRES_STAT,0,1594870369.004833
CYL_PRES_STAT,0,1594870369.0255294
CYL_PRES_STAT,0,1594870369.034255
CYL_PRES_STAT,0,1594870369.045886
CYL_PRES_STAT,0,1594870369.107836
CYL_PRES_STAT,0,1594870369.1399221
CYL_PRES_STAT,0,1594870369.283726
CYL_PRES_STAT,0,1594870369.3244126
CYL_PRES_STAT,0,1594870369.336621
CYL_PRES_STAT,0,1594870369.357442
CYL_PRES_STAT,0,1594870369.369272
CYL_PRES_STAT,0,1594870369.3775082
CYL_PRES_STAT,0,1594870369.398052
CYL_PRES_STAT,0,1594870369.4186704
CYL_PRES_STAT,0,1594870369.427118
CYL_PRES_STAT,0,1594870369.488544
CYL_PRES_STAT,0,1594870369.521052
CYL_PRES_STAT,0,1594870369.582777
CYL_PRES_STAT,0,1594870369.606876
CYL_PRES_STAT,0,1594870369.62418
CYL_PRES_STAT,0,1594870369.6478288
CYL_PRES_STAT,0,1594870369.668288
CYL_PRES_STAT,0,1594870369.72605
CYL_PRES_STAT,0,1594870369.8736694
CYL_PRES_STAT,0,1594870369.8977542
CYL_PRES_STAT,0,1594870369.914208
CYL_PRES_STAT,0,1594870369.934779
CYL_PRES_STAT,0,1594870369.9591546
CYL_PRES_STAT,0,1594870369.967406
CYL_PRES_STAT,0,1594870369.975662
CYL_PRES_STAT,0,1594870369.98794
CYL_PRES_STAT,0,1594870369.996639
CYL_PRES_STAT,0,1594870370.017007
CYL_PRES_STAT,0,1594870370.0698922
CYL_PRES_STAT,0,1594870370.143424
CYL_PRES_STAT,0,1594870370.1639931
CYL_PRES_STAT,0,1594870370.2050529
CYL_PRES_STAT,0,1594870370.225729
CYL_PRES_STAT,0,1594870370.233711
CYL_PRES_STAT,0,1594870370.246541
CYL_PRES_STAT,0,1594870370.2668061
CYL_PRES_STAT,0,1594870370.278718
CYL_PRES_STAT,0,1594870370.2868512
CYL_PRES_STAT,0,1594870370.368876
CYL_PRES_STAT,0,1594870370.389628
CYL_PRES_STAT,0,1594870370.475278
CYL_PRES_STAT,0,1594870370.495868
CYL_PRES_STAT,0,1594870370.5041249
CYL_PRES_STAT,0,1594870370.5161529
CYL_PRES_STAT,0,1594870370.524541
CYL_PRES_STAT,0,1594870370.536661
CYL_PRES_STAT,0,1594870370.5777225
CYL_PRES_STAT,0,1594870370.598159
CYL_PRES_STAT,0,1594870370.606736
CYL_PRES_STAT,0,1594870370.618592
CYL_PRES_STAT,0,1594870370.627192
CYL_PRES_STAT,0,1594870370.6391294
CYL_PRES_STAT,0,1594870370.741514
CYL_PRES_STAT,0,1594870370.7626
CYL_PRES_STAT,0,1594870370.774266
CYL_PRES_STAT,0,1594870370.782818
CYL_PRES_STAT,0,1594870370.803745
CYL_PRES_STAT,0,1594870370.8443651
CYL_PRES_STAT,0,1594870370.856163
CYL_PRES_STAT,0,1594870370.864668
CYL_PRES_STAT,0,1594870370.8767092
CYL_PRES_STAT,0,1594870370.8854132
CYL_PRES_STAT,0,1594870370.9177976
CYL_PRES_STAT,0,1594870371.052799
CYL_PRES_STAT,0,1594870371.0940318
CYL_PRES_STAT,0,1594870371.1059868
CYL_PRES_STAT,0,1594870371.114623
CYL_PRES_STAT,0,1594870371.138718
CYL_PRES_STAT,0,1594870371.159328
CYL_PRES_STAT,0,1594870371.1759741
CYL_PRES_STAT,0,1594870371.1879108
CYL_PRES_STAT,0,1594870371.208428
CYL_PRES_STAT,0,1594870371.217161
CYL_PRES_STAT,0,1594870371.3557599
CYL_PRES_STAT,0,1594870371.364086
CYL_PRES_STAT,0,1594870371.384575
CYL_PRES_STAT,0,1594870371.4050071
CYL_PRES_STAT,0,1594870371.425515
CYL_PRES_STAT,0,1594870371.4665976
CYL_PRES_STAT,0,1594870371.486923
CYL_PRES_STAT,0,1594870371.4956589
CYL_PRES_STAT,0,1594870371.507778
CYL_PRES_STAT,0,1594870371.589793
CYL_PRES_STAT,0,1594870371.601623
CYL_PRES_STAT,0,1594870371.654826
CYL_PRES_STAT,0,1594870371.6719966
CYL_PRES_STAT,0,1594870371.695868
CYL_PRES_STAT,0,1594870371.716592
CYL_PRES_STAT,0,1594870371.724582
CYL_PRES_STAT,0,1594870371.7331488
CYL_PRES_STAT,0,1594870371.7572238
CYL_PRES_STAT,0,1594870371.765759
CYL_PRES_STAT,0,1594870371.777715
CYL_PRES_STAT,0,1594870371.79829
CYL_PRES_STAT,0,1594870371.888653
CYL_PRES_STAT,0,1594870371.966126
CYL_PRES_STAT,0,1594870371.99472
CYL_PRES_STAT,0,1594870372.0070438
CYL_PRES_STAT,0,1594870372.015772
CYL_PRES_STAT,0,1594870372.027682
CYL_PRES_STAT,0,1594870372.048141
CYL_PRES_STAT,0,1594870372.056248
CYL_PRES_STAT,0,1594870372.0889509
CYL_PRES_STAT,0,1594870372.097507
CYL_PRES_STAT,0,1594870372.109421
CYL_PRES_STAT,0,1594870372.232466
CYL_PRES_STAT,0,1594870372.2527962
CYL_PRES_STAT,0,1594870372.265066
CYL_PRES_STAT,0,1594870372.273803
CYL_PRES_STAT,0,1594870372.2941089
CYL_PRES_STAT,0,1594870372.347039
CYL_PRES_STAT,0,1594870372.3557868
CYL_PRES_STAT,0,1594870372.388015
CYL_PRES_STAT,0,1594870372.397117
CYL_PRES_STAT,0,1594870372.498913
CYL_PRES_STAT,0,1594870372.551858
CYL_PRES_STAT,0,1594870372.593154
CYL_PRES_STAT,0,1594870372.6050694
CYL_PRES_STAT,0,1594870372.6256044
CYL_PRES_STAT,0,1594870372.6463249
CYL_PRES_STAT,0,1594870372.666904
CYL_PRES_STAT,0,1594870372.6787784
CYL_PRES_STAT,0,1594870372.7196698
CYL_PRES_STAT,0,1594870372.801882
CYL_PRES_STAT,0,1594870372.871989
CYL_PRES_STAT,0,1594870372.916306
CYL_PRES_STAT,0,1594870372.9250536
CYL_PRES_STAT,0,1594870372.936922
CYL_PRES_STAT,0,1594870372.966124
CYL_PRES_STAT,0,1594870372.9777348
CYL_PRES_STAT,0,1594870373.1333768
CYL_PRES_STAT,0,1594870373.142039
CYL_PRES_STAT,0,1594870373.153929
CYL_PRES_STAT,0,1594870373.162718
CYL_PRES_STAT,0,1594870373.1744301
CYL_PRES_STAT,0,1594870373.1833036
CYL_PRES_STAT,0,1594870373.2275732
CYL_PRES_STAT,0,1594870373.244354
CYL_PRES_STAT,0,1594870373.256341
CYL_PRES_STAT,0,1594870373.268847
CYL_PRES_STAT,0,1594870373.4734108
CYL_PRES_STAT,0,1594870373.494262
CYL_PRES_STAT,0,1594870373.506151
CYL_PRES_STAT,0,1594870373.518521
CYL_PRES_STAT,0,1594870373.538909
CYL_PRES_STAT,0,1594870373.547346
CYL_PRES_STAT,0,1594870373.556014
CYL_PRES_STAT,0,1594870373.588068
CYL_PRES_STAT,0,1594870373.597137
CYL_PRES_STAT,0,1594870373.702667
CYL_PRES_STAT,0,1594870373.743715
CYL_PRES_STAT,0,1594870373.764349
CYL_PRES_STAT,0,1594870373.80516
CYL_PRES_STAT,0,1594870373.825662
CYL_PRES_STAT,0,1594870373.960775
CYL_PRES_STAT,0,1594870374.054917
CYL_PRES_STAT,0,1594870374.063324
CYL_PRES_STAT,0,1594870374.116361
CYL_PRES_STAT,0,1594870374.136822
CYL_PRES_STAT,0,1594870374.1574562
CYL_PRES_STAT,0,1594870374.17802
CYL_PRES_STAT,0,1594870374.2272792
CYL_PRES_STAT,0,1594870374.239309
CYL_PRES_STAT,0,1594870374.24789
CYL_PRES_STAT,0,1594870374.259826
CYL_PRES_STAT,0,1594870374.366303
CYL_PRES_STAT,0,1594870374.386679
CYL_PRES_STAT,0,1594870374.4035
CYL_PRES_STAT,0,1594870374.415433
CYL_PRES_STAT,0,1594870374.4276512
CYL_PRES_STAT,0,1594870374.4891472
CYL_PRES_STAT,0,1594870374.4973722
CYL_PRES_STAT,0,1594870374.505955
CYL_PRES_STAT,0,1594870374.517941
CYL_PRES_STAT,0,1594870374.579995
CYL_PRES_STAT,0,1594870374.641014
CYL_PRES_STAT,0,1594870374.6530519
CYL_PRES_STAT,0,1594870374.665302
CYL_PRES_STAT,0,1594870374.673501
CYL_PRES_STAT,0,1594870374.7355552
CYL_PRES_STAT,0,1594870374.8617089
CYL_PRES_STAT,0,1594870374.8905542
CYL_PRES_STAT,0,1594870374.9436882
CYL_PRES_STAT,0,1594870374.9849136
CYL_PRES_STAT,0,1594870374.993243
CYL_PRES_STAT,0,1594870375.0463018
CYL_PRES_STAT,0,1594870375.0673332
CYL_PRES_STAT,0,1594870375.201727
CYL_PRES_STAT,0,1594870375.2429054
CYL_PRES_STAT,0,1594870375.25506
CYL_PRES_STAT,0,1594870375.27569
CYL_PRES_STAT,0,1594870375.296215
CYL_PRES_STAT,0,1594870375.357522
CYL_PRES_STAT,0,1594870375.378028
CYL_PRES_STAT,0,1594870375.4479382
CYL_PRES_STAT,0,1594870375.54597
CYL_PRES_STAT,0,1594870375.563173
CYL_PRES_STAT,0,1594870375.5746448
CYL_PRES_STAT,0,1594870375.583348
CYL_PRES_STAT,0,1594870375.6240902
CYL_PRES_STAT,0,1594870375.64466
CYL_PRES_STAT,0,1594870375.656517
CYL_PRES_STAT,0,1594870375.6689038
CYL_PRES_STAT,0,1594870375.689117
CYL_PRES_STAT,0,1594870375.6977289
CYL_PRES_STAT,0,1594870375.717838
CYL_PRES_STAT,0,1594870375.73878
CYL_PRES_STAT,0,1594870375.7588859
CYL_PRES_STAT,0,1594870375.800273
CYL_PRES_STAT,0,1594870375.8121538
CYL_PRES_STAT,0,1594870375.873857
CYL_PRES_STAT,0,1594870375.8943622
CYL_PRES_STAT,0,1594870375.918628
CYL_PRES_STAT,0,1594870375.939063
CYL_PRES_STAT,0,1594870375.9472811
CYL_PRES_STAT,0,1594870375.988189
CYL_PRES_STAT,0,1594870376.082552
CYL_PRES_STAT,0,1594870376.1438806
CYL_PRES_STAT,0,1594870376.152353
CYL_PRES_STAT,0,1594870376.205326
CYL_PRES_STAT,0,1594870376.2379851
CYL_PRES_STAT,0,1594870376.2464259
CYL_PRES_STAT,0,1594870376.266728
CYL_PRES_STAT,0,1594870376.2873442
CYL_PRES_STAT,0,1594870376.369477
CYL_PRES_STAT,0,1594870376.43468
CYL_PRES_STAT,0,1594870376.455067
CYL_PRES_STAT,0,1594870376.48404
CYL_PRES_STAT,0,1594870376.496141
CYL_PRES_STAT,0,1594870376.516685
CYL_PRES_STAT,0,1594870376.5371199
CYL_PRES_STAT,0,1594870376.557554
CYL_PRES_STAT,0,1594870376.598464
CYL_PRES_STAT,0,1594870376.6069582
CYL_PRES_STAT,0,1594870376.639479
CYL_PRES_STAT,0,1594870376.6804411
CYL_PRES_STAT,0,1594870376.7218704
CYL_PRES_STAT,0,1594870376.742344
CYL_PRES_STAT,0,1594870376.8158731
CYL_PRES_STAT,0,1594870376.868711
CYL_PRES_STAT,0,1594870376.889141
CYL_PRES_STAT,0,1594870376.917944
CYL_PRES_STAT,0,1594870377.0122368
CYL_PRES_STAT,0,1594870377.020658
CYL_PRES_STAT,0,1594870377.032706
CYL_PRES_STAT,0,1594870377.0412886
CYL_PRES_STAT,0,1594870377.053513
CYL_PRES_STAT,0,1594870377.065494
CYL_PRES_STAT,0,1594870377.0744152
CYL_PRES_STAT,0,1594870377.1185124
CYL_PRES_STAT,0,1594870377.135488
CYL_PRES_STAT,0,1594870377.1472552
CYL_PRES_STAT,0,1594870377.155879
CYL_PRES_STAT,0,1594870377.176409
CYL_PRES_STAT,0,1594870377.249742
CYL_PRES_STAT,0,1594870377.343914
CYL_PRES_STAT,0,1594870377.3526552
CYL_PRES_STAT,0,1594870377.3648381
CYL_PRES_STAT,0,1594870377.3851774
CYL_PRES_STAT,0,1594870377.3935962
CYL_PRES_STAT,0,1594870377.405673
CYL_PRES_STAT,0,1594870377.425823
CYL_PRES_STAT,0,1594870377.4465432
CYL_PRES_STAT,0,1594870377.5078132
CYL_PRES_STAT,0,1594870377.634662
CYL_PRES_STAT,0,1594870377.6429222
CYL_PRES_STAT,0,1594870377.655227
CYL_PRES_STAT,0,1594870377.663435
CYL_PRES_STAT,0,1594870377.675678
CYL_PRES_STAT,0,1594870377.6962626
CYL_PRES_STAT,0,1594870377.75771
CYL_PRES_STAT,0,1594870377.7780368
CYL_PRES_STAT,0,1594870377.921868
CYL_PRES_STAT,0,1594870377.946069
CYL_PRES_STAT,0,1594870377.966499
CYL_PRES_STAT,0,1594870377.9950929
CYL_PRES_STAT,0,1594870378.003958
CYL_PRES_STAT,0,1594870378.027811
CYL_PRES_STAT,0,1594870378.068775
CYL_PRES_STAT,0,1594870378.1712792
CYL_PRES_STAT,0,1594870378.200427
CYL_PRES_STAT,0,1594870378.2122538
CYL_PRES_STAT,0,1594870378.2535
CYL_PRES_STAT,0,1594870378.277642
CYL_PRES_STAT,0,1594870378.298204
CYL_PRES_STAT,0,1594870378.306381
CYL_PRES_STAT,0,1594870378.314991
CYL_PRES_STAT,0,1594870378.3391151
CYL_PRES_STAT,0,1594870378.380175
CYL_PRES_STAT,0,1594870378.408833
CYL_PRES_STAT,0,1594870378.441555
CYL_PRES_STAT,0,1594870378.503114
CYL_PRES_STAT,0,1594870378.5234652
CYL_PRES_STAT,0,1594870378.5318024
CYL_PRES_STAT,0,1594870378.5439649
CYL_PRES_STAT,0,1594870378.5562034
CYL_PRES_STAT,0,1594870378.564791
CYL_PRES_STAT,0,1594870378.5851018
CYL_PRES_STAT,0,1594870378.605404
CYL_PRES_STAT,0,1594870378.6175518
CYL_PRES_STAT,0,1594870378.6465304
CYL_PRES_STAT,0,1594870378.679074
CYL_PRES_STAT,0,1594870378.749273
CYL_PRES_STAT,0,1594870378.7610419
CYL_PRES_STAT,0,1594870378.834938
CYL_PRES_STAT,0,1594870378.8515232
CYL_PRES_STAT,0,1594870378.875708
CYL_PRES_STAT,0,1594870378.884591
CYL_PRES_STAT,0,1594870378.896297
CYL_PRES_STAT,0,1594870378.916647
CYL_PRES_STAT,0,1594870378.937291
CYL_PRES_STAT,0,1594870378.986614
CYL_PRES_STAT,0,1594870378.998598
CYL_PRES_STAT,0,1594870379.060093
CYL_PRES_STAT,0,1594870379.0928109
CYL_PRES_STAT,0,1594870379.1337466
CYL_PRES_STAT,0,1594870379.142504
CYL_PRES_STAT,0,1594870379.16672
CYL_PRES_STAT,0,1594870379.187007
CYL_PRES_STAT,0,1594870379.207479
CYL_PRES_STAT,0,1594870379.26883
CYL_PRES_STAT,0,1594870379.28615
CYL_PRES_STAT,0,1594870379.3713381
CYL_PRES_STAT,0,1594870379.412884
CYL_PRES_STAT,0,1594870379.4331784
CYL_PRES_STAT,0,1594870379.4532568
CYL_PRES_STAT,0,1594870379.515073
CYL_PRES_STAT,0,1594870379.5352411
CYL_PRES_STAT,0,1594870379.567939
CYL_PRES_STAT,0,1594870379.576514
CYL_PRES_STAT,0,1594870379.60902
CYL_PRES_STAT,0,1594870379.6585226
CYL_PRES_STAT,0,1594870379.682752
CYL_PRES_STAT,0,1594870379.7236106
CYL_PRES_STAT,0,1594870379.732178
CYL_PRES_STAT,0,1594870379.764662
CYL_PRES_STAT,0,1594870379.785425
CYL_PRES_STAT,0,1594870379.797246
CYL_PRES_STAT,0,1594870379.809551
CYL_PRES_STAT,0,1594870379.825993
CYL_PRES_STAT,0,1594870379.8469741
CYL_PRES_STAT,0,1594870379.8878772
CYL_PRES_STAT,0,1594870379.9201698
CYL_PRES_STAT,0,1594870379.949249
CYL_PRES_STAT,0,1594870379.961166
CYL_PRES_STAT,0,1594870379.9697301
CYL_PRES_STAT,0,1594870379.981666
CYL_PRES_STAT,0,1594870380.014293
CYL_PRES_STAT,0,1594870380.034846
CYL_PRES_STAT,0,1594870380.043374
CYL_PRES_STAT,0,1594870380.075766
CYL_PRES_STAT,0,1594870380.096334
CYL_PRES_STAT,0,1594870380.10514
CYL_PRES_STAT,0,1594870380.1374998
CYL_PRES_STAT,0,1594870380.157786
CYL_PRES_STAT,0,1594870380.186686
CYL_PRES_STAT,0,1594870380.2108722
CYL_PRES_STAT,0,1594870380.325642
CYL_PRES_STAT,0,1594870380.3340359
CYL_PRES_STAT,0,1594870380.342617
CYL_PRES_STAT,0,1594870380.387192
CYL_PRES_STAT,0,1594870380.407559
CYL_PRES_STAT,0,1594870380.427993
CYL_PRES_STAT,0,1594870380.448631
CYL_PRES_STAT,0,1594870380.456836
CYL_PRES_STAT,0,1594870380.4894881
CYL_PRES_STAT,0,1594870380.509933
CYL_PRES_STAT,0,1594870380.612494
CYL_PRES_STAT,0,1594870380.63293
CYL_PRES_STAT,0,1594870380.653784
CYL_PRES_STAT,0,1594870380.6860971
CYL_PRES_STAT,0,1594870380.707237
CYL_PRES_STAT,0,1594870380.715117
CYL_PRES_STAT,0,1594870380.768002
CYL_PRES_STAT,0,1594870380.8622458
CYL_PRES_STAT,0,1594870380.882764
CYL_PRES_STAT,0,1594870380.923667
CYL_PRES_STAT,0,1594870380.944242
CYL_PRES_STAT,0,1594870380.9563901
CYL_PRES_STAT,0,1594870380.9650078
CYL_PRES_STAT,0,1594870381.026082
CYL_PRES_STAT,0,1594870381.0381858
CYL_PRES_STAT,0,1594870381.05877
CYL_PRES_STAT,0,1594870381.06755
CYL_PRES_STAT,0,1594870381.161119
CYL_PRES_STAT,0,1594870381.2061794
CYL_PRES_STAT,0,1594870381.214478
CYL_PRES_STAT,0,1594870381.2351198
CYL_PRES_STAT,0,1594870381.275887
CYL_PRES_STAT,0,1594870381.2880974
CYL_PRES_STAT,0,1594870381.35823
CYL_PRES_STAT,0,1594870381.4724221
CYL_PRES_STAT,0,1594870381.4809961
CYL_PRES_STAT,0,1594870381.5256808
CYL_PRES_STAT,0,1594870381.54631
CYL_PRES_STAT,0,1594870381.554431
CYL_PRES_STAT,0,1594870381.5631738
CYL_PRES_STAT,0,1594870381.587193
CYL_PRES_STAT,0,1594870381.6076288
CYL_PRES_STAT,0,1594870381.636308
CYL_PRES_STAT,0,1594870381.648726
CYL_PRES_STAT,0,1594870381.8131044
CYL_PRES_STAT,0,1594870381.8334641
CYL_PRES_STAT,0,1594870381.8541274
CYL_PRES_STAT,0,1594870381.8861392
CYL_PRES_STAT,0,1594870381.927104
CYL_PRES_STAT,0,1594870381.935991
CYL_PRES_STAT,0,1594870381.9478722
CYL_PRES_STAT,0,1594870381.95985
CYL_PRES_STAT,0,1594870382.038316
CYL_PRES_STAT,0,1594870382.1039472
CYL_PRES_STAT,0,1594870382.1442661
CYL_PRES_STAT,0,1594870382.16474
CYL_PRES_STAT,0,1594870382.185767
CYL_PRES_STAT,0,1594870382.209582
CYL_PRES_STAT,0,1594870382.226138
CYL_PRES_STAT,0,1594870382.2471619
CYL_PRES_STAT,0,1594870382.2673619
CYL_PRES_STAT,0,1594870382.414832
CYL_PRES_STAT,0,1594870382.422766
CYL_PRES_STAT,0,1594870382.4352589
CYL_PRES_STAT,0,1594870382.443528
CYL_PRES_STAT,0,1594870382.455507
CYL_PRES_STAT,0,1594870382.4759412
CYL_PRES_STAT,0,1594870382.516979
CYL_PRES_STAT,0,1594870382.529144
CYL_PRES_STAT,0,1594870382.5378492
CYL_PRES_STAT,0,1594870382.59916
CYL_PRES_STAT,0,1594870382.652092
CYL_PRES_STAT,0,1594870382.69332
CYL_PRES_STAT,0,1594870382.701859
CYL_PRES_STAT,0,1594870382.7257519
CYL_PRES_STAT,0,1594870382.7667134
CYL_PRES_STAT,0,1594870382.78717
CYL_PRES_STAT,0,1594870382.8075619
CYL_PRES_STAT,0,1594870382.828078
CYL_PRES_STAT,0,1594870382.848661
CYL_PRES_STAT,0,1594870382.8572311
CYL_PRES_STAT,0,1594870383.024863
CYL_PRES_STAT,0,1594870383.033468
CYL_PRES_STAT,0,1594870383.074381
CYL_PRES_STAT,0,1594870383.0948944
CYL_PRES_STAT,0,1594870383.106872
CYL_PRES_STAT,0,1594870383.1598349
CYL_PRES_STAT,0,1594870383.2010822
CYL_PRES_STAT,0,1594870383.241912
CYL_PRES_STAT,0,1594870383.250457
CYL_PRES_STAT,0,1594870383.303241
CYL_PRES_STAT,0,1594870383.324117
CYL_PRES_STAT,0,1594870383.3447206
CYL_PRES_STAT,0,1594870383.3652391
CYL_PRES_STAT,0,1594870383.406175
CYL_PRES_STAT,0,1594870383.42611
CYL_PRES_STAT,0,1594870383.4589794
CYL_PRES_STAT,0,1594870383.4675949
CYL_PRES_STAT,0,1594870383.549433
CYL_PRES_STAT,0,1594870383.594032
CYL_PRES_STAT,0,1594870383.602896
CYL_PRES_STAT,0,1594870383.6146052
CYL_PRES_STAT,0,1594870383.655637
CYL_PRES_STAT,0,1594870383.6850162
CYL_PRES_STAT,0,1594870383.6967778
CYL_PRES_STAT,0,1594870383.717043
CYL_PRES_STAT,0,1594870383.737566
CYL_PRES_STAT,0,1594870383.8402839
CYL_PRES_STAT,0,1594870383.901674
CYL_PRES_STAT,0,1594870383.9258301
CYL_PRES_STAT,0,1594870383.94633
CYL_PRES_STAT,0,1594870383.966862
CYL_PRES_STAT,0,1594870384.0282712
CYL_PRES_STAT,0,1594870384.069246
CYL_PRES_STAT,0,1594870384.130702
CYL_PRES_STAT,0,1594870384.183928
CYL_PRES_STAT,0,1594870384.224918
CYL_PRES_STAT,0,1594870384.233426
CYL_PRES_STAT,0,1594870384.2949312
CYL_PRES_STAT,0,1594870384.315361
CYL_PRES_STAT,0,1594870384.339537
CYL_PRES_STAT,0,1594870384.4010172
CYL_PRES_STAT,0,1594870384.471144
CYL_PRES_STAT,0,1594870384.4830859
CYL_PRES_STAT,0,1594870384.6060472
CYL_PRES_STAT,0,1594870384.761499
CYL_PRES_STAT,0,1594870384.814698
CYL_PRES_STAT,0,1594870384.835149
CYL_PRES_STAT,0,1594870384.847332
CYL_PRES_STAT,0,1594870384.855687
CYL_PRES_STAT,0,1594870384.917176
CYL_PRES_STAT,0,1594870384.925628
CYL_PRES_STAT,0,1594870384.9376054
CYL_PRES_STAT,0,1594870384.958108
CYL_PRES_STAT,0,1594870384.9906929
CYL_PRES_STAT,0,1594870384.999398
CYL_PRES_STAT,0,1594870385.085006
CYL_PRES_STAT,0,1594870385.1055028
CYL_PRES_STAT,0,1594870385.1258152
CYL_PRES_STAT,0,1594870385.134133
CYL_PRES_STAT,0,1594870385.1669009
CYL_PRES_STAT,0,1594870385.175424
CYL_PRES_STAT,0,1594870385.187275
CYL_PRES_STAT,0,1594870385.207851
CYL_PRES_STAT,0,1594870385.22845
CYL_PRES_STAT,0,1594870385.3513231
CYL_PRES_STAT,0,1594870385.4134774
CYL_PRES_STAT,0,1594870385.425026
CYL_PRES_STAT,0,1594870385.4335551
CYL_PRES_STAT,0,1594870385.4576352
CYL_PRES_STAT,0,1594870385.478197
CYL_PRES_STAT,0,1594870385.495
CYL_PRES_STAT,0,1594870385.506944
CYL_PRES_STAT,0,1594870385.527336
CYL_PRES_STAT,0,1594870385.539587
CYL_PRES_STAT,0,1594870385.556426
CYL_PRES_STAT,0,1594870385.5683286
CYL_PRES_STAT,0,1594870385.600987
CYL_PRES_STAT,0,1594870385.682956
CYL_PRES_STAT,0,1594870385.70348
CYL_PRES_STAT,0,1594870385.7243
CYL_PRES_STAT,0,1594870385.7447948
CYL_PRES_STAT,0,1594870385.7566998
CYL_PRES_STAT,0,1594870385.7649226
CYL_PRES_STAT,0,1594870385.789381
CYL_PRES_STAT,0,1594870385.806262
CYL_PRES_STAT,0,1594870385.8264089
CYL_PRES_STAT,0,1594870385.94106
CYL_PRES_STAT,0,1594870385.973734
CYL_PRES_STAT,0,1594870385.994237
CYL_PRES_STAT,0,1594870386.0027132
CYL_PRES_STAT,0,1594870386.035281
CYL_PRES_STAT,0,1594870386.0556931
CYL_PRES_STAT,0,1594870386.0847766
CYL_PRES_STAT,0,1594870386.096875
CYL_PRES_STAT,0,1594870386.117108
CYL_PRES_STAT,0,1594870386.219902
CYL_PRES_STAT,0,1594870386.252291
CYL_PRES_STAT,0,1594870386.305593
CYL_PRES_STAT,0,1594870386.3259342
CYL_PRES_STAT,0,1594870386.3345332
CYL_PRES_STAT,0,1594870386.3464868
CYL_PRES_STAT,0,1594870386.367529
CYL_PRES_STAT,0,1594870386.3874538
CYL_PRES_STAT,0,1594870386.4284532
CYL_PRES_STAT,0,1594870386.437024
CYL_PRES_STAT,0,1594870386.448916
CYL_PRES_STAT,0,1594870386.4574046
CYL_PRES_STAT,0,1594870386.5846534
CYL_PRES_STAT,0,1594870386.6044989
CYL_PRES_STAT,0,1594870386.666341
CYL_PRES_STAT,0,1594870386.6782954
CYL_PRES_STAT,0,1594870386.6950462
CYL_PRES_STAT,0,1594870386.7069368
CYL_PRES_STAT,0,1594870386.719109
CYL_PRES_STAT,0,1594870386.7396214
CYL_PRES_STAT,0,1594870386.7479231
CYL_PRES_STAT,0,1594870386.7684698
CYL_PRES_STAT,0,1594870386.821604
CYL_PRES_STAT,0,1594870386.850916
CYL_PRES_STAT,0,1594870386.862688
CYL_PRES_STAT,0,1594870386.9158778
CYL_PRES_STAT,0,1594870386.924084
CYL_PRES_STAT,0,1594870386.944927
CYL_PRES_STAT,0,1594870386.969147
CYL_PRES_STAT,0,1594870386.989493
CYL_PRES_STAT,0,1594870387.0062678
CYL_PRES_STAT,0,1594870387.0385768
CYL_PRES_STAT,0,1594870387.047324
CYL_PRES_STAT,0,1594870387.19478
CYL_PRES_STAT,0,1594870387.202671
CYL_PRES_STAT,0,1594870387.214915
CYL_PRES_STAT,0,1594870387.2352626
CYL_PRES_STAT,0,1594870387.247477
CYL_PRES_STAT,0,1594870387.255853
CYL_PRES_STAT,0,1594870387.297469
CYL_PRES_STAT,0,1594870387.329371
CYL_PRES_STAT,0,1594870387.337627
CYL_PRES_STAT,0,1594870387.34657
CYL_PRES_STAT,0,1594870387.485106
CYL_PRES_STAT,0,1594870387.5054991
CYL_PRES_STAT,0,1594870387.5466418
CYL_PRES_STAT,0,1594870387.567022
CYL_PRES_STAT,0,1594870387.587643
CYL_PRES_STAT,0,1594870387.608062
CYL_PRES_STAT,0,1594870387.669382
CYL_PRES_STAT,0,1594870387.6985269
CYL_PRES_STAT,0,1594870387.792864
CYL_PRES_STAT,0,1594870387.8131034
CYL_PRES_STAT,0,1594870387.825027
CYL_PRES_STAT,0,1594870387.833547
CYL_PRES_STAT,0,1594870387.85775
CYL_PRES_STAT,0,1594870387.8784769
CYL_PRES_STAT,0,1594870387.8952608
CYL_PRES_STAT,0,1594870387.939696
CYL_PRES_STAT,0,1594870388.0511081
CYL_PRES_STAT,0,1594870388.062856
CYL_PRES_STAT,0,1594870388.083154
CYL_PRES_STAT,0,1594870388.091718
CYL_PRES_STAT,0,1594870388.104151
CYL_PRES_STAT,0,1594870388.1280892
CYL_PRES_STAT,0,1594870388.185986
CYL_PRES_STAT,0,1594870388.373965
CYL_PRES_STAT,0,1594870388.394418
CYL_PRES_STAT,0,1594870388.435551
CYL_PRES_STAT,0,1594870388.4558132
CYL_PRES_STAT,0,1594870388.476293
CYL_PRES_STAT,0,1594870388.4885118
CYL_PRES_STAT,0,1594870388.5500536
CYL_PRES_STAT,0,1594870388.5705988
CYL_PRES_STAT,0,1594870388.5909538
CYL_PRES_STAT,0,1594870388.599606
CYL_PRES_STAT,0,1594870388.620353
CYL_PRES_STAT,0,1594870388.685121
CYL_PRES_STAT,0,1594870388.701965
CYL_PRES_STAT,0,1594870388.726052
CYL_PRES_STAT,0,1594870388.735004
CYL_PRES_STAT,0,1594870388.7468328
CYL_PRES_STAT,0,1594870388.8168774
CYL_PRES_STAT,0,1594870388.8286679
CYL_PRES_STAT,0,1594870388.910466
CYL_PRES_STAT,0,1594870388.9310136
CYL_PRES_STAT,0,1594870388.963848
CYL_PRES_STAT,0,1594870388.971961
CYL_PRES_STAT,0,1594870388.9843142
CYL_PRES_STAT,0,1594870388.996725
CYL_PRES_STAT,0,1594870389.016858
CYL_PRES_STAT,0,1594870389.0578349
CYL_PRES_STAT,0,1594870389.07485
CYL_PRES_STAT,0,1594870389.09903
CYL_PRES_STAT,0,1594870389.1893
CYL_PRES_STAT,0,1594870389.250664
CYL_PRES_STAT,0,1594870389.262899
CYL_PRES_STAT,0,1594870389.303757
CYL_PRES_STAT,0,1594870389.3159778
CYL_PRES_STAT,0,1594870389.3246136
CYL_PRES_STAT,0,1594870389.3451872
CYL_PRES_STAT,0,1594870389.4181778
CYL_PRES_STAT,0,1594870389.426817
CYL_PRES_STAT,0,1594870389.500253
CYL_PRES_STAT,0,1594870389.5126529
CYL_PRES_STAT,0,1594870389.520808
CYL_PRES_STAT,0,1594870389.573895
CYL_PRES_STAT,0,1594870389.59453
CYL_PRES_STAT,0,1594870389.615015
CYL_PRES_STAT,0,1594870389.6355178
CYL_PRES_STAT,0,1594870389.64403
CYL_PRES_STAT,0,1594870389.6559072
CYL_PRES_STAT,0,1594870389.696925
CYL_PRES_STAT,0,1594870389.864772
CYL_PRES_STAT,0,1594870389.8852446
CYL_PRES_STAT,0,1594870389.8937528
CYL_PRES_STAT,0,1594870389.9057322
CYL_PRES_STAT,0,1594870389.946686
CYL_PRES_STAT,0,1594870389.987825
CYL_PRES_STAT,0,1594870390.008207
CYL_PRES_STAT,0,1594870390.0286698
CYL_PRES_STAT,0,1594870390.15181
CYL_PRES_STAT,0,1594870390.196436
CYL_PRES_STAT,0,1594870390.216931
CYL_PRES_STAT,0,1594870390.23753
CYL_PRES_STAT,0,1594870390.2457442
CYL_PRES_STAT,0,1594870390.254435
CYL_PRES_STAT,0,1594870390.278371
CYL_PRES_STAT,0,1594870390.4305544
CYL_PRES_STAT,0,1594870390.4628232
CYL_PRES_STAT,0,1594870390.475034
CYL_PRES_STAT,0,1594870390.556928
CYL_PRES_STAT,0,1594870390.5856302
CYL_PRES_STAT,0,1594870390.597883
CYL_PRES_STAT,0,1594870390.606119
CYL_PRES_STAT,0,1594870390.753781
CYL_PRES_STAT,0,1594870390.774102
CYL_PRES_STAT,0,1594870390.8150961
CYL_PRES_STAT,0,1594870390.8356118
CYL_PRES_STAT,0,1594870390.8560374
CYL_PRES_STAT,0,1594870390.8771212
CYL_PRES_STAT,0,1594870390.8886342
CYL_PRES_STAT,0,1594870391.064799
CYL_PRES_STAT,0,1594870391.126258
CYL_PRES_STAT,0,1594870391.138619
CYL_PRES_STAT,0,1594870391.147668
CYL_PRES_STAT,0,1594870391.1877089
CYL_PRES_STAT,0,1594870391.208257
CYL_PRES_STAT,0,1594870391.2170289
CYL_PRES_STAT,0,1594870391.228616
CYL_PRES_STAT,0,1594870391.236902
CYL_PRES_STAT,0,1594870391.3515544
CYL_PRES_STAT,0,1594870391.376044
CYL_PRES_STAT,0,1594870391.393068
CYL_PRES_STAT,0,1594870391.413686
CYL_PRES_STAT,0,1594870391.454366
CYL_PRES_STAT,0,1594870391.466548
CYL_PRES_STAT,0,1594870391.4749296
CYL_PRES_STAT,0,1594870391.519667
CYL_PRES_STAT,0,1594870391.6628249
CYL_PRES_STAT,0,1594870391.704339
CYL_PRES_STAT,0,1594870391.716042
CYL_PRES_STAT,0,1594870391.724764
CYL_PRES_STAT,0,1594870391.748831
CYL_PRES_STAT,0,1594870391.769286
CYL_PRES_STAT,0,1594870391.777454
CYL_PRES_STAT,0,1594870391.7861788
CYL_PRES_STAT,0,1594870391.797956
CYL_PRES_STAT,0,1594870391.8185852
CYL_PRES_STAT,0,1594870391.8269708
CYL_PRES_STAT,0,1594870391.8475142
CYL_PRES_STAT,0,1594870391.9536572
CYL_PRES_STAT,0,1594870391.9741702
CYL_PRES_STAT,0,1594870391.995004
CYL_PRES_STAT,0,1594870392.015137
CYL_PRES_STAT,0,1594870392.035485
CYL_PRES_STAT,0,1594870392.0768812
CYL_PRES_STAT,0,1594870392.0971148
CYL_PRES_STAT,0,1594870392.11768
CYL_PRES_STAT,0,1594870392.293895
CYL_PRES_STAT,0,1594870392.305845
CYL_PRES_STAT,0,1594870392.32631
CYL_PRES_STAT,0,1594870392.3467462
CYL_PRES_STAT,0,1594870392.387694
CYL_PRES_STAT,0,1594870392.4083269
CYL_PRES_STAT,0,1594870392.5725482
CYL_PRES_STAT,0,1594870392.592845
CYL_PRES_STAT,0,1594870392.604715
CYL_PRES_STAT,0,1594870392.613935
CYL_PRES_STAT,0,1594870392.625333
CYL_PRES_STAT,0,1594870392.63777
CYL_PRES_STAT,0,1594870392.6581619
CYL_PRES_STAT,0,1594870392.6954892
CYL_PRES_STAT,0,1594870392.719475
CYL_PRES_STAT,0,1594870392.7604759
CYL_PRES_STAT,0,1594870392.789558
CYL_PRES_STAT,0,1594870392.81
CYL_PRES_STAT,0,1594870392.821973
CYL_PRES_STAT,0,1594870392.8635721
CYL_PRES_STAT,0,1594870392.875226
CYL_PRES_STAT,0,1594870392.88374
CYL_PRES_STAT,0,1594870392.9044552
CYL_PRES_STAT,0,1594870392.9571142
CYL_PRES_STAT,0,1594870392.965812
CYL_PRES_STAT,0,1594870392.986075
CYL_PRES_STAT,0,1594870393.01866
CYL_PRES_STAT,0,1594870393.0270052
CYL_PRES_STAT,0,1594870393.0390642
CYL_PRES_STAT,0,1594870393.153761
CYL_PRES_STAT,0,1594870393.17418
CYL_PRES_STAT,0,1594870393.1827366
CYL_PRES_STAT,0,1594870393.206884
CYL_PRES_STAT,0,1594870393.215234
CYL_PRES_STAT,0,1594870393.236151
CYL_PRES_STAT,0,1594870393.2565482
CYL_PRES_STAT,0,1594870393.2770028
CYL_PRES_STAT,0,1594870393.288872
CYL_PRES_STAT,0,1594870393.465023
CYL_PRES_STAT,0,1594870393.4855359
CYL_PRES_STAT,0,1594870393.526374
CYL_PRES_STAT,0,1594870393.587882
CYL_PRES_STAT,0,1594870393.669783
CYL_PRES_STAT,0,1594870393.755684
CYL_PRES_STAT,0,1594870393.776243
CYL_PRES_STAT,0,1594870393.784828
CYL_PRES_STAT,0,1594870393.793011
CYL_PRES_STAT,0,1594870393.8376472
CYL_PRES_STAT,0,1594870393.8545249
CYL_PRES_STAT,0,1594870393.866432
CYL_PRES_STAT,0,1594870393.8786461
CYL_PRES_STAT,0,1594870393.919519
CYL_PRES_STAT,0,1594870393.98928
CYL_PRES_STAT,0,1594870394.042554
CYL_PRES_STAT,0,1594870394.063166
CYL_PRES_STAT,0,1594870394.084198
CYL_PRES_STAT,0,1594870394.104352
CYL_PRES_STAT,0,1594870394.1164222
CYL_PRES_STAT,0,1594870394.124941
CYL_PRES_STAT,0,1594870394.1455226
CYL_PRES_STAT,0,1594870394.2067711
CYL_PRES_STAT,0,1594870394.353726
CYL_PRES_STAT,0,1594870394.3624141
CYL_PRES_STAT,0,1594870394.374186
CYL_PRES_STAT,0,1594870394.3948524
CYL_PRES_STAT,0,1594870394.50928
CYL_PRES_STAT,0,1594870394.611857
CYL_PRES_STAT,0,1594870394.644473
CYL_PRES_STAT,0,1594870394.66524
CYL_PRES_STAT,0,1594870394.7266948
CYL_PRES_STAT,0,1594870394.734704
CYL_PRES_STAT,0,1594870394.746932
CYL_PRES_STAT,0,1594870394.767478
CYL_PRES_STAT,0,1594870394.776156
CYL_PRES_STAT,0,1594870394.7878711
CYL_PRES_STAT,0,1594870394.796756
CYL_PRES_STAT,0,1594870394.808474
CYL_PRES_STAT,0,1594870394.972759
CYL_PRES_STAT,0,1594870394.99674
CYL_PRES_STAT,0,1594870395.0173922
CYL_PRES_STAT,0,1594870395.025861
CYL_PRES_STAT,0,1594870395.037792
CYL_PRES_STAT,0,1594870395.0992188
CYL_PRES_STAT,0,1594870395.222008
CYL_PRES_STAT,0,1594870395.24256
CYL_PRES_STAT,0,1594870395.263824
CYL_PRES_STAT,0,1594870395.2752721
CYL_PRES_STAT,0,1594870395.2842062
CYL_PRES_STAT,0,1594870395.304609
CYL_PRES_STAT,0,1594870395.348947
CYL_PRES_STAT,0,1594870395.365909
CYL_PRES_STAT,0,1594870395.38683
CYL_PRES_STAT,0,1594870395.480106
CYL_PRES_STAT,0,1594870395.488843
CYL_PRES_STAT,0,1594870395.5537062
CYL_PRES_STAT,0,1594870395.5949702
CYL_PRES_STAT,0,1594870395.6070359
CYL_PRES_STAT,0,1594870395.6155908
CYL_PRES_STAT,0,1594870395.636373
CYL_PRES_STAT,0,1594870395.644369
CYL_PRES_STAT,0,1594870395.656232
CYL_PRES_STAT,0,1594870395.677054
CYL_PRES_STAT,0,1594870395.6889322
CYL_PRES_STAT,0,1594870395.820566
CYL_PRES_STAT,0,1594870395.84093
CYL_PRES_STAT,0,1594870395.852771
CYL_PRES_STAT,0,1594870395.8652189
CYL_PRES_STAT,0,1594870395.885698
CYL_PRES_STAT,0,1594870395.906106
CYL_PRES_STAT,0,1594870395.9266
CYL_PRES_STAT,0,1594870395.9350662
CYL_PRES_STAT,0,1594870395.9879189
CYL_PRES_STAT,0,1594870396.008559
CYL_PRES_STAT,0,1594870396.0581918
CYL_PRES_STAT,0,1594870396.1401348
CYL_PRES_STAT,0,1594870396.1558099
CYL_PRES_STAT,0,1594870396.1763391
CYL_PRES_STAT,0,1594870396.2377179
CYL_PRES_STAT,0,1594870396.2546408
CYL_PRES_STAT,0,1594870396.275305
CYL_PRES_STAT,0,1594870396.4425519
CYL_PRES_STAT,0,1594870396.546001
CYL_PRES_STAT,0,1594870396.606823
CYL_PRES_STAT,0,1594870396.668534
CYL_PRES_STAT,0,1594870396.6802099
CYL_PRES_STAT,0,1594870396.688822
CYL_PRES_STAT,0,1594870396.753984
CYL_PRES_STAT,0,1594870396.762614
CYL_PRES_STAT,0,1594870396.774493
CYL_PRES_STAT,0,1594870396.795306
CYL_PRES_STAT,0,1594870396.8239946
CYL_PRES_STAT,0,1594870397.044662
CYL_PRES_STAT,0,1594870397.065233
CYL_PRES_STAT,0,1594870397.106048
CYL_PRES_STAT,0,1594870397.126595
CYL_PRES_STAT,0,1594870397.147655
CYL_PRES_STAT,0,1594870397.1554172
CYL_PRES_STAT,0,1594870397.1968582
CYL_PRES_STAT,0,1594870397.258146
CYL_PRES_STAT,0,1594870397.3315046
CYL_PRES_STAT,0,1594870397.352297
CYL_PRES_STAT,0,1594870397.376428
CYL_PRES_STAT,0,1594870397.393259
CYL_PRES_STAT,0,1594870397.414015
CYL_PRES_STAT,0,1594870397.5813038
CYL_PRES_STAT,0,1594870397.643017
CYL_PRES_STAT,0,1594870397.66353
CYL_PRES_STAT,0,1594870397.675673
CYL_PRES_STAT,0,1594870397.684011
CYL_PRES_STAT,0,1594870397.745885
CYL_PRES_STAT,0,1594870397.757349
CYL_PRES_STAT,0,1594870397.7660232
CYL_PRES_STAT,0,1594870397.78627
CYL_PRES_STAT,0,1594870397.86826
CYL_PRES_STAT,0,1594870397.888847
CYL_PRES_STAT,0,1594870397.9212852
CYL_PRES_STAT,0,1594870397.994981
CYL_PRES_STAT,0,1594870398.0070775
CYL_PRES_STAT,0,1594870398.036512
CYL_PRES_STAT,0,1594870398.056396
CYL_PRES_STAT,0,1594870398.076981
CYL_PRES_STAT,0,1594870398.1801028
CYL_PRES_STAT,0,1594870398.261586
CYL_PRES_STAT,0,1594870398.27339
CYL_PRES_STAT,0,1594870398.282021
CYL_PRES_STAT,0,1594870398.306087
CYL_PRES_STAT,0,1594870398.326551
CYL_PRES_STAT,0,1594870398.36763
CYL_PRES_STAT,0,1594870398.3880801
CYL_PRES_STAT,0,1594870398.396631
CYL_PRES_STAT,0,1594870398.4086232
CYL_PRES_STAT,0,1594870398.543621
CYL_PRES_STAT,0,1594870398.552396
CYL_PRES_STAT,0,1594870398.5729759
CYL_PRES_STAT,0,1594870398.634135
CYL_PRES_STAT,0,1594870398.6547468
CYL_PRES_STAT,0,1594870398.666667
CYL_PRES_STAT,0,1594870398.678821
CYL_PRES_STAT,0,1594870398.6994472
CYL_PRES_STAT,0,1594870398.884023
CYL_PRES_STAT,0,1594870398.9044638
CYL_PRES_STAT,0,1594870398.9163678
CYL_PRES_STAT,0,1594870398.9286609
CYL_PRES_STAT,0,1594870398.9491491
CYL_PRES_STAT,0,1594870398.965938
CYL_PRES_STAT,0,1594870398.9863832
CYL_PRES_STAT,0,1594870398.998522
CYL_PRES_STAT,0,1594870399.027354
CYL_PRES_STAT,0,1594870399.0392694
CYL_PRES_STAT,0,1594870399.04791
CYL_PRES_STAT,0,1594870399.080296
CYL_PRES_STAT,0,1594870399.133465
CYL_PRES_STAT,0,1594870399.153976
CYL_PRES_STAT,0,1594870399.16271
CYL_PRES_STAT,0,1594870399.195141
CYL_PRES_STAT,0,1594870399.2154632
CYL_PRES_STAT,0,1594870399.2444546
CYL_PRES_STAT,0,1594870399.2564428
CYL_PRES_STAT,0,1594870399.276856
CYL_PRES_STAT,0,1594870399.29746
CYL_PRES_STAT,0,1594870399.338328
CYL_PRES_STAT,0,1594870399.350683
CYL_PRES_STAT,0,1594870399.4411561
CYL_PRES_STAT,0,1594870399.506145
CYL_PRES_STAT,0,1594870399.526751
CYL_PRES_STAT,0,1594870399.547394
CYL_PRES_STAT,0,1594870399.555491
CYL_PRES_STAT,0,1594870399.5676534
CYL_PRES_STAT,0,1594870399.576409
CYL_PRES_STAT,0,1594870399.5881689
CYL_PRES_STAT,0,1594870399.678601
CYL_PRES_STAT,0,1594870399.690582
CYL_PRES_STAT,0,1594870399.7197306
CYL_PRES_STAT,0,1594870399.760679
CYL_PRES_STAT,0,1594870399.7932868
CYL_PRES_STAT,0,1594870399.8140051
CYL_PRES_STAT,0,1594870399.825759
CYL_PRES_STAT,0,1594870399.8379798
CYL_PRES_STAT,0,1594870399.875396
CYL_PRES_STAT,0,1594870399.895874
CYL_PRES_STAT,0,1594870399.9076948
CYL_PRES_STAT,0,1594870399.9161222
CYL_PRES_STAT,0,1594870399.928123
CYL_PRES_STAT,0,1594870399.981421
CYL_PRES_STAT,0,1594870399.989967
CYL_PRES_STAT,0,1594870400.043075
CYL_PRES_STAT,0,1594870400.063541
CYL_PRES_STAT,0,1594870400.0837789
CYL_PRES_STAT,0,1594870400.0922284
CYL_PRES_STAT,0,1594870400.149245
CYL_PRES_STAT,0,1594870400.1575232
CYL_PRES_STAT,0,1594870400.16578
CYL_PRES_STAT,0,1594870400.1866212
CYL_PRES_STAT,0,1594870400.288897
CYL_PRES_STAT,0,1594870400.40363
CYL_PRES_STAT,0,1594870400.4564269
CYL_PRES_STAT,0,1594870400.6325572
CYL_PRES_STAT,0,1594870400.641291
CYL_PRES_STAT,0,1594870400.65299
CYL_PRES_STAT,0,1594870400.6618981
CYL_PRES_STAT,0,1594870400.685854
CYL_PRES_STAT,0,1594870400.706395
CYL_PRES_STAT,0,1594870400.726758
CYL_PRES_STAT,0,1594870400.7348876
CYL_PRES_STAT,0,1594870400.767753
CYL_PRES_STAT,0,1594870400.78813
CYL_PRES_STAT,0,1594870400.8086796
CYL_PRES_STAT,0,1594870400.829293
CYL_PRES_STAT,0,1594870400.8582466
CYL_PRES_STAT,0,1594870400.952359
CYL_PRES_STAT,0,1594870400.972642
CYL_PRES_STAT,0,1594870401.014347
CYL_PRES_STAT,0,1594870401.034684
CYL_PRES_STAT,0,1594870401.054913
CYL_PRES_STAT,0,1594870401.0666912
CYL_PRES_STAT,0,1594870401.079052
CYL_PRES_STAT,0,1594870401.0961099
CYL_PRES_STAT,0,1594870401.107687
CYL_PRES_STAT,0,1594870401.1571908
CYL_PRES_STAT,0,1594870401.2101626
CYL_PRES_STAT,0,1594870401.28384
CYL_PRES_STAT,0,1594870401.304354
CYL_PRES_STAT,0,1594870401.3167028
CYL_PRES_STAT,0,1594870401.325151
CYL_PRES_STAT,0,1594870401.346119
CYL_PRES_STAT,0,1594870401.3865778
CYL_PRES_STAT,0,1594870401.398488
CYL_PRES_STAT,0,1594870401.439411
CYL_PRES_STAT,0,1594870401.448031
CYL_PRES_STAT,0,1594870401.5009382
CYL_PRES_STAT,0,1594870401.521462
CYL_PRES_STAT,0,1594870401.554085
CYL_PRES_STAT,0,1594870401.5746481
CYL_PRES_STAT,0,1594870401.595079
CYL_PRES_STAT,0,1594870401.648469
CYL_PRES_STAT,0,1594870401.656568
CYL_PRES_STAT,0,1594870401.677093
CYL_PRES_STAT,0,1594870401.7998471
CYL_PRES_STAT,0,1594870401.845047
CYL_PRES_STAT,0,1594870401.853118
CYL_PRES_STAT,0,1594870401.894119
CYL_PRES_STAT,0,1594870401.9025002
CYL_PRES_STAT,0,1594870401.926763
CYL_PRES_STAT,0,1594870401.9474206
CYL_PRES_STAT,0,1594870401.967791
CYL_PRES_STAT,0,1594870401.976347
CYL_PRES_STAT,0,1594870401.988301
CYL_PRES_STAT,0,1594870402.029244
CYL_PRES_STAT,0,1594870402.070208
CYL_PRES_STAT,0,1594870402.1522481
CYL_PRES_STAT,0,1594870402.172694
CYL_PRES_STAT,0,1594870402.1935868
CYL_PRES_STAT,0,1594870402.213982
CYL_PRES_STAT,0,1594870402.2258902
CYL_PRES_STAT,0,1594870402.2344162
CYL_PRES_STAT,0,1594870402.2753975
CYL_PRES_STAT,0,1594870402.29635
CYL_PRES_STAT,0,1594870402.4755962
CYL_PRES_STAT,0,1594870402.484103
CYL_PRES_STAT,0,1594870402.545563
CYL_PRES_STAT,0,1594870402.557646
CYL_PRES_STAT,0,1594870402.6155028
CYL_PRES_STAT,0,1594870402.680642
CYL_PRES_STAT,0,1594870402.7505472
CYL_PRES_STAT,0,1594870402.7951288
CYL_PRES_STAT,0,1594870402.803853
CYL_PRES_STAT,0,1594870402.815667
CYL_PRES_STAT,0,1594870402.8362274
CYL_PRES_STAT,0,1594870402.844526
CYL_PRES_STAT,0,1594870402.85655
CYL_PRES_STAT,0,1594870402.877059
CYL_PRES_STAT,0,1594870402.9180832
CYL_PRES_STAT,0,1594870402.938407
CYL_PRES_STAT,0,1594870402.946765
CYL_PRES_STAT,0,1594870402.999947
CYL_PRES_STAT,0,1594870403.0291991
CYL_PRES_STAT,0,1594870403.0531578
CYL_PRES_STAT,0,1594870403.0615392
CYL_PRES_STAT,0,1594870403.0824056
CYL_PRES_STAT,0,1594870403.106328
CYL_PRES_STAT,0,1594870403.123146
CYL_PRES_STAT,0,1594870403.1350288
CYL_PRES_STAT,0,1594870403.1437712
CYL_PRES_STAT,0,1594870403.1680908
CYL_PRES_STAT,0,1594870403.184733
CYL_PRES_STAT,0,1594870403.205424
CYL_PRES_STAT,0,1594870403.217047
CYL_PRES_STAT,0,1594870403.2465641
CYL_PRES_STAT,0,1594870403.372649
CYL_PRES_STAT,0,1594870403.381258
CYL_PRES_STAT,0,1594870403.39323
CYL_PRES_STAT,0,1594870403.422411
CYL_PRES_STAT,0,1594870403.4342806
CYL_PRES_STAT,0,1594870403.454602
CYL_PRES_STAT,0,1594870403.466774
CYL_PRES_STAT,0,1594870403.475426
CYL_PRES_STAT,0,1594870403.49641
CYL_PRES_STAT,0,1594870403.5041614
CYL_PRES_STAT,0,1594870403.6190786
CYL_PRES_STAT,0,1594870403.704343
CYL_PRES_STAT,0,1594870403.724834
CYL_PRES_STAT,0,1594870403.7454998
CYL_PRES_STAT,0,1594870403.76588
CYL_PRES_STAT,0,1594870403.786438
CYL_PRES_STAT,0,1594870403.806931
CYL_PRES_STAT,0,1594870403.847748
CYL_PRES_STAT,0,1594870403.856045
CYL_PRES_STAT,0,1594870403.970593
CYL_PRES_STAT,0,1594870403.995234
CYL_PRES_STAT,0,1594870403.99997
CYL_PRES_STAT,0,1594870404.011678
CYL_PRES_STAT,0,1594870404.023884
CYL_PRES_STAT,0,1594870404.073534
CYL_PRES_STAT,0,1594870404.097535
CYL_PRES_STAT,0,1594870404.11803
CYL_PRES_STAT,0,1594870404.134908
CYL_PRES_STAT,0,1594870404.155387
CYL_PRES_STAT,0,1594870404.1964116
CYL_PRES_STAT,0,1594870404.2493439
CYL_PRES_STAT,0,1594870404.322974
CYL_PRES_STAT,0,1594870404.343483
CYL_PRES_STAT,0,1594870404.363847
CYL_PRES_STAT,0,1594870404.376045
CYL_PRES_STAT,0,1594870404.384641
CYL_PRES_STAT,0,1594870404.404825
CYL_PRES_STAT,0,1594870404.458104
CYL_PRES_STAT,0,1594870404.519447
CYL_PRES_STAT,0,1594870404.610018
CYL_PRES_STAT,0,1594870404.621943
CYL_PRES_STAT,0,1594870404.6304789
CYL_PRES_STAT,0,1594870404.662838
CYL_PRES_STAT,0,1594870404.68341
CYL_PRES_STAT,0,1594870404.712704
CYL_PRES_STAT,0,1594870404.736659
CYL_PRES_STAT,0,1594870404.786313
CYL_PRES_STAT,0,1594870404.8799694
CYL_PRES_STAT,0,1594870404.962751
CYL_PRES_STAT,0,1594870404.982784
CYL_PRES_STAT,0,1594870405.006829
CYL_PRES_STAT,0,1594870405.0355358
CYL_PRES_STAT,0,1594870405.04443
CYL_PRES_STAT,0,1594870405.1092439
CYL_PRES_STAT,0,1594870405.1297226
CYL_PRES_STAT,0,1594870405.240454
CYL_PRES_STAT,0,1594870405.252634
CYL_PRES_STAT,0,1594870405.2731302
CYL_PRES_STAT,0,1594870405.2852428
CYL_PRES_STAT,0,1594870405.2936358
CYL_PRES_STAT,0,1594870405.314219
CYL_PRES_STAT,0,1594870405.355145
CYL_PRES_STAT,0,1594870405.3755012
CYL_PRES_STAT,0,1594870405.396218
CYL_PRES_STAT,0,1594870405.416476
CYL_PRES_STAT,0,1594870405.560284
CYL_PRES_STAT,0,1594870405.604835
CYL_PRES_STAT,0,1594870405.61317
CYL_PRES_STAT,0,1594870405.6253688
CYL_PRES_STAT,0,1594870405.727863
CYL_PRES_STAT,0,1594870405.768669
CYL_PRES_STAT,0,1594870405.7892132
CYL_PRES_STAT,0,1594870405.8303206
CYL_PRES_STAT,0,1594870405.8711636
CYL_PRES_STAT,0,1594870405.8923314
CYL_PRES_STAT,0,1594870405.9127512
CYL_PRES_STAT,0,1594870405.9329472
CYL_PRES_STAT,0,1594870405.953779
CYL_PRES_STAT,0,1594870405.9945982
CYL_PRES_STAT,0,1594870406.014624
CYL_PRES_STAT,0,1594870406.047274
CYL_PRES_STAT,0,1594870406.0559769
CYL_PRES_STAT,0,1594870406.088309
CYL_PRES_STAT,0,1594870406.108751
CYL_PRES_STAT,0,1594870406.1911118
CYL_PRES_STAT,0,1594870406.202962
CYL_PRES_STAT,0,1594870406.223397
CYL_PRES_STAT,0,1594870406.243876
CYL_PRES_STAT,0,1594870406.276555
CYL_PRES_STAT,0,1594870406.284819
CYL_PRES_STAT,0,1594870406.305678
CYL_PRES_STAT,0,1594870406.3261726
CYL_PRES_STAT,0,1594870406.3670466
CYL_PRES_STAT,0,1594870406.510449
CYL_PRES_STAT,0,1594870406.52241
CYL_PRES_STAT,0,1594870406.534869
CYL_PRES_STAT,0,1594870406.54279
CYL_PRES_STAT,0,1594870406.575596
CYL_PRES_STAT,0,1594870406.596048
CYL_PRES_STAT,0,1594870406.604352
CYL_PRES_STAT,0,1594870406.63721
CYL_PRES_STAT,0,1594870406.678057
CYL_PRES_STAT,0,1594870406.780462
CYL_PRES_STAT,0,1594870406.7890038
CYL_PRES_STAT,0,1594870406.821921
CYL_PRES_STAT,0,1594870406.8422852
CYL_PRES_STAT,0,1594870406.85412
CYL_PRES_STAT,0,1594870406.903698
CYL_PRES_STAT,0,1594870406.924323
CYL_PRES_STAT,0,1594870406.936098
CYL_PRES_STAT,0,1594870406.948373
CYL_PRES_STAT,0,1594870406.968684
CYL_PRES_STAT,0,1594870407.100074
CYL_PRES_STAT,0,1594870407.141384
CYL_PRES_STAT,0,1594870407.153095
CYL_PRES_STAT,0,1594870407.214609
CYL_PRES_STAT,0,1594870407.267794
CYL_PRES_STAT,0,1594870407.284907
CYL_PRES_STAT,0,1594870407.2965472
CYL_PRES_STAT,0,1594870407.305186
CYL_PRES_STAT,0,1594870407.3171024
CYL_PRES_STAT,0,1594870407.460877
CYL_PRES_STAT,0,1594870407.493067
CYL_PRES_STAT,0,1594870407.525717
CYL_PRES_STAT,0,1594870407.546338
CYL_PRES_STAT,0,1594870407.5667892
CYL_PRES_STAT,0,1594870407.5871289
CYL_PRES_STAT,0,1594870407.5961118
CYL_PRES_STAT,0,1594870407.6078038
CYL_PRES_STAT,0,1594870407.648779
CYL_PRES_STAT,0,1594870407.7924461
CYL_PRES_STAT,0,1594870407.8130732
CYL_PRES_STAT,0,1594870407.837041
CYL_PRES_STAT,0,1594870407.8461492
CYL_PRES_STAT,0,1594870407.8541062
CYL_PRES_STAT,0,1594870407.874475
CYL_PRES_STAT,0,1594870407.919059
CYL_PRES_STAT,0,1594870407.935856
CYL_PRES_STAT,0,1594870407.95656
CYL_PRES_STAT,0,1594870407.976813
CYL_PRES_STAT,0,1594870407.988677
CYL_PRES_STAT,0,1594870408.041882
CYL_PRES_STAT,0,1594870408.095176
CYL_PRES_STAT,0,1594870408.103953
CYL_PRES_STAT,0,1594870408.123961
CYL_PRES_STAT,0,1594870408.16481
CYL_PRES_STAT,0,1594870408.177057
CYL_PRES_STAT,0,1594870408.185323
CYL_PRES_STAT,0,1594870408.20583
CYL_PRES_STAT,0,1594870408.22667
CYL_PRES_STAT,0,1594870408.279403
CYL_PRES_STAT,0,1594870408.3904672
CYL_PRES_STAT,0,1594870408.42287
CYL_PRES_STAT,0,1594870408.4350169
CYL_PRES_STAT,0,1594870408.4555461
CYL_PRES_STAT,0,1594870408.4761279
CYL_PRES_STAT,0,1594870408.496596
CYL_PRES_STAT,0,1594870408.558034
CYL_PRES_STAT,0,1594870408.578484
CYL_PRES_STAT,0,1594870408.660464
CYL_PRES_STAT,0,1594870408.672526
CYL_PRES_STAT,0,1594870408.722234
CYL_PRES_STAT,0,1594870408.742595
CYL_PRES_STAT,0,1594870408.7545948
CYL_PRES_STAT,0,1594870408.76311
CYL_PRES_STAT,0,1594870408.8078198
CYL_PRES_STAT,0,1594870408.8246431
CYL_PRES_STAT,0,1594870408.836591
CYL_PRES_STAT,0,1594870408.856991
CYL_PRES_STAT,0,1594870408.8655932
CYL_PRES_STAT,0,1594870408.889644
CYL_PRES_STAT,0,1594870408.979881
CYL_PRES_STAT,0,1594870409.0126028
CYL_PRES_STAT,0,1594870409.0741508
CYL_PRES_STAT,0,1594870409.086442
CYL_PRES_STAT,0,1594870409.094869
CYL_PRES_STAT,0,1594870409.115514
CYL_PRES_STAT,0,1594870409.135906
CYL_PRES_STAT,0,1594870409.1562526
CYL_PRES_STAT,0,1594870409.19697
CYL_PRES_STAT,0,1594870409.225895
CYL_PRES_STAT,0,1594870409.3322446
CYL_PRES_STAT,0,1594870409.34435
CYL_PRES_STAT,0,1594870409.385526
CYL_PRES_STAT,0,1594870409.405758
CYL_PRES_STAT,0,1594870409.6520119
CYL_PRES_STAT,0,1594870409.663945
CYL_PRES_STAT,0,1594870409.7135
CYL_PRES_STAT,0,1594870409.7340539
CYL_PRES_STAT,0,1594870409.745897
CYL_PRES_STAT,0,1594870409.778605
CYL_PRES_STAT,0,1594870409.81573
CYL_PRES_STAT,0,1594870409.848227
CYL_PRES_STAT,0,1594870409.856726
CYL_PRES_STAT,0,1594870409.921862
CYL_PRES_STAT,0,1594870409.9714448
CYL_PRES_STAT,0,1594870409.983394
CYL_PRES_STAT,0,1594870409.992121
CYL_PRES_STAT,0,1594870410.003794
CYL_PRES_STAT,0,1594870410.024402
CYL_PRES_STAT,0,1594870410.045449
CYL_PRES_STAT,0,1594870410.0860226
CYL_PRES_STAT,0,1594870410.200555
CYL_PRES_STAT,0,1594870410.2741508
CYL_PRES_STAT,0,1594870410.2824461
CYL_PRES_STAT,0,1594870410.2909222
CYL_PRES_STAT,0,1594870410.311383
CYL_PRES_STAT,0,1594870410.37644
CYL_PRES_STAT,0,1594870410.397266
CYL_PRES_STAT,0,1594870410.405731
CYL_PRES_STAT,0,1594870410.4174762
CYL_PRES_STAT,0,1594870410.4670331
CYL_PRES_STAT,0,1594870410.4877038
CYL_PRES_STAT,0,1594870410.5730882
CYL_PRES_STAT,0,1594870410.581418
CYL_PRES_STAT,0,1594870410.601849
CYL_PRES_STAT,0,1594870410.622941
CYL_PRES_STAT,0,1594870410.642984
CYL_PRES_STAT,0,1594870410.667435
CYL_PRES_STAT,0,1594870410.687798
CYL_PRES_STAT,0,1594870410.696121
CYL_PRES_STAT,0,1594870410.892519
CYL_PRES_STAT,0,1594870410.913219
CYL_PRES_STAT,0,1594870410.9338071
CYL_PRES_STAT,0,1594870410.953982
CYL_PRES_STAT,0,1594870410.986795
CYL_PRES_STAT,0,1594870410.995106
CYL_PRES_STAT,0,1594870411.015439
CYL_PRES_STAT,0,1594870411.0359788
CYL_PRES_STAT,0,1594870411.05641
CYL_PRES_STAT,0,1594870411.068557
CYL_PRES_STAT,0,1594870411.2038321
CYL_PRES_STAT,0,1594870411.220692
CYL_PRES_STAT,0,1594870411.2449381
CYL_PRES_STAT,0,1594870411.2654376
CYL_PRES_STAT,0,1594870411.285839
CYL_PRES_STAT,0,1594870411.293996
CYL_PRES_STAT,0,1594870411.306157
CYL_PRES_STAT,0,1594870411.3148632
CYL_PRES_STAT,0,1594870411.3267672
CYL_PRES_STAT,0,1594870411.3676622
CYL_PRES_STAT,0,1594870411.408583
CYL_PRES_STAT,0,1594870411.416915
CYL_PRES_STAT,0,1594870411.4700742
CYL_PRES_STAT,0,1594870411.499149
CYL_PRES_STAT,0,1594870411.5110831
CYL_PRES_STAT,0,1594870411.535569
CYL_PRES_STAT,0,1594870411.543701
CYL_PRES_STAT,0,1594870411.55206
CYL_PRES_STAT,0,1594870411.564518
CYL_PRES_STAT,0,1594870411.5730536
CYL_PRES_STAT,0,1594870411.6378882
CYL_PRES_STAT,0,1594870411.6461818
CYL_PRES_STAT,0,1594870411.654915
CYL_PRES_STAT,0,1594870411.789699
CYL_PRES_STAT,0,1594870411.822365
CYL_PRES_STAT,0,1594870411.884078
CYL_PRES_STAT,0,1594870411.896091
CYL_PRES_STAT,0,1594870411.9046972
CYL_PRES_STAT,0,1594870411.925153
CYL_PRES_STAT,0,1594870411.933372
CYL_PRES_STAT,0,1594870411.9538882
CYL_PRES_STAT,0,1594870411.9656901
CYL_PRES_STAT,0,1594870411.998367
CYL_PRES_STAT,0,1594870412.018833
CYL_PRES_STAT,0,1594870412.027582
CYL_PRES_STAT,0,1594870412.1007948
CYL_PRES_STAT,0,1594870412.150356
CYL_PRES_STAT,0,1594870412.171226
CYL_PRES_STAT,0,1594870412.195166
CYL_PRES_STAT,0,1594870412.2157311
CYL_PRES_STAT,0,1594870412.235967
CYL_PRES_STAT,0,1594870412.256428
CYL_PRES_STAT,0,1594870412.305721
CYL_PRES_STAT,0,1594870412.3265214
CYL_PRES_STAT,0,1594870412.338356
CYL_PRES_STAT,0,1594870412.465412
CYL_PRES_STAT,0,1594870412.4741142
CYL_PRES_STAT,0,1594870412.4817524
CYL_PRES_STAT,0,1594870412.52311
CYL_PRES_STAT,0,1594870412.5436099
CYL_PRES_STAT,0,1594870412.5555048
CYL_PRES_STAT,0,1594870412.5677779
CYL_PRES_STAT,0,1594870412.588234
CYL_PRES_STAT,0,1594870412.6169338
CYL_PRES_STAT,0,1594870412.6256409
CYL_PRES_STAT,0,1594870412.698966
CYL_PRES_STAT,0,1594870412.7929668
CYL_PRES_STAT,0,1594870412.8053222
CYL_PRES_STAT,0,1594870412.813874
CYL_PRES_STAT,0,1594870412.8424928
CYL_PRES_STAT,0,1594870412.8544798
CYL_PRES_STAT,0,1594870412.8750238
CYL_PRES_STAT,0,1594870412.8871858
CYL_PRES_STAT,0,1594870412.916563
CYL_PRES_STAT,0,1594870412.9364278
CYL_PRES_STAT,0,1594870413.071588
CYL_PRES_STAT,0,1594870413.080268
CYL_PRES_STAT,0,1594870413.0921538
CYL_PRES_STAT,0,1594870413.1005912
CYL_PRES_STAT,0,1594870413.121566
CYL_PRES_STAT,0,1594870413.1658368
CYL_PRES_STAT,0,1594870413.186176
CYL_PRES_STAT,0,1594870413.20682
CYL_PRES_STAT,0,1594870413.2191038
CYL_PRES_STAT,0,1594870413.2357829
CYL_PRES_STAT,0,1594870413.247649
CYL_PRES_STAT,0,1594870413.268116
CYL_PRES_STAT,0,1594870413.432348
CYL_PRES_STAT,0,1594870413.4529462
CYL_PRES_STAT,0,1594870413.464821
CYL_PRES_STAT,0,1594870413.5467188
CYL_PRES_STAT,0,1594870413.55885
CYL_PRES_STAT,0,1594870413.57954
CYL_PRES_STAT,0,1594870413.669706
CYL_PRES_STAT,0,1594870413.681874
CYL_PRES_STAT,0,1594870413.714527
CYL_PRES_STAT,0,1594870413.723228
CYL_PRES_STAT,0,1594870413.743712
CYL_PRES_STAT,0,1594870413.752073
CYL_PRES_STAT,0,1594870413.7637398
CYL_PRES_STAT,0,1594870413.772558
CYL_PRES_STAT,0,1594870413.8047054
CYL_PRES_STAT,0,1594870413.825204
CYL_PRES_STAT,0,1594870413.849762
CYL_PRES_STAT,0,1594870413.8661716
CYL_PRES_STAT,0,1594870413.878356
CYL_PRES_STAT,0,1594870413.8870466
CYL_PRES_STAT,0,1594870413.8990688
CYL_PRES_STAT,0,1594870413.9074838
CYL_PRES_STAT,0,1594870414.0339391
CYL_PRES_STAT,0,1594870414.0712938
CYL_PRES_STAT,0,1594870414.124776
CYL_PRES_STAT,0,1594870414.156877
CYL_PRES_STAT,0,1594870414.2064419
CYL_PRES_STAT,0,1594870414.2183292
CYL_PRES_STAT,0,1594870414.226562
CYL_PRES_STAT,0,1594870414.2800882
CYL_PRES_STAT,0,1594870414.33303
CYL_PRES_STAT,0,1594870414.341281
CYL_PRES_STAT,0,1594870414.3623528
CYL_PRES_STAT,0,1594870414.374026
CYL_PRES_STAT,0,1594870414.3827631
CYL_PRES_STAT,0,1594870414.403193
CYL_PRES_STAT,0,1594870414.414958
CYL_PRES_STAT,0,1594870414.4477339
CYL_PRES_STAT,0,1594870414.4560509
CYL_PRES_STAT,0,1594870414.468261
CYL_PRES_STAT,0,1594870414.488624
CYL_PRES_STAT,0,1594870414.525903
CYL_PRES_STAT,0,1594870414.6320212
CYL_PRES_STAT,0,1594870414.652621
CYL_PRES_STAT,0,1594870414.7058072
CYL_PRES_STAT,0,1594870414.714092
CYL_PRES_STAT,0,1594870414.734828
CYL_PRES_STAT,0,1594870414.7554429
CYL_PRES_STAT,0,1594870414.7753901
CYL_PRES_STAT,0,1594870414.795989
CYL_PRES_STAT,0,1594870414.890035
CYL_PRES_STAT,0,1594870414.9845262
CYL_PRES_STAT,0,1594870415.004682
CYL_PRES_STAT,0,1594870415.025203
CYL_PRES_STAT,0,1594870415.0339382
CYL_PRES_STAT,0,1594870415.045737
CYL_PRES_STAT,0,1594870415.086772
CYL_PRES_STAT,0,1594870415.1072376
CYL_PRES_STAT,0,1594870415.115809
CYL_PRES_STAT,0,1594870415.1276062
CYL_PRES_STAT,0,1594870415.136102
CYL_PRES_STAT,0,1594870415.1481678
CYL_PRES_STAT,0,1594870415.312741
CYL_PRES_STAT,0,1594870415.356958
CYL_PRES_STAT,0,1594870415.37386
CYL_PRES_STAT,0,1594870415.397984
CYL_PRES_STAT,0,1594870415.418581
CYL_PRES_STAT,0,1594870415.602889
CYL_PRES_STAT,0,1594870415.615075
CYL_PRES_STAT,0,1594870415.623696
CYL_PRES_STAT,0,1594870415.643628
CYL_PRES_STAT,0,1594870415.652213
CYL_PRES_STAT,0,1594870415.664269
CYL_PRES_STAT,0,1594870415.684832
CYL_PRES_STAT,0,1594870415.697081
CYL_PRES_STAT,0,1594870415.72596
CYL_PRES_STAT,0,1594870415.746799
CYL_PRES_STAT,0,1594870415.766815
CYL_PRES_STAT,0,1594870415.7789464
CYL_PRES_STAT,0,1594870415.799325
CYL_PRES_STAT,0,1594870415.91398
CYL_PRES_STAT,0,1594870415.934422
CYL_PRES_STAT,0,1594870415.942683
CYL_PRES_STAT,0,1594870415.954925
CYL_PRES_STAT,0,1594870415.963341
CYL_PRES_STAT,0,1594870415.996057
CYL_PRES_STAT,0,1594870416.0164194
CYL_PRES_STAT,0,1594870416.024964
CYL_PRES_STAT,0,1594870416.036941
CYL_PRES_STAT,0,1594870416.07794
CYL_PRES_STAT,0,1594870416.1187332
CYL_PRES_STAT,0,1594870416.2212648
CYL_PRES_STAT,0,1594870416.25397
CYL_PRES_STAT,0,1594870416.262687
CYL_PRES_STAT,0,1594870416.274412
CYL_PRES_STAT,0,1594870416.282924
CYL_PRES_STAT,0,1594870416.303475
CYL_PRES_STAT,0,1594870416.324039
CYL_PRES_STAT,0,1594870416.3651671
CYL_PRES_STAT,0,1594870416.385561
CYL_PRES_STAT,0,1594870416.5535848
CYL_PRES_STAT,0,1594870416.573452
CYL_PRES_STAT,0,1594870416.6352391
CYL_PRES_STAT,0,1594870416.655689
CYL_PRES_STAT,0,1594870416.6762738
CYL_PRES_STAT,0,1594870416.708524
CYL_PRES_STAT,0,1594870416.7169511
CYL_PRES_STAT,0,1594870416.8110301
CYL_PRES_STAT,0,1594870416.840102
CYL_PRES_STAT,0,1594870416.884664
CYL_PRES_STAT,0,1594870416.9052072
CYL_PRES_STAT,0,1594870416.9257288
CYL_PRES_STAT,0,1594870416.93791
CYL_PRES_STAT,0,1594870416.9463491
CYL_PRES_STAT,0,1594870416.9544652
CYL_PRES_STAT,0,1594870416.966657
CYL_PRES_STAT,0,1594870416.987191
CYL_PRES_STAT,0,1594870417.0163279
CYL_PRES_STAT,0,1594870417.028065
CYL_PRES_STAT,0,1594870417.101716
CYL_PRES_STAT,0,1594870417.109996
CYL_PRES_STAT,0,1594870417.1391866
CYL_PRES_STAT,0,1594870417.171944
CYL_PRES_STAT,0,1594870417.183739
CYL_PRES_STAT,0,1594870417.212817
CYL_PRES_STAT,0,1594870417.233494
CYL_PRES_STAT,0,1594870417.265954
CYL_PRES_STAT,0,1594870417.274343
CYL_PRES_STAT,0,1594870417.2950444
CYL_PRES_STAT,0,1594870417.3188422
CYL_PRES_STAT,0,1594870417.35638
CYL_PRES_STAT,0,1594870417.4629948
CYL_PRES_STAT,0,1594870417.4828289
CYL_PRES_STAT,0,1594870417.52411
CYL_PRES_STAT,0,1594870417.544141
CYL_PRES_STAT,0,1594870417.5651588
CYL_PRES_STAT,0,1594870417.585158
CYL_PRES_STAT,0,1594870417.5973492
CYL_PRES_STAT,0,1594870417.6060886
CYL_PRES_STAT,0,1594870417.6587489
CYL_PRES_STAT,0,1594870417.667593
CYL_PRES_STAT,0,1594870417.6875448
CYL_PRES_STAT,0,1594870417.7085311
CYL_PRES_STAT,0,1594870417.7408252
CYL_PRES_STAT,0,1594870417.793966
CYL_PRES_STAT,0,1594870417.802098
CYL_PRES_STAT,0,1594870417.81461
CYL_PRES_STAT,0,1594870417.835108
CYL_PRES_STAT,0,1594870417.843659
CYL_PRES_STAT,0,1594870417.855423
CYL_PRES_STAT,0,1594870417.875813
CYL_PRES_STAT,0,1594870417.916885
CYL_PRES_STAT,0,1594870417.925504
CYL_PRES_STAT,0,1594870417.937358
CYL_PRES_STAT,0,1594870417.957866
CYL_PRES_STAT,0,1594870418.09294
CYL_PRES_STAT,0,1594870418.101484
CYL_PRES_STAT,0,1594870418.122145
CYL_PRES_STAT,0,1594870418.163287
CYL_PRES_STAT,0,1594870418.174878
CYL_PRES_STAT,0,1594870418.183615
CYL_PRES_STAT,0,1594870418.207733
CYL_PRES_STAT,0,1594870418.2282536
CYL_PRES_STAT,0,1594870418.2448962
CYL_PRES_STAT,0,1594870418.25685
CYL_PRES_STAT,0,1594870418.269027
CYL_PRES_STAT,0,1594870418.318526
CYL_PRES_STAT,0,1594870418.3593102
CYL_PRES_STAT,0,1594870418.3797572
CYL_PRES_STAT,0,1594870418.412536
CYL_PRES_STAT,0,1594870418.424709
CYL_PRES_STAT,0,1594870418.433727
CYL_PRES_STAT,0,1594870418.453501
CYL_PRES_STAT,0,1594870418.4739342
CYL_PRES_STAT,0,1594870418.494466
CYL_PRES_STAT,0,1594870418.503051
CYL_PRES_STAT,0,1594870418.5559838
CYL_PRES_STAT,0,1594870418.5763352
CYL_PRES_STAT,0,1594870418.6295788
CYL_PRES_STAT,0,1594870418.6704571
CYL_PRES_STAT,0,1594870418.7527092
CYL_PRES_STAT,0,1594870418.7852318
CYL_PRES_STAT,0,1594870418.83465
CYL_PRES_STAT,0,1594870418.8671172
CYL_PRES_STAT,0,1594870419.0226688
CYL_PRES_STAT,0,1594870419.0723839
CYL_PRES_STAT,0,1594870419.084226
CYL_PRES_STAT,0,1594870419.096583
CYL_PRES_STAT,0,1594870419.117059
CYL_PRES_STAT,0,1594870419.1250288
CYL_PRES_STAT,0,1594870419.1339679
CYL_PRES_STAT,0,1594870419.154331
CYL_PRES_STAT,0,1594870419.199027
CYL_PRES_STAT,0,1594870419.342155
CYL_PRES_STAT,0,1594870419.362698
CYL_PRES_STAT,0,1594870419.383153
CYL_PRES_STAT,0,1594870419.4037461
CYL_PRES_STAT,0,1594870419.4446461
CYL_PRES_STAT,0,1594870419.485576
CYL_PRES_STAT,0,1594870419.4978518
CYL_PRES_STAT,0,1594870419.559249
CYL_PRES_STAT,0,1594870419.567829
CYL_PRES_STAT,0,1594870419.649819
CYL_PRES_STAT,0,1594870419.6618679
CYL_PRES_STAT,0,1594870419.674037
CYL_PRES_STAT,0,1594870419.7027466
CYL_PRES_STAT,0,1594870419.714918
CYL_PRES_STAT,0,1594870419.7353551
CYL_PRES_STAT,0,1594870419.744122
CYL_PRES_STAT,0,1594870419.75597
CYL_PRES_STAT,0,1594870419.7763784
CYL_PRES_STAT,0,1594870419.796875
CYL_PRES_STAT,0,1594870419.846864
CYL_PRES_STAT,0,1594870419.858315
CYL_PRES_STAT,0,1594870419.8664901
CYL_PRES_STAT,0,1594870419.899431
CYL_PRES_STAT,0,1594870419.919922
CYL_PRES_STAT,0,1594870419.952393
CYL_PRES_STAT,0,1594870419.981536
CYL_PRES_STAT,0,1594870420.02619
CYL_PRES_STAT,0,1594870420.0344849
CYL_PRES_STAT,0,1594870420.043052
CYL_PRES_STAT,0,1594870420.0634072
CYL_PRES_STAT,0,1594870420.07535
CYL_PRES_STAT,0,1594870420.0841699
CYL_PRES_STAT,0,1594870420.124992
CYL_PRES_STAT,0,1594870420.146042
CYL_PRES_STAT,0,1594870420.157429
CYL_PRES_STAT,0,1594870420.2927098
CYL_PRES_STAT,0,1594870420.3012712
CYL_PRES_STAT,0,1594870420.3132026
CYL_PRES_STAT,0,1594870420.353951
CYL_PRES_STAT,0,1594870420.374677
CYL_PRES_STAT,0,1594870420.398956
CYL_PRES_STAT,0,1594870420.4157784
CYL_PRES_STAT,0,1594870420.4686248
CYL_PRES_STAT,0,1594870420.477352
CYL_PRES_STAT,0,1594870420.570962
CYL_PRES_STAT,0,1594870420.6204891
CYL_PRES_STAT,0,1594870420.6326098
CYL_PRES_STAT,0,1594870420.644593
CYL_PRES_STAT,0,1594870420.652839
CYL_PRES_STAT,0,1594870420.665042
CYL_PRES_STAT,0,1594870420.685641
CYL_PRES_STAT,0,1594870420.693853
CYL_PRES_STAT,0,1594870420.747041
CYL_PRES_STAT,0,1594870420.755328
CYL_PRES_STAT,0,1594870420.76761
CYL_PRES_STAT,0,1594870420.829013
CYL_PRES_STAT,0,1594870420.931816
CYL_PRES_STAT,0,1594870420.9522078
CYL_PRES_STAT,0,1594870420.9846232
CYL_PRES_STAT,0,1594870420.993276
CYL_PRES_STAT,0,1594870421.046052
CYL_PRES_STAT,0,1594870421.055114
CYL_PRES_STAT,0,1594870421.066559
CYL_PRES_STAT,0,1594870421.075001
CYL_PRES_STAT,0,1594870421.242709
CYL_PRES_STAT,0,1594870421.2631848
CYL_PRES_STAT,0,1594870421.31649
CYL_PRES_STAT,0,1594870421.324605
CYL_PRES_STAT,0,1594870421.3451982
CYL_PRES_STAT,0,1594870421.3659468
CYL_PRES_STAT,0,1594870421.3869078
CYL_PRES_STAT,0,1594870421.5538938
CYL_PRES_STAT,0,1594870421.5629382
CYL_PRES_STAT,0,1594870421.574411
CYL_PRES_STAT,0,1594870421.591327
CYL_PRES_STAT,0,1594870421.6358619
CYL_PRES_STAT,0,1594870421.6562939
CYL_PRES_STAT,0,1594870421.676821
CYL_PRES_STAT,0,1594870421.697345
CYL_PRES_STAT,0,1594870421.88202
CYL_PRES_STAT,0,1594870421.893898
CYL_PRES_STAT,0,1594870421.926595
CYL_PRES_STAT,0,1594870421.9678466
CYL_PRES_STAT,0,1594870422.008487
CYL_PRES_STAT,0,1594870422.172408
CYL_PRES_STAT,0,1594870422.192899
CYL_PRES_STAT,0,1594870422.213376
CYL_PRES_STAT,0,1594870422.2338278
CYL_PRES_STAT,0,1594870422.2542982
CYL_PRES_STAT,0,1594870422.275135
CYL_PRES_STAT,0,1594870422.2953534
CYL_PRES_STAT,0,1594870422.3075821
CYL_PRES_STAT,0,1594870422.316381
CYL_PRES_STAT,0,1594870422.3369179
CYL_PRES_STAT,0,1594870422.41818
CYL_PRES_STAT,0,1594870422.471924
CYL_PRES_STAT,0,1594870422.480085
CYL_PRES_STAT,0,1594870422.5452962
CYL_PRES_STAT,0,1594870422.553917
CYL_PRES_STAT,0,1594870422.565682
CYL_PRES_STAT,0,1594870422.586496
CYL_PRES_STAT,0,1594870422.594347
CYL_PRES_STAT,0,1594870422.606654
CYL_PRES_STAT,0,1594870422.6563342
CYL_PRES_STAT,0,1594870422.66814
CYL_PRES_STAT,0,1594870422.7089534
CYL_PRES_STAT,0,1594870422.7174401
CYL_PRES_STAT,0,1594870422.79096
CYL_PRES_STAT,0,1594870422.803076
CYL_PRES_STAT,0,1594870422.811955
CYL_PRES_STAT,0,1594870422.8235874
CYL_PRES_STAT,0,1594870422.832489
CYL_PRES_STAT,0,1594870422.852715
CYL_PRES_STAT,0,1594870422.9141982
CYL_PRES_STAT,0,1594870422.9345732
CYL_PRES_STAT,0,1594870422.946549
CYL_PRES_STAT,0,1594870422.955126
CYL_PRES_STAT,0,1594870422.975508
CYL_PRES_STAT,0,1594870422.9962206
CYL_PRES_STAT,0,1594870423.069429
CYL_PRES_STAT,0,1594870423.102099
CYL_PRES_STAT,0,1594870423.1639311
CYL_PRES_STAT,0,1594870423.184673
CYL_PRES_STAT,0,1594870423.2051706
CYL_PRES_STAT,0,1594870423.225109
CYL_PRES_STAT,0,1594870423.246155
CYL_PRES_STAT,0,1594870423.3154402
CYL_PRES_STAT,0,1594870423.3893726
CYL_PRES_STAT,0,1594870423.4631932
CYL_PRES_STAT,0,1594870423.515837
CYL_PRES_STAT,0,1594870423.5487778
CYL_PRES_STAT,0,1594870423.557107
CYL_PRES_STAT,0,1594870423.5855026
CYL_PRES_STAT,0,1594870423.618474
CYL_PRES_STAT,0,1594870423.712437
CYL_PRES_STAT,0,1594870423.7625852
CYL_PRES_STAT,0,1594870423.803096
CYL_PRES_STAT,0,1594870423.8272178
CYL_PRES_STAT,0,1594870423.847575
CYL_PRES_STAT,0,1594870423.8558052
CYL_PRES_STAT,0,1594870423.8680232
CYL_PRES_STAT,0,1594870423.8848538
CYL_PRES_STAT,0,1594870423.937752
CYL_PRES_STAT,0,1594870423.946523
CYL_PRES_STAT,0,1594870423.999168
CYL_PRES_STAT,0,1594870424.0320652
CYL_PRES_STAT,0,1594870424.073163
CYL_PRES_STAT,0,1594870424.093599
CYL_PRES_STAT,0,1594870424.11426
CYL_PRES_STAT,0,1594870424.12613
CYL_PRES_STAT,0,1594870424.1343699
CYL_PRES_STAT,0,1594870424.154822
CYL_PRES_STAT,0,1594870424.1960812
CYL_PRES_STAT,0,1594870424.208024
CYL_PRES_STAT,0,1594870424.216346
CYL_PRES_STAT,0,1594870424.2248168
CYL_PRES_STAT,0,1594870424.2898922
CYL_PRES_STAT,0,1594870424.3637106
CYL_PRES_STAT,0,1594870424.3840818
CYL_PRES_STAT,0,1594870424.4045749
CYL_PRES_STAT,0,1594870424.4456651
CYL_PRES_STAT,0,1594870424.454196
CYL_PRES_STAT,0,1594870424.4660218
CYL_PRES_STAT,0,1594870424.4865742
CYL_PRES_STAT,0,1594870424.5070322
CYL_PRES_STAT,0,1594870424.67125
CYL_PRES_STAT,0,1594870424.683043
CYL_PRES_STAT,0,1594870424.712214
CYL_PRES_STAT,0,1594870424.732872
CYL_PRES_STAT,0,1594870424.7567518
CYL_PRES_STAT,0,1594870424.777308
CYL_PRES_STAT,0,1594870424.785931
CYL_PRES_STAT,0,1594870424.8265018
CYL_PRES_STAT,0,1594870424.8350868
CYL_PRES_STAT,0,1594870424.85555
CYL_PRES_STAT,0,1594870424.867432
CYL_PRES_STAT,0,1594870425.002491
CYL_PRES_STAT,0,1594870425.023568
CYL_PRES_STAT,0,1594870425.0353742
CYL_PRES_STAT,0,1594870425.0436502
CYL_PRES_STAT,0,1594870425.064047
CYL_PRES_STAT,0,1594870425.084833
CYL_PRES_STAT,0,1594870425.105001
CYL_PRES_STAT,0,1594870425.117245
CYL_PRES_STAT,0,1594870425.1254802
CYL_PRES_STAT,0,1594870425.146328
CYL_PRES_STAT,0,1594870425.2934349
CYL_PRES_STAT,0,1594870425.3547962
CYL_PRES_STAT,0,1594870425.363379
CYL_PRES_STAT,0,1594870425.375293
CYL_PRES_STAT,0,1594870425.3959038
CYL_PRES_STAT,0,1594870425.4168038
CYL_PRES_STAT,0,1594870425.436748
CYL_PRES_STAT,0,1594870425.445472
CYL_PRES_STAT,0,1594870425.477715
CYL_PRES_STAT,0,1594870425.506469
CYL_PRES_STAT,0,1594870425.6129699
CYL_PRES_STAT,0,1594870425.674264
CYL_PRES_STAT,0,1594870425.683033
CYL_PRES_STAT,0,1594870425.764668
CYL_PRES_STAT,0,1594870425.777344
CYL_PRES_STAT,0,1594870425.8177204
CYL_PRES_STAT,0,1594870425.932676
CYL_PRES_STAT,0,1594870425.952847
CYL_PRES_STAT,0,1594870425.9938571
CYL_PRES_STAT,0,1594870426.014358
CYL_PRES_STAT,0,1594870426.0264301
CYL_PRES_STAT,0,1594870426.0387778
CYL_PRES_STAT,0,1594870426.055325
CYL_PRES_STAT,0,1594870426.075784
CYL_PRES_STAT,0,1594870426.096448
CYL_PRES_STAT,0,1594870426.108427
CYL_PRES_STAT,0,1594870426.2641866
CYL_PRES_STAT,0,1594870426.272686
CYL_PRES_STAT,0,1594870426.2844481
CYL_PRES_STAT,0,1594870426.30512
CYL_PRES_STAT,0,1594870426.313256
CYL_PRES_STAT,0,1594870426.325454
CYL_PRES_STAT,0,1594870426.346157
CYL_PRES_STAT,0,1594870426.366741
CYL_PRES_STAT,0,1594870426.38694
CYL_PRES_STAT,0,1594870426.4569669
CYL_PRES_STAT,0,1594870426.5508811
CYL_PRES_STAT,0,1594870426.5717552
CYL_PRES_STAT,0,1594870426.633485
CYL_PRES_STAT,0,1594870426.6537118
CYL_PRES_STAT,0,1594870426.665478
CYL_PRES_STAT,0,1594870426.674263
CYL_PRES_STAT,0,1594870426.694525
CYL_PRES_STAT,0,1594870426.715052
CYL_PRES_STAT,0,1594870426.788359
CYL_PRES_STAT,0,1594870426.8088849
CYL_PRES_STAT,0,1594870426.821128
CYL_PRES_STAT,0,1594870426.8501716
CYL_PRES_STAT,0,1594870426.882879
CYL_PRES_STAT,0,1594870426.9036279
CYL_PRES_STAT,0,1594870426.911387
CYL_PRES_STAT,0,1594870426.923976
CYL_PRES_STAT,0,1594870426.9441128
CYL_PRES_STAT,0,1594870426.964549
CYL_PRES_STAT,0,1594870426.985222
CYL_PRES_STAT,0,1594870427.005868
CYL_PRES_STAT,0,1594870427.026193
CYL_PRES_STAT,0,1594870427.079055
CYL_PRES_STAT,0,1594870427.169577
CYL_PRES_STAT,0,1594870427.1815848
CYL_PRES_STAT,0,1594870427.193797
CYL_PRES_STAT,0,1594870427.214259
CYL_PRES_STAT,0,1594870427.234658
CYL_PRES_STAT,0,1594870427.263975
CYL_PRES_STAT,0,1594870427.275795
CYL_PRES_STAT,0,1594870427.296224
CYL_PRES_STAT,0,1594870427.346247
CYL_PRES_STAT,0,1594870427.3578131
CYL_PRES_STAT,0,1594870427.522143
CYL_PRES_STAT,0,1594870427.546008
CYL_PRES_STAT,0,1594870427.550982
CYL_PRES_STAT,0,1594870427.566507
CYL_PRES_STAT,0,1594870427.586968
CYL_PRES_STAT,0,1594870427.607595
CYL_PRES_STAT,0,1594870427.615788
CYL_PRES_STAT,0,1594870427.665477
CYL_PRES_STAT,0,1594870427.6773071
CYL_PRES_STAT,0,1594870427.7182071
CYL_PRES_STAT,0,1594870427.750922
CYL_PRES_STAT,0,1594870427.8124151
CYL_PRES_STAT,0,1594870427.845199
CYL_PRES_STAT,0,1594870427.8532524
CYL_PRES_STAT,0,1594870427.873844
CYL_PRES_STAT,0,1594870427.906424
CYL_PRES_STAT,0,1594870427.926993
CYL_PRES_STAT,0,1594870427.956089
CYL_PRES_STAT,0,1594870428.029412
CYL_PRES_STAT,0,1594870428.0909462
CYL_PRES_STAT,0,1594870428.123678
CYL_PRES_STAT,0,1594870428.164619
CYL_PRES_STAT,0,1594870428.185622
CYL_PRES_STAT,0,1594870428.2054558
CYL_PRES_STAT,0,1594870428.2141528
CYL_PRES_STAT,0,1594870428.225965
CYL_PRES_STAT,0,1594870428.4021811
CYL_PRES_STAT,0,1594870428.410659
CYL_PRES_STAT,0,1594870428.422591
CYL_PRES_STAT,0,1594870428.4348018
CYL_PRES_STAT,0,1594870428.455353
CYL_PRES_STAT,0,1594870428.5578198
CYL_PRES_STAT,0,1594870428.7221062
CYL_PRES_STAT,0,1594870428.742551
CYL_PRES_STAT,0,1594870428.7544134
CYL_PRES_STAT,0,1594870428.783295
CYL_PRES_STAT,0,1594870428.803743
CYL_PRES_STAT,0,1594870428.816
CYL_PRES_STAT,0,1594870428.8244312
CYL_PRES_STAT,0,1594870428.8567328
CYL_PRES_STAT,0,1594870428.8653462
CYL_PRES_STAT,0,1594870428.897731
CYL_PRES_STAT,0,1594870428.9099488
CYL_PRES_STAT,0,1594870428.9802294
CYL_PRES_STAT,0,1594870429.012486
CYL_PRES_STAT,0,1594870429.0534198
CYL_PRES_STAT,0,1594870429.0948858
CYL_PRES_STAT,0,1594870429.118874
CYL_PRES_STAT,0,1594870429.1270988
CYL_PRES_STAT,0,1594870429.1354132
CYL_PRES_STAT,0,1594870429.168174
CYL_PRES_STAT,0,1594870429.2089546
CYL_PRES_STAT,0,1594870429.2909682
CYL_PRES_STAT,0,1594870429.3237019
CYL_PRES_STAT,0,1594870429.3321881
CYL_PRES_STAT,0,1594870429.344228
CYL_PRES_STAT,0,1594870429.3646538
CYL_PRES_STAT,0,1594870429.3851788
CYL_PRES_STAT,0,1594870429.417984
CYL_PRES_STAT,0,1594870429.426086
CYL_PRES_STAT,0,1594870429.44656
CYL_PRES_STAT,0,1594870429.467196
CYL_PRES_STAT,0,1594870429.6517198
CYL_PRES_STAT,0,1594870429.6758242
CYL_PRES_STAT,0,1594870429.696478
CYL_PRES_STAT,0,1594870429.716918
CYL_PRES_STAT,0,1594870429.7373388
CYL_PRES_STAT,0,1594870429.7462668
CYL_PRES_STAT,0,1594870429.757844
CYL_PRES_STAT,0,1594870429.869108
CYL_PRES_STAT,0,1594870429.889418
CYL_PRES_STAT,0,1594870429.901353
CYL_PRES_STAT,0,1594870429.995873
CYL_PRES_STAT,0,1594870430.0040212
CYL_PRES_STAT,0,1594870430.0160198
CYL_PRES_STAT,0,1594870430.0977752
CYL_PRES_STAT,0,1594870430.106327
CYL_PRES_STAT,0,1594870430.1182752
CYL_PRES_STAT,0,1594870430.159585
CYL_PRES_STAT,0,1594870430.245269
CYL_PRES_STAT,0,1594870430.2535832
CYL_PRES_STAT,0,1594870430.295181
CYL_PRES_STAT,0,1594870430.314965
CYL_PRES_STAT,0,1594870430.327182
CYL_PRES_STAT,0,1594870430.3358722
CYL_PRES_STAT,0,1594870430.3562071
CYL_PRES_STAT,0,1594870430.417579
CYL_PRES_STAT,0,1594870430.449963
CYL_PRES_STAT,0,1594870430.523766
CYL_PRES_STAT,0,1594870430.53203
CYL_PRES_STAT,0,1594870430.5524428
CYL_PRES_STAT,0,1594870430.5646954
CYL_PRES_STAT,0,1594870430.5729198
CYL_PRES_STAT,0,1594870430.585842
CYL_PRES_STAT,0,1594870430.5936582
CYL_PRES_STAT,0,1594870430.6055956
CYL_PRES_STAT,0,1594870430.6261392
CYL_PRES_STAT,0,1594870430.6465812
CYL_PRES_STAT,0,1594870430.6552598
CYL_PRES_STAT,0,1594870430.687594
CYL_PRES_STAT,0,1594870430.708086
CYL_PRES_STAT,0,1594870430.769626
CYL_PRES_STAT,0,1594870430.822708
CYL_PRES_STAT,0,1594870430.831291
CYL_PRES_STAT,0,1594870430.8517098
CYL_PRES_STAT,0,1594870430.872646
CYL_PRES_STAT,0,1594870430.892838
CYL_PRES_STAT,0,1594870430.957852
CYL_PRES_STAT,0,1594870431.122355
CYL_PRES_STAT,0,1594870431.142567
CYL_PRES_STAT,0,1594870431.154531
CYL_PRES_STAT,0,1594870431.1835444
CYL_PRES_STAT,0,1594870431.207672
CYL_PRES_STAT,0,1594870431.22813
CYL_PRES_STAT,0,1594870431.31832
CYL_PRES_STAT,0,1594870431.3388524
CYL_PRES_STAT,0,1594870431.4006062
CYL_PRES_STAT,0,1594870431.453459
CYL_PRES_STAT,0,1594870431.474284
CYL_PRES_STAT,0,1594870431.486378
CYL_PRES_STAT,0,1594870431.4949682
CYL_PRES_STAT,0,1594870431.5236
CYL_PRES_STAT,0,1594870431.5354571
CYL_PRES_STAT,0,1594870431.6091032
CYL_PRES_STAT,0,1594870431.629768
CYL_PRES_STAT,0,1594870431.711713
CYL_PRES_STAT,0,1594870431.723763
CYL_PRES_STAT,0,1594870431.732125
CYL_PRES_STAT,0,1594870431.7443821
CYL_PRES_STAT,0,1594870431.765001
CYL_PRES_STAT,0,1594870431.785266
CYL_PRES_STAT,0,1594870431.8181078
CYL_PRES_STAT,0,1594870431.826205
CYL_PRES_STAT,0,1594870431.846771
CYL_PRES_STAT,0,1594870431.867486
CYL_PRES_STAT,0,1594870432.0315351
CYL_PRES_STAT,0,1594870432.06406
CYL_PRES_STAT,0,1594870432.096592
CYL_PRES_STAT,0,1594870432.1171188
CYL_PRES_STAT,0,1594870432.137425
CYL_PRES_STAT,0,1594870432.1458726
CYL_PRES_STAT,0,1594870432.1579974
CYL_PRES_STAT,0,1594870432.219452
CYL_PRES_STAT,0,1594870432.260374
CYL_PRES_STAT,0,1594870432.321742
CYL_PRES_STAT,0,1594870432.342622
CYL_PRES_STAT,0,1594870432.363265
CYL_PRES_STAT,0,1594870432.383842
CYL_PRES_STAT,0,1594870432.3955169
CYL_PRES_STAT,0,1594870432.40412
CYL_PRES_STAT,0,1594870432.415968
CYL_PRES_STAT,0,1594870432.465672
CYL_PRES_STAT,0,1594870432.477408
CYL_PRES_STAT,0,1594870432.497977
CYL_PRES_STAT,0,1594870432.633127
CYL_PRES_STAT,0,1594870432.6417382
CYL_PRES_STAT,0,1594870432.6535306
CYL_PRES_STAT,0,1594870432.6948571
CYL_PRES_STAT,0,1594870432.7150989
CYL_PRES_STAT,0,1594870432.7274039
CYL_PRES_STAT,0,1594870432.73549
CYL_PRES_STAT,0,1594870432.756007
CYL_PRES_STAT,0,1594870432.776908
CYL_PRES_STAT,0,1594870432.850123
CYL_PRES_STAT,0,1594870432.932106
CYL_PRES_STAT,0,1594870432.9407609
CYL_PRES_STAT,0,1594870432.952565
CYL_PRES_STAT,0,1594870432.964844
CYL_PRES_STAT,0,1594870432.973048
CYL_PRES_STAT,0,1594870432.9858131
CYL_PRES_STAT,0,1594870432.993535
CYL_PRES_STAT,0,1594870433.0057971
CYL_PRES_STAT,0,1594870433.026201
CYL_PRES_STAT,0,1594870433.149153
CYL_PRES_STAT,0,1594870433.2228944
CYL_PRES_STAT,0,1594870433.235035
CYL_PRES_STAT,0,1594870433.255593
CYL_PRES_STAT,0,1594870433.276055
CYL_PRES_STAT,0,1594870433.293117
CYL_PRES_STAT,0,1594870433.357991
CYL_PRES_STAT,0,1594870433.428395
CYL_PRES_STAT,0,1594870433.460448
CYL_PRES_STAT,0,1594870433.469491
CYL_PRES_STAT,0,1594870433.5222812
CYL_PRES_STAT,0,1594870433.542351
CYL_PRES_STAT,0,1594870433.583885
CYL_PRES_STAT,0,1594870433.6044412
CYL_PRES_STAT,0,1594870433.62832
CYL_PRES_STAT,0,1594870433.6533034
CYL_PRES_STAT,0,1594870433.697933
CYL_PRES_STAT,0,1594870433.706508
CYL_PRES_STAT,0,1594870433.718425
CYL_PRES_STAT,0,1594870433.727215
CYL_PRES_STAT,0,1594870433.747684
CYL_PRES_STAT,0,1594870433.779906
CYL_PRES_STAT,0,1594870433.8213232
CYL_PRES_STAT,0,1594870433.8332539
CYL_PRES_STAT,0,1594870433.853527
CYL_PRES_STAT,0,1594870433.874157
CYL_PRES_STAT,0,1594870433.8863418
CYL_PRES_STAT,0,1594870433.9764788
CYL_PRES_STAT,0,1594870434.1239731
CYL_PRES_STAT,0,1594870434.136157
CYL_PRES_STAT,0,1594870434.144372
CYL_PRES_STAT,0,1594870434.1650748
CYL_PRES_STAT,0,1594870434.205974
CYL_PRES_STAT,0,1594870434.2143981
CYL_PRES_STAT,0,1594870434.226325
CYL_PRES_STAT,0,1594870434.3082292
CYL_PRES_STAT,0,1594870434.3204901
CYL_PRES_STAT,0,1594870434.349335
CYL_PRES_STAT,0,1594870434.3698301
CYL_PRES_STAT,0,1594870434.411126
CYL_PRES_STAT,0,1594870434.422876
CYL_PRES_STAT,0,1594870434.455606
CYL_PRES_STAT,0,1594870434.463938
CYL_PRES_STAT,0,1594870434.4723806
CYL_PRES_STAT,0,1594870434.4843051
CYL_PRES_STAT,0,1594870434.4929864
CYL_PRES_STAT,0,1594870434.517279
CYL_PRES_STAT,0,1594870434.537629
CYL_PRES_STAT,0,1594870434.545944
CYL_PRES_STAT,0,1594870434.5580802
CYL_PRES_STAT,0,1594870434.6604748
CYL_PRES_STAT,0,1594870434.6690838
CYL_PRES_STAT,0,1594870434.721879
CYL_PRES_STAT,0,1594870434.7424538
CYL_PRES_STAT,0,1594870434.762893
CYL_PRES_STAT,0,1594870434.783679
CYL_PRES_STAT,0,1594870434.7956202
CYL_PRES_STAT,0,1594870434.804438
CYL_PRES_STAT,0,1594870434.836622
CYL_PRES_STAT,0,1594870434.865364
CYL_PRES_STAT,0,1594870435.0947812
CYL_PRES_STAT,0,1594870435.115272
CYL_PRES_STAT,0,1594870435.135673
CYL_PRES_STAT,0,1594870435.156418
CYL_PRES_STAT,0,1594870435.344478
CYL_PRES_STAT,0,1594870435.3650408
CYL_PRES_STAT,0,1594870435.373703
CYL_PRES_STAT,0,1594870435.414364
CYL_PRES_STAT,0,1594870435.4557078
CYL_PRES_STAT,0,1594870435.467631
CYL_PRES_STAT,0,1594870435.623035
CYL_PRES_STAT,0,1594870435.6434848
CYL_PRES_STAT,0,1594870435.652317
CYL_PRES_STAT,0,1594870435.6725712
CYL_PRES_STAT,0,1594870435.7172446
CYL_PRES_STAT,0,1594870435.737668
CYL_PRES_STAT,0,1594870435.778772
CYL_PRES_STAT,0,1594870435.828585
CYL_PRES_STAT,0,1594870435.869644
CYL_PRES_STAT,0,1594870435.922011
CYL_PRES_STAT,0,1594870435.9425569
CYL_PRES_STAT,0,1594870435.962982
CYL_PRES_STAT,0,1594870435.984149
CYL_PRES_STAT,0,1594870436.2333992
CYL_PRES_STAT,0,1594870436.253793
CYL_PRES_STAT,0,1594870436.274591
CYL_PRES_STAT,0,1594870436.295381
CYL_PRES_STAT,0,1594870436.303592
CYL_PRES_STAT,0,1594870436.336249
CYL_PRES_STAT,0,1594870436.3562582
CYL_PRES_STAT,0,1594870436.3686779
CYL_PRES_STAT,0,1594870436.4588091
CYL_PRES_STAT,0,1594870436.5241148
CYL_PRES_STAT,0,1594870436.593792
CYL_PRES_STAT,0,1594870436.6059258
CYL_PRES_STAT,0,1594870436.6143098
CYL_PRES_STAT,0,1594870436.626778
CYL_PRES_STAT,0,1594870436.646919
CYL_PRES_STAT,0,1594870436.667541
CYL_PRES_STAT,0,1594870436.811616
CYL_PRES_STAT,0,1594870436.8520372
CYL_PRES_STAT,0,1594870436.872701
CYL_PRES_STAT,0,1594870436.8967412
CYL_PRES_STAT,0,1594870436.917376
CYL_PRES_STAT,0,1594870436.978828
CYL_PRES_STAT,0,1594870437.1221359
CYL_PRES_STAT,0,1594870437.1672962
CYL_PRES_STAT,0,1594870437.2248454
CYL_PRES_STAT,0,1594870437.245357
CYL_PRES_STAT,0,1594870437.351528
CYL_PRES_STAT,0,1594870437.412888
CYL_PRES_STAT,0,1594870437.442026
CYL_PRES_STAT,0,1594870437.474776
CYL_PRES_STAT,0,1594870437.4956279
CYL_PRES_STAT,0,1594870437.515861
CYL_PRES_STAT,0,1594870437.5565188
CYL_PRES_STAT,0,1594870437.6298418
CYL_PRES_STAT,0,1594870437.6504726
CYL_PRES_STAT,0,1594870437.670945
CYL_PRES_STAT,0,1594870437.744759
CYL_PRES_STAT,0,1594870437.765318
CYL_PRES_STAT,0,1594870437.7773938
CYL_PRES_STAT,0,1594870437.7856429
CYL_PRES_STAT,0,1594870437.8149061
CYL_PRES_STAT,0,1594870437.82653
CYL_PRES_STAT,0,1594870437.847039
CYL_PRES_STAT,0,1594870437.855829
CYL_PRES_STAT,0,1594870437.8676949
CYL_PRES_STAT,0,1594870437.8879738
CYL_PRES_STAT,0,1594870437.982275
CYL_PRES_STAT,0,1594870438.052491
CYL_PRES_STAT,0,1594870438.1051302
CYL_PRES_STAT,0,1594870438.113675
CYL_PRES_STAT,0,1594870438.134528
CYL_PRES_STAT,0,1594870438.1667366
CYL_PRES_STAT,0,1594870438.178731
CYL_PRES_STAT,0,1594870438.228439
CYL_PRES_STAT,0,1594870438.2608056
CYL_PRES_STAT,0,1594870438.289709
CYL_PRES_STAT,0,1594870438.3549
CYL_PRES_STAT,0,1594870438.3640034
CYL_PRES_STAT,0,1594870438.384078
CYL_PRES_STAT,0,1594870438.4045901
CYL_PRES_STAT,0,1594870438.4284966
CYL_PRES_STAT,0,1594870438.436754
CYL_PRES_STAT,0,1594870438.5309708
CYL_PRES_STAT,0,1594870438.551543
CYL_PRES_STAT,0,1594870438.613133
CYL_PRES_STAT,0,1594870438.6333551
CYL_PRES_STAT,0,1594870438.654041
CYL_PRES_STAT,0,1594870438.674367
CYL_PRES_STAT,0,1594870438.683273
CYL_PRES_STAT,0,1594870438.736306
CYL_PRES_STAT,0,1594870438.756313
CYL_PRES_STAT,0,1594870438.764844
CYL_PRES_STAT,0,1594870438.7891278
CYL_PRES_STAT,0,1594870438.809492
CYL_PRES_STAT,0,1594870438.859092
CYL_PRES_STAT,0,1594870438.9002151
CYL_PRES_STAT,0,1594870438.924192
CYL_PRES_STAT,0,1594870438.94475
CYL_PRES_STAT,0,1594870438.9855561
CYL_PRES_STAT,0,1594870439.006049
CYL_PRES_STAT,0,1594870439.0266368
CYL_PRES_STAT,0,1594870439.0472894
CYL_PRES_STAT,0,1594870439.0675051
CYL_PRES_STAT,0,1594870439.149909
CYL_PRES_STAT,0,1594870439.2115312
CYL_PRES_STAT,0,1594870439.235435
CYL_PRES_STAT,0,1594870439.2559931
CYL_PRES_STAT,0,1594870439.2645152
CYL_PRES_STAT,0,1594870439.2969458
CYL_PRES_STAT,0,1594870439.317328
CYL_PRES_STAT,0,1594870439.3788989
CYL_PRES_STAT,0,1594870439.4402866
CYL_PRES_STAT,0,1594870439.502395
CYL_PRES_STAT,0,1594870439.5140722
CYL_PRES_STAT,0,1594870439.522816
CYL_PRES_STAT,0,1594870439.546707
CYL_PRES_STAT,0,1594870439.5549152
CYL_PRES_STAT,0,1594870439.563283
CYL_PRES_STAT,0,1594870439.5840778
CYL_PRES_STAT,0,1594870439.5959294
CYL_PRES_STAT,0,1594870439.608088
CYL_PRES_STAT,0,1594870439.625092
CYL_PRES_STAT,0,1594870439.6458619
CYL_PRES_STAT,0,1594870439.6983788
CYL_PRES_STAT,0,1594870439.8132071
CYL_PRES_STAT,0,1594870439.833508
CYL_PRES_STAT,0,1594870439.854038
CYL_PRES_STAT,0,1594870439.8744829
CYL_PRES_STAT,0,1594870439.8829794
CYL_PRES_STAT,0,1594870439.894994
CYL_PRES_STAT,0,1594870439.915354
CYL_PRES_STAT,0,1594870439.927716
CYL_PRES_STAT,0,1594870439.948104
CYL_PRES_STAT,0,1594870439.956348
CYL_PRES_STAT,0,1594870440.038275
CYL_PRES_STAT,0,1594870440.0709991
CYL_PRES_STAT,0,1594870440.124209
CYL_PRES_STAT,0,1594870440.144924
CYL_PRES_STAT,0,1594870440.1652482
CYL_PRES_STAT,0,1594870440.177561
CYL_PRES_STAT,0,1594870440.186308
CYL_PRES_STAT,0,1594870440.194232
CYL_PRES_STAT,0,1594870440.247211
CYL_PRES_STAT,0,1594870440.4117222
CYL_PRES_STAT,0,1594870440.423337
CYL_PRES_STAT,0,1594870440.435425
CYL_PRES_STAT,0,1594870440.452592
CYL_PRES_STAT,0,1594870440.464252
CYL_PRES_STAT,0,1594870440.4970179
CYL_PRES_STAT,0,1594870440.50524
CYL_PRES_STAT,0,1594870440.513776
CYL_PRES_STAT,0,1594870440.525683
CYL_PRES_STAT,0,1594870440.537938
CYL_PRES_STAT,0,1594870440.558372
CYL_PRES_STAT,0,1594870440.6486974
CYL_PRES_STAT,0,1594870440.689993
CYL_PRES_STAT,0,1594870440.701803
CYL_PRES_STAT,0,1594870440.74317
CYL_PRES_STAT,0,1594870440.75504
CYL_PRES_STAT,0,1594870440.7636108
CYL_PRES_STAT,0,1594870440.78446
CYL_PRES_STAT,0,1594870440.8082
CYL_PRES_STAT,0,1594870440.866341
CYL_PRES_STAT,0,1594870440.972088
CYL_PRES_STAT,0,1594870441.013142
CYL_PRES_STAT,0,1594870441.0335512
CYL_PRES_STAT,0,1594870441.0540311
CYL_PRES_STAT,0,1594870441.0747762
CYL_PRES_STAT,0,1594870441.1158972
CYL_PRES_STAT,0,1594870441.303861
CYL_PRES_STAT,0,1594870441.324314
CYL_PRES_STAT,0,1594870441.333249
CYL_PRES_STAT,0,1594870441.3447714
CYL_PRES_STAT,0,1594870441.365351
CYL_PRES_STAT,0,1594870441.385854
CYL_PRES_STAT,0,1594870441.4062452
CYL_PRES_STAT,0,1594870441.414891
CYL_PRES_STAT,0,1594870441.426836
CYL_PRES_STAT,0,1594870441.4472508
CYL_PRES_STAT,0,1594870441.635634
CYL_PRES_STAT,0,1594870441.656107
CYL_PRES_STAT,0,1594870441.664708
CYL_PRES_STAT,0,1594870441.676615
CYL_PRES_STAT,0,1594870441.6971571
CYL_PRES_STAT,0,1594870441.75844
CYL_PRES_STAT,0,1594870441.8405519
CYL_PRES_STAT,0,1594870441.901815
CYL_PRES_STAT,0,1594870441.914103
CYL_PRES_STAT,0,1594870442.00826
CYL_PRES_STAT,0,1594870442.025204
CYL_PRES_STAT,0,1594870442.045826
CYL_PRES_STAT,0,1594870442.0574632
CYL_PRES_STAT,0,1594870442.131208
CYL_PRES_STAT,0,1594870442.192857
CYL_PRES_STAT,0,1594870442.254119
CYL_PRES_STAT,0,1594870442.2746394
CYL_PRES_STAT,0,1594870442.295594
CYL_PRES_STAT,0,1594870442.3279471
CYL_PRES_STAT,0,1594870442.503905
CYL_PRES_STAT,0,1594870442.5244231
CYL_PRES_STAT,0,1594870442.5451028
CYL_PRES_STAT,0,1594870442.5655699
CYL_PRES_STAT,0,1594870442.574215
CYL_PRES_STAT,0,1594870442.585842
CYL_PRES_STAT,0,1594870442.6269019
CYL_PRES_STAT,0,1594870442.6883042
CYL_PRES_STAT,0,1594870442.700429
CYL_PRES_STAT,0,1594870442.7209651
CYL_PRES_STAT,0,1594870442.7295704
CYL_PRES_STAT,0,1594870442.794859
CYL_PRES_STAT,0,1594870442.8153589
CYL_PRES_STAT,0,1594870442.832012
CYL_PRES_STAT,0,1594870442.9177222
CYL_PRES_STAT,0,1594870442.938134
CYL_PRES_STAT,0,1594870443.008148
CYL_PRES_STAT,0,1594870443.0900328
CYL_PRES_STAT,0,1594870443.143342
CYL_PRES_STAT,0,1594870443.155159
CYL_PRES_STAT,0,1594870443.163742
CYL_PRES_STAT,0,1594870443.1879182
CYL_PRES_STAT,0,1594870443.225125
CYL_PRES_STAT,0,1594870443.2370849
CYL_PRES_STAT,0,1594870443.286803
CYL_PRES_STAT,0,1594870443.3517492
CYL_PRES_STAT,0,1594870443.380981
CYL_PRES_STAT,0,1594870443.3926444
CYL_PRES_STAT,0,1594870443.401623
CYL_PRES_STAT,0,1594870443.4132302
CYL_PRES_STAT,0,1594870443.463001
CYL_PRES_STAT,0,1594870443.51564
CYL_PRES_STAT,0,1594870443.53614
CYL_PRES_STAT,0,1594870443.598002
CYL_PRES_STAT,0,1594870443.63025
CYL_PRES_STAT,0,1594870443.638818
CYL_PRES_STAT,0,1594870443.683558
CYL_PRES_STAT,0,1594870443.7040071
CYL_PRES_STAT,0,1594870443.724408
CYL_PRES_STAT,0,1594870443.7329311
CYL_PRES_STAT,0,1594870443.765528
CYL_PRES_STAT,0,1594870443.785931
CYL_PRES_STAT,0,1594870443.7947721
CYL_PRES_STAT,0,1594870443.806433
CYL_PRES_STAT,0,1594870443.8474462
CYL_PRES_STAT,0,1594870443.9087741
CYL_PRES_STAT,0,1594870443.982497
CYL_PRES_STAT,0,1594870443.99117
CYL_PRES_STAT,0,1594870444.011654
CYL_PRES_STAT,0,1594870444.032404
CYL_PRES_STAT,0,1594870444.064859
CYL_PRES_STAT,0,1594870444.07676
CYL_PRES_STAT,0,1594870444.105483
CYL_PRES_STAT,0,1594870444.1177542
CYL_PRES_STAT,0,1594870444.138126
CYL_PRES_STAT,0,1594870444.179088
CYL_PRES_STAT,0,1594870444.228815
CYL_PRES_STAT,0,1594870444.2819169
CYL_PRES_STAT,0,1594870444.3027148
CYL_PRES_STAT,0,1594870444.322933
CYL_PRES_STAT,0,1594870444.3435578
CYL_PRES_STAT,0,1594870444.38796
CYL_PRES_STAT,0,1594870444.396789
CYL_PRES_STAT,0,1594870444.4083786
CYL_PRES_STAT,0,1594870444.4371352
CYL_PRES_STAT,0,1594870444.445708
CYL_PRES_STAT,0,1594870444.539531
CYL_PRES_STAT,0,1594870444.646056
CYL_PRES_STAT,0,1594870444.65429
CYL_PRES_STAT,0,1594870444.678736
CYL_PRES_STAT,0,1594870444.683258
CYL_PRES_STAT,0,1594870444.6957812
CYL_PRES_STAT,0,1594870444.716298
CYL_PRES_STAT,0,1594870444.8304179
CYL_PRES_STAT,0,1594870444.8389602
CYL_PRES_STAT,0,1594870444.8712962
CYL_PRES_STAT,0,1594870444.9040186
CYL_PRES_STAT,0,1594870444.924448
CYL_PRES_STAT,0,1594870444.945745
CYL_PRES_STAT,0,1594870444.965994
CYL_PRES_STAT,0,1594870445.014949
CYL_PRES_STAT,0,1594870445.027019
CYL_PRES_STAT,0,1594870445.047442
CYL_PRES_STAT,0,1594870445.0884821
CYL_PRES_STAT,0,1594870445.0969422
CYL_PRES_STAT,0,1594870445.109164
CYL_PRES_STAT,0,1594870445.223674
CYL_PRES_STAT,0,1594870445.2358134
CYL_PRES_STAT,0,1594870445.252678
CYL_PRES_STAT,0,1594870445.27674
CYL_PRES_STAT,0,1594870445.2937
CYL_PRES_STAT,0,1594870445.317735
CYL_PRES_STAT,0,1594870445.338182
CYL_PRES_STAT,0,1594870445.4201071
CYL_PRES_STAT,0,1594870445.461132
CYL_PRES_STAT,0,1594870445.4815938
CYL_PRES_STAT,0,1594870445.5229769
CYL_PRES_STAT,0,1594870445.54713
CYL_PRES_STAT,0,1594870445.555394
CYL_PRES_STAT,0,1594870445.563995
CYL_PRES_STAT,0,1594870445.5880706
CYL_PRES_STAT,0,1594870445.625301
CYL_PRES_STAT,0,1594870445.637294
CYL_PRES_STAT,0,1594870445.739968
CYL_PRES_STAT,0,1594870445.760648
CYL_PRES_STAT,0,1594870445.792799
CYL_PRES_STAT,0,1594870445.805206
CYL_PRES_STAT,0,1594870445.813455
CYL_PRES_STAT,0,1594870445.862915
CYL_PRES_STAT,0,1594870445.936154
CYL_PRES_STAT,0,1594870446.083897
CYL_PRES_STAT,0,1594870446.091855
CYL_PRES_STAT,0,1594870446.1040561
CYL_PRES_STAT,0,1594870446.145269
CYL_PRES_STAT,0,1594870446.1656039
CYL_PRES_STAT,0,1594870446.18624
CYL_PRES_STAT,0,1594870446.2188349
CYL_PRES_STAT,0,1594870446.227158
CYL_PRES_STAT,0,1594870446.394904
CYL_PRES_STAT,0,1594870446.412179
CYL_PRES_STAT,0,1594870446.4359198
CYL_PRES_STAT,0,1594870446.4564
CYL_PRES_STAT,0,1594870446.465271
CYL_PRES_STAT,0,1594870446.476964
CYL_PRES_STAT,0,1594870446.4852018
CYL_PRES_STAT,0,1594870446.4973722
CYL_PRES_STAT,0,1594870446.5672722
CYL_PRES_STAT,0,1594870446.682315
CYL_PRES_STAT,0,1594870446.7029269
CYL_PRES_STAT,0,1594870446.734879
CYL_PRES_STAT,0,1594870446.788091
CYL_PRES_STAT,0,1594870446.8085039
CYL_PRES_STAT,0,1594870446.9110332
CYL_PRES_STAT,0,1594870446.972511
CYL_PRES_STAT,0,1594870446.992893
CYL_PRES_STAT,0,1594870447.033951
CYL_PRES_STAT,0,1594870447.042492
CYL_PRES_STAT,0,1594870447.05445
CYL_PRES_STAT,0,1594870447.075238
CYL_PRES_STAT,0,1594870447.09626
CYL_PRES_STAT,0,1594870447.2839098
CYL_PRES_STAT,0,1594870447.292312
CYL_PRES_STAT,0,1594870447.3042312
CYL_PRES_STAT,0,1594870447.3453069
CYL_PRES_STAT,0,1594870447.4066632
CYL_PRES_STAT,0,1594870447.459815
CYL_PRES_STAT,0,1594870447.562185
CYL_PRES_STAT,0,1594870447.57445
CYL_PRES_STAT,0,1594870447.5950391
CYL_PRES_STAT,0,1594870447.615692
CYL_PRES_STAT,0,1594870447.6564062
CYL_PRES_STAT,0,1594870447.6768582
CYL_PRES_STAT,0,1594870447.7056818
CYL_PRES_STAT,0,1594870447.7177868
CYL_PRES_STAT,0,1594870447.738364
CYL_PRES_STAT,0,1594870447.8614519
CYL_PRES_STAT,0,1594870447.9025881
CYL_PRES_STAT,0,1594870447.9436748
CYL_PRES_STAT,0,1594870447.955487
CYL_PRES_STAT,0,1594870447.96771
CYL_PRES_STAT,0,1594870447.9881446
CYL_PRES_STAT,0,1594870448.111032
CYL_PRES_STAT,0,1594870448.1196551
CYL_PRES_STAT,0,1594870448.172917
CYL_PRES_STAT,0,1594870448.193286
CYL_PRES_STAT,0,1594870448.2053301
CYL_PRES_STAT,0,1594870448.213902
CYL_PRES_STAT,0,1594870448.2342882
CYL_PRES_STAT,0,1594870448.2427056
CYL_PRES_STAT,0,1594870448.287252
CYL_PRES_STAT,0,1594870448.295799
CYL_PRES_STAT,0,1594870448.430549
CYL_PRES_STAT,0,1594870448.463326
CYL_PRES_STAT,0,1594870448.483836
CYL_PRES_STAT,0,1594870448.5370538
CYL_PRES_STAT,0,1594870448.5454578
CYL_PRES_STAT,0,1594870448.56569
CYL_PRES_STAT,0,1594870448.586258
CYL_PRES_STAT,0,1594870448.6067939
CYL_PRES_STAT,0,1594870448.68034
CYL_PRES_STAT,0,1594870448.7830489
CYL_PRES_STAT,0,1594870448.791383
CYL_PRES_STAT,0,1594870448.815718
CYL_PRES_STAT,0,1594870448.8360631
CYL_PRES_STAT,0,1594870448.856569
CYL_PRES_STAT,0,1594870448.8769422
CYL_PRES_STAT,0,1594870449.008526
CYL_PRES_STAT,0,1594870449.061988
CYL_PRES_STAT,0,1594870449.082475
CYL_PRES_STAT,0,1594870449.106297
CYL_PRES_STAT,0,1594870449.11501
CYL_PRES_STAT,0,1594870449.164117
CYL_PRES_STAT,0,1594870449.1848052
CYL_PRES_STAT,0,1594870449.196491
CYL_PRES_STAT,0,1594870449.278926
CYL_PRES_STAT,0,1594870449.364395
CYL_PRES_STAT,0,1594870449.37266
CYL_PRES_STAT,0,1594870449.413874
CYL_PRES_STAT,0,1594870449.434813
CYL_PRES_STAT,0,1594870449.446369
CYL_PRES_STAT,0,1594870449.4549134
CYL_PRES_STAT,0,1594870449.4958026
CYL_PRES_STAT,0,1594870449.61896
CYL_PRES_STAT,0,1594870449.696098
CYL_PRES_STAT,0,1594870449.7247958
CYL_PRES_STAT,0,1594870449.859914
CYL_PRES_STAT,0,1594870449.8803868
CYL_PRES_STAT,0,1594870449.889004
CYL_PRES_STAT,0,1594870449.9094534
CYL_PRES_STAT,0,1594870449.95414
CYL_PRES_STAT,0,1594870449.9746408
CYL_PRES_STAT,0,1594870449.9915302
CYL_PRES_STAT,0,1594870450.0360858
CYL_PRES_STAT,0,1594870450.056594
CYL_PRES_STAT,0,1594870450.097677
CYL_PRES_STAT,0,1594870450.10604
CYL_PRES_STAT,0,1594870450.167836
CYL_PRES_STAT,0,1594870450.188097
CYL_PRES_STAT,0,1594870450.200088
CYL_PRES_STAT,0,1594870450.2204552
CYL_PRES_STAT,0,1594870450.2290301
CYL_PRES_STAT,0,1594870450.26157
CYL_PRES_STAT,0,1594870450.302816
CYL_PRES_STAT,0,1594870450.355573
CYL_PRES_STAT,0,1594870450.3882306
CYL_PRES_STAT,0,1594870450.490752
CYL_PRES_STAT,0,1594870450.552711
CYL_PRES_STAT,0,1594870450.573148
CYL_PRES_STAT,0,1594870450.5934489
CYL_PRES_STAT,0,1594870450.617662
CYL_PRES_STAT,0,1594870450.863408
CYL_PRES_STAT,0,1594870450.883956
CYL_PRES_STAT,0,1594870450.9248538
CYL_PRES_STAT,0,1594870450.9335182
CYL_PRES_STAT,0,1594870450.966089
CYL_PRES_STAT,0,1594870451.089
CYL_PRES_STAT,0,1594870451.10103
CYL_PRES_STAT,0,1594870451.174644
CYL_PRES_STAT,0,1594870451.195172
CYL_PRES_STAT,0,1594870451.2122948
CYL_PRES_STAT,0,1594870451.236183
CYL_PRES_STAT,0,1594870451.256741
CYL_PRES_STAT,0,1594870451.297641
CYL_PRES_STAT,0,1594870451.388196
CYL_PRES_STAT,0,1594870451.420476
CYL_PRES_STAT,0,1594870451.462102
CYL_PRES_STAT,0,1594870451.482368
CYL_PRES_STAT,0,1594870451.514685
CYL_PRES_STAT,0,1594870451.543902
CYL_PRES_STAT,0,1594870451.564275
CYL_PRES_STAT,0,1594870451.5848386
CYL_PRES_STAT,0,1594870451.596648
CYL_PRES_STAT,0,1594870451.6994538
CYL_PRES_STAT,0,1594870451.711318
CYL_PRES_STAT,0,1594870451.761008
CYL_PRES_STAT,0,1594870451.8223202
CYL_PRES_STAT,0,1594870451.834578
CYL_PRES_STAT,0,1594870451.846569
CYL_PRES_STAT,0,1594870451.8667786
CYL_PRES_STAT,0,1594870451.875572
CYL_PRES_STAT,0,1594870451.896235
CYL_PRES_STAT,0,1594870452.0717518
CYL_PRES_STAT,0,1594870452.084121
CYL_PRES_STAT,0,1594870452.09264
CYL_PRES_STAT,0,1594870452.124918
CYL_PRES_STAT,0,1594870452.145646
CYL_PRES_STAT,0,1594870452.1864212
CYL_PRES_STAT,0,1594870452.207011
CYL_PRES_STAT,0,1594870452.2479546
CYL_PRES_STAT,0,1594870452.2683651
CYL_PRES_STAT,0,1594870452.280766
CYL_PRES_STAT,0,1594870452.350985
CYL_PRES_STAT,0,1594870452.3625288
CYL_PRES_STAT,0,1594870452.3711624
CYL_PRES_STAT,0,1594870452.391668
CYL_PRES_STAT,0,1594870452.424317
CYL_PRES_STAT,0,1594870452.436146
CYL_PRES_STAT,0,1594870452.456712
CYL_PRES_STAT,0,1594870452.4649546
CYL_PRES_STAT,0,1594870452.477184
CYL_PRES_STAT,0,1594870452.5062091
CYL_PRES_STAT,0,1594870452.547324
CYL_PRES_STAT,0,1594870452.579843
CYL_PRES_STAT,0,1594870452.6827009
CYL_PRES_STAT,0,1594870452.703126
CYL_PRES_STAT,0,1594870452.7475429
CYL_PRES_STAT,0,1594870452.7680929
CYL_PRES_STAT,0,1594870452.808872
CYL_PRES_STAT,0,1594870452.8581321
CYL_PRES_STAT,0,1594870452.870383
CYL_PRES_STAT,0,1594870452.89092
CYL_PRES_STAT,0,1594870452.899353
CYL_PRES_STAT,0,1594870452.952939
CYL_PRES_STAT,0,1594870452.9609149
CYL_PRES_STAT,0,1594870452.973242
CYL_PRES_STAT,0,1594870452.9937391
CYL_PRES_STAT,0,1594870453.005557
CYL_PRES_STAT,0,1594870453.0260131
CYL_PRES_STAT,0,1594870453.034647
CYL_PRES_STAT,0,1594870453.055243
CYL_PRES_STAT,0,1594870453.0875158
CYL_PRES_STAT,0,1594870453.169482
CYL_PRES_STAT,0,1594870453.255424
CYL_PRES_STAT,0,1594870453.2637591
CYL_PRES_STAT,0,1594870453.304586
CYL_PRES_STAT,0,1594870453.325043
CYL_PRES_STAT,0,1594870453.3338492
CYL_PRES_STAT,0,1594870453.345512
CYL_PRES_STAT,0,1594870453.366318
CYL_PRES_STAT,0,1594870453.3868556
CYL_PRES_STAT,0,1594870453.4396002
CYL_PRES_STAT,0,1594870453.530195
CYL_PRES_STAT,0,1594870453.5421212
CYL_PRES_STAT,0,1594870453.562588
CYL_PRES_STAT,0,1594870453.571167
CYL_PRES_STAT,0,1594870453.583183
CYL_PRES_STAT,0,1594870453.5953238
CYL_PRES_STAT,0,1594870453.6160588
CYL_PRES_STAT,0,1594870453.6446874
CYL_PRES_STAT,0,1594870453.656828
CYL_PRES_STAT,0,1594870453.8623369
CYL_PRES_STAT,0,1594870453.8824391
CYL_PRES_STAT,0,1594870453.9476328
CYL_PRES_STAT,0,1594870453.9679732
CYL_PRES_STAT,0,1594870454.0585089
CYL_PRES_STAT,0,1594870454.078994
CYL_PRES_STAT,0,1594870454.152564
CYL_PRES_STAT,0,1594870454.193831
CYL_PRES_STAT,0,1594870454.214143
CYL_PRES_STAT,0,1594870454.234694
CYL_PRES_STAT,0,1594870454.246603
CYL_PRES_STAT,0,1594870454.258775
CYL_PRES_STAT,0,1594870454.337131
CYL_PRES_STAT,0,1594870454.463712
CYL_PRES_STAT,0,1594870454.484597
CYL_PRES_STAT,0,1594870454.5046
CYL_PRES_STAT,0,1594870454.5250971
CYL_PRES_STAT,0,1594870454.5456626
CYL_PRES_STAT,0,1594870454.5660648
CYL_PRES_STAT,0,1594870454.578347
CYL_PRES_STAT,0,1594870454.754508
CYL_PRES_STAT,0,1594870454.774799
CYL_PRES_STAT,0,1594870454.7831054
CYL_PRES_STAT,0,1594870454.81599
CYL_PRES_STAT,0,1594870454.824448
CYL_PRES_STAT,0,1594870454.8363051
CYL_PRES_STAT,0,1594870454.856882
CYL_PRES_STAT,0,1594870454.877435
CYL_PRES_STAT,0,1594870455.0414991
CYL_PRES_STAT,0,1594870455.06569
CYL_PRES_STAT,0,1594870455.0739741
CYL_PRES_STAT,0,1594870455.086176
CYL_PRES_STAT,0,1594870455.106744
CYL_PRES_STAT,0,1594870455.123568
CYL_PRES_STAT,0,1594870455.14759
CYL_PRES_STAT,0,1594870455.155918
CYL_PRES_STAT,0,1594870455.188499
CYL_PRES_STAT,0,1594870455.2585561
CYL_PRES_STAT,0,1594870455.2705126
CYL_PRES_STAT,0,1594870455.331986
CYL_PRES_STAT,0,1594870455.3528152
CYL_PRES_STAT,0,1594870455.3734179
CYL_PRES_STAT,0,1594870455.394387
CYL_PRES_STAT,0,1594870455.405688
CYL_PRES_STAT,0,1594870455.475651
CYL_PRES_STAT,0,1594870455.487627
CYL_PRES_STAT,0,1594870455.5818849
CYL_PRES_STAT,0,1594870455.6106439
CYL_PRES_STAT,0,1594870455.7456741
CYL_PRES_STAT,0,1594870455.766824
CYL_PRES_STAT,0,1594870455.8075242
CYL_PRES_STAT,0,1594870455.819384
CYL_PRES_STAT,0,1594870455.9544961
CYL_PRES_STAT,0,1594870455.975049
CYL_PRES_STAT,0,1594870455.983593
CYL_PRES_STAT,0,1594870455.995774
CYL_PRES_STAT,0,1594870456.003675
CYL_PRES_STAT,0,1594870456.0159636
CYL_PRES_STAT,0,1594870456.0365078
CYL_PRES_STAT,0,1594870456.077494
CYL_PRES_STAT,0,1594870456.221239
CYL_PRES_STAT,0,1594870456.233323
CYL_PRES_STAT,0,1594870456.2415614
CYL_PRES_STAT,0,1594870456.2658648
CYL_PRES_STAT,0,1594870456.3237698
CYL_PRES_STAT,0,1594870456.344314
CYL_PRES_STAT,0,1594870456.3764071
CYL_PRES_STAT,0,1594870456.409085
CYL_PRES_STAT,0,1594870456.43819
CYL_PRES_STAT,0,1594870456.4706078
CYL_PRES_STAT,0,1594870456.532361
CYL_PRES_STAT,0,1594870456.5735092
CYL_PRES_STAT,0,1594870456.59406
CYL_PRES_STAT,0,1594870456.614569
CYL_PRES_STAT,0,1594870456.757824
CYL_PRES_STAT,0,1594870456.781843
CYL_PRES_STAT,0,1594870456.843934
CYL_PRES_STAT,0,1594870456.8515
CYL_PRES_STAT,0,1594870456.8639948
CYL_PRES_STAT,0,1594870456.8844929
CYL_PRES_STAT,0,1594870456.896616
CYL_PRES_STAT,0,1594870456.905329
CYL_PRES_STAT,0,1594870456.9462268
CYL_PRES_STAT,0,1594870457.089501
CYL_PRES_STAT,0,1594870457.134049
CYL_PRES_STAT,0,1594870457.1426408
CYL_PRES_STAT,0,1594870457.154597
CYL_PRES_STAT,0,1594870457.17505
CYL_PRES_STAT,0,1594870457.224542
CYL_PRES_STAT,0,1594870457.236536
CYL_PRES_STAT,0,1594870457.3476071
CYL_PRES_STAT,0,1594870457.359334
CYL_PRES_STAT,0,1594870457.421365
CYL_PRES_STAT,0,1594870457.4621649
CYL_PRES_STAT,0,1594870457.4740686
CYL_PRES_STAT,0,1594870457.48631
CYL_PRES_STAT,0,1594870457.506837
CYL_PRES_STAT,0,1594870457.54772
CYL_PRES_STAT,0,1594870457.6586812
CYL_PRES_STAT,0,1594870457.723946
CYL_PRES_STAT,0,1594870457.7320268
CYL_PRES_STAT,0,1594870457.7530618
CYL_PRES_STAT,0,1594870457.777092
CYL_PRES_STAT,0,1594870457.826336
CYL_PRES_STAT,0,1594870457.8671439
CYL_PRES_STAT,0,1594870458.023058
CYL_PRES_STAT,0,1594870458.043514
CYL_PRES_STAT,0,1594870458.084487
CYL_PRES_STAT,0,1594870458.1048071
CYL_PRES_STAT,0,1594870458.113382
CYL_PRES_STAT,0,1594870458.125242
CYL_PRES_STAT,0,1594870458.137564
CYL_PRES_STAT,0,1594870458.1461296
CYL_PRES_STAT,0,1594870458.1669161
CYL_PRES_STAT,0,1594870458.1786408
CYL_PRES_STAT,0,1594870458.334374
CYL_PRES_STAT,0,1594870458.354721
CYL_PRES_STAT,0,1594870458.387406
CYL_PRES_STAT,0,1594870458.4365606
CYL_PRES_STAT,0,1594870458.5475366
CYL_PRES_STAT,0,1594870458.5716622
CYL_PRES_STAT,0,1594870458.5800788
CYL_PRES_STAT,0,1594870458.62142
CYL_PRES_STAT,0,1594870458.6454248
CYL_PRES_STAT,0,1594870458.662261
CYL_PRES_STAT,0,1594870458.706966
CYL_PRES_STAT,0,1594870458.723728
CYL_PRES_STAT,0,1594870458.756088
CYL_PRES_STAT,0,1594870458.768377
CYL_PRES_STAT,0,1594870458.912383
CYL_PRES_STAT,0,1594870458.93265
CYL_PRES_STAT,0,1594870458.964969
CYL_PRES_STAT,0,1594870459.018265
CYL_PRES_STAT,0,1594870459.038597
CYL_PRES_STAT,0,1594870459.140967
CYL_PRES_STAT,0,1594870459.181906
CYL_PRES_STAT,0,1594870459.22305
CYL_PRES_STAT,0,1594870459.243524
CYL_PRES_STAT,0,1594870459.2641249
CYL_PRES_STAT,0,1594870459.284739
CYL_PRES_STAT,0,1594870459.3663511
CYL_PRES_STAT,0,1594870459.4076428
CYL_PRES_STAT,0,1594870459.419651
CYL_PRES_STAT,0,1594870459.6042259
CYL_PRES_STAT,0,1594870459.677609
CYL_PRES_STAT,0,1594870459.8010206
CYL_PRES_STAT,0,1594870459.845699
CYL_PRES_STAT,0,1594870459.8659682
CYL_PRES_STAT,0,1594870459.874642
CYL_PRES_STAT,0,1594870459.8864386
CYL_PRES_STAT,0,1594870459.907104
CYL_PRES_STAT,0,1594870459.927384
CYL_PRES_STAT,0,1594870459.9975462
CYL_PRES_STAT,0,1594870460.029917
CYL_PRES_STAT,0,1594870460.042031
CYL_PRES_STAT,0,1594870460.050313
CYL_PRES_STAT,0,1594870460.124023
CYL_PRES_STAT,0,1594870460.153374
CYL_PRES_STAT,0,1594870460.214764
CYL_PRES_STAT,0,1594870460.255507
CYL_PRES_STAT,0,1594870460.361598
CYL_PRES_STAT,0,1594870460.402674
CYL_PRES_STAT,0,1594870460.423108
CYL_PRES_STAT,0,1594870460.464116
CYL_PRES_STAT,0,1594870460.4845262
CYL_PRES_STAT,0,1594870460.5053961
CYL_PRES_STAT,0,1594870460.55445
CYL_PRES_STAT,0,1594870460.7345462
CYL_PRES_STAT,0,1594870460.742569
CYL_PRES_STAT,0,1594870460.754781
CYL_PRES_STAT,0,1594870460.7756534
CYL_PRES_STAT,0,1594870460.7875352
CYL_PRES_STAT,0,1594870460.795788
CYL_PRES_STAT,0,1594870460.939162
CYL_PRES_STAT,0,1594870460.9514382
CYL_PRES_STAT,0,1594870461.0045269
CYL_PRES_STAT,0,1594870461.0250409
CYL_PRES_STAT,0,1594870461.033954
CYL_PRES_STAT,0,1594870461.04559
CYL_PRES_STAT,0,1594870461.1070368
CYL_PRES_STAT,0,1594870461.115342
CYL_PRES_STAT,0,1594870461.1239061
CYL_PRES_STAT,0,1594870461.1356876
CYL_PRES_STAT,0,1594870461.148015
CYL_PRES_STAT,0,1594870461.2300394
CYL_PRES_STAT,0,1594870461.250433
CYL_PRES_STAT,0,1594870461.3446
CYL_PRES_STAT,0,1594870461.353218
CYL_PRES_STAT,0,1594870461.365068
CYL_PRES_STAT,0,1594870461.373697
CYL_PRES_STAT,0,1594870461.3979251
CYL_PRES_STAT,0,1594870461.426489
CYL_PRES_STAT,0,1594870461.435253
CYL_PRES_STAT,0,1594870461.446999
CYL_PRES_STAT,0,1594870461.516972
CYL_PRES_STAT,0,1594870461.549435
CYL_PRES_STAT,0,1594870461.6231294
CYL_PRES_STAT,0,1594870461.6438901
CYL_PRES_STAT,0,1594870461.664418
CYL_PRES_STAT,0,1594870461.685025
CYL_PRES_STAT,0,1594870461.726072
CYL_PRES_STAT,0,1594870461.746028
CYL_PRES_STAT,0,1594870461.754566
CYL_PRES_STAT,0,1594870461.934405
CYL_PRES_STAT,0,1594870461.975404
CYL_PRES_STAT,0,1594870461.9958231
CYL_PRES_STAT,0,1594870462.045786
CYL_PRES_STAT,0,1594870462.057356
CYL_PRES_STAT,0,1594870462.077836
CYL_PRES_STAT,0,1594870462.192461
CYL_PRES_STAT,0,1594870462.2009552
CYL_PRES_STAT,0,1594870462.2251348
CYL_PRES_STAT,0,1594870462.233577
CYL_PRES_STAT,0,1594870462.2419796
CYL_PRES_STAT,0,1594870462.266304
CYL_PRES_STAT,0,1594870462.2743602
CYL_PRES_STAT,0,1594870462.2868102
CYL_PRES_STAT,0,1594870462.307189
CYL_PRES_STAT,0,1594870462.335842
CYL_PRES_STAT,0,1594870462.45904
CYL_PRES_STAT,0,1594870462.4710462
CYL_PRES_STAT,0,1594870462.49172
CYL_PRES_STAT,0,1594870462.512337
CYL_PRES_STAT,0,1594870462.5327082
CYL_PRES_STAT,0,1594870462.5532491
CYL_PRES_STAT,0,1594870462.614775
CYL_PRES_STAT,0,1594870462.634975
CYL_PRES_STAT,0,1594870462.708549
CYL_PRES_STAT,0,1594870462.720766
CYL_PRES_STAT,0,1594870462.802752
CYL_PRES_STAT,0,1594870462.823273
CYL_PRES_STAT,0,1594870462.855969
CYL_PRES_STAT,0,1594870462.8642302
CYL_PRES_STAT,0,1594870462.884675
CYL_PRES_STAT,0,1594870462.8934028
CYL_PRES_STAT,0,1594870462.9051929
CYL_PRES_STAT,0,1594870463.1140218
CYL_PRES_STAT,0,1594870463.135069
CYL_PRES_STAT,0,1594870463.155025
CYL_PRES_STAT,0,1594870463.1754599
CYL_PRES_STAT,0,1594870463.187676
CYL_PRES_STAT,0,1594870463.1963782
CYL_PRES_STAT,0,1594870463.2249222
CYL_PRES_STAT,0,1594870463.2369614
CYL_PRES_STAT,0,1594870463.265854
CYL_PRES_STAT,0,1594870463.3104858
CYL_PRES_STAT,0,1594870463.3188891
CYL_PRES_STAT,0,1594870463.404733
CYL_PRES_STAT,0,1594870463.4337852
CYL_PRES_STAT,0,1594870463.4456391
CYL_PRES_STAT,0,1594870463.4625301
CYL_PRES_STAT,0,1594870463.4744241
CYL_PRES_STAT,0,1594870463.515524
CYL_PRES_STAT,0,1594870463.5890698
CYL_PRES_STAT,0,1594870463.597725
CYL_PRES_STAT,0,1594870463.6917481
CYL_PRES_STAT,0,1594870463.7330828
CYL_PRES_STAT,0,1594870463.7535632
CYL_PRES_STAT,0,1594870463.765228
CYL_PRES_STAT,0,1594870463.777517
CYL_PRES_STAT,0,1594870463.8148446
CYL_PRES_STAT,0,1594870463.838958
CYL_PRES_STAT,0,1594870463.9208698
CYL_PRES_STAT,0,1594870463.929482
CYL_PRES_STAT,0,1594870463.961758
CYL_PRES_STAT,0,1594870464.002749
CYL_PRES_STAT,0,1594870464.0114794
CYL_PRES_STAT,0,1594870464.023351
CYL_PRES_STAT,0,1594870464.044502
CYL_PRES_STAT,0,1594870464.064815
CYL_PRES_STAT,0,1594870464.1583412
CYL_PRES_STAT,0,1594870464.1673481
CYL_PRES_STAT,0,1594870464.2078679
CYL_PRES_STAT,0,1594870464.228748
CYL_PRES_STAT,0,1594870464.293719
CYL_PRES_STAT,0,1594870464.31409
CYL_PRES_STAT,0,1594870464.3344312
CYL_PRES_STAT,0,1594870464.375511
CYL_PRES_STAT,0,1594870464.396197
CYL_PRES_STAT,0,1594870464.4455411
CYL_PRES_STAT,0,1594870464.466123
CYL_PRES_STAT,0,1594870464.477877
CYL_PRES_STAT,0,1594870464.625252
CYL_PRES_STAT,0,1594870464.6458502
CYL_PRES_STAT,0,1594870464.666273
CYL_PRES_STAT,0,1594870464.674953
CYL_PRES_STAT,0,1594870464.7156749
CYL_PRES_STAT,0,1594870464.850656
CYL_PRES_STAT,0,1594870464.891583
CYL_PRES_STAT,0,1594870464.912674
CYL_PRES_STAT,0,1594870464.9243119
CYL_PRES_STAT,0,1594870464.936491
CYL_PRES_STAT,0,1594870464.99473
CYL_PRES_STAT,0,1594870465.014942
CYL_PRES_STAT,0,1594870465.100626
CYL_PRES_STAT,0,1594870465.120903
CYL_PRES_STAT,0,1594870465.182389
CYL_PRES_STAT,0,1594870465.202847
CYL_PRES_STAT,0,1594870465.2438786
CYL_PRES_STAT,0,1594870465.256018
CYL_PRES_STAT,0,1594870465.2642946
CYL_PRES_STAT,0,1594870465.305567
CYL_PRES_STAT,0,1594870465.358474
CYL_PRES_STAT,0,1594870465.4199722
CYL_PRES_STAT,0,1594870465.505878
CYL_PRES_STAT,0,1594870465.5224152
CYL_PRES_STAT,0,1594870465.555191
CYL_PRES_STAT,0,1594870465.575509
CYL_PRES_STAT,0,1594870465.616549
CYL_PRES_STAT,0,1594870465.7313151
CYL_PRES_STAT,0,1594870465.7807171
CYL_PRES_STAT,0,1594870465.804932
CYL_PRES_STAT,0,1594870465.825323
CYL_PRES_STAT,0,1594870465.8337028
CYL_PRES_STAT,0,1594870466.075191
CYL_PRES_STAT,0,1594870466.1330519
CYL_PRES_STAT,0,1594870466.153497
CYL_PRES_STAT,0,1594870466.197984
CYL_PRES_STAT,0,1594870466.2802274
CYL_PRES_STAT,0,1594870466.2882268
CYL_PRES_STAT,0,1594870466.3413868
CYL_PRES_STAT,0,1594870466.390922
CYL_PRES_STAT,0,1594870466.4030151
CYL_PRES_STAT,0,1594870466.415086
CYL_PRES_STAT,0,1594870466.465008
CYL_PRES_STAT,0,1594870466.5059109
CYL_PRES_STAT,0,1594870466.5381188
CYL_PRES_STAT,0,1594870466.599519
CYL_PRES_STAT,0,1594870466.620023
CYL_PRES_STAT,0,1594870466.673266
CYL_PRES_STAT,0,1594870466.6943731
CYL_PRES_STAT,0,1594870466.701968
CYL_PRES_STAT,0,1594870466.714237
CYL_PRES_STAT,0,1594870466.7551699
CYL_PRES_STAT,0,1594870466.77559
CYL_PRES_STAT,0,1594870466.796145
CYL_PRES_STAT,0,1594870466.9516642
CYL_PRES_STAT,0,1594870466.960498
CYL_PRES_STAT,0,1594870466.972245
CYL_PRES_STAT,0,1594870467.045995
CYL_PRES_STAT,0,1594870467.054177
CYL_PRES_STAT,0,1594870467.066596
CYL_PRES_STAT,0,1594870467.0752482
CYL_PRES_STAT,0,1594870467.086915
CYL_PRES_STAT,0,1594870467.209783
CYL_PRES_STAT,0,1594870467.279834
CYL_PRES_STAT,0,1594870467.292029
CYL_PRES_STAT,0,1594870467.324882
CYL_PRES_STAT,0,1594870467.3449981
CYL_PRES_STAT,0,1594870467.36543
CYL_PRES_STAT,0,1594870467.374111
CYL_PRES_STAT,0,1594870467.4065108
CYL_PRES_STAT,0,1594870467.574341
CYL_PRES_STAT,0,1594870467.5827498
CYL_PRES_STAT,0,1594870467.644293
CYL_PRES_STAT,0,1594870467.656169
CYL_PRES_STAT,0,1594870467.6650019
CYL_PRES_STAT,0,1594870467.6856909
CYL_PRES_STAT,0,1594870467.8081741
CYL_PRES_STAT,0,1594870467.8937712
CYL_PRES_STAT,0,1594870467.902442
CYL_PRES_STAT,0,1594870467.9142752
CYL_PRES_STAT,0,1594870467.9348161
CYL_PRES_STAT,0,1594870467.9555829
CYL_PRES_STAT,0,1594870467.9961948
CYL_PRES_STAT,0,1594870468.016599
CYL_PRES_STAT,0,1594870468.0902796
CYL_PRES_STAT,0,1594870468.1313238
CYL_PRES_STAT,0,1594870468.160664
CYL_PRES_STAT,0,1594870468.2050679
CYL_PRES_STAT,0,1594870468.2255092
CYL_PRES_STAT,0,1594870468.266419
CYL_PRES_STAT,0,1594870468.2870119
CYL_PRES_STAT,0,1594870468.377783
CYL_PRES_STAT,0,1594870468.389415
CYL_PRES_STAT,0,1594870468.47164
CYL_PRES_STAT,0,1594870468.4834206
CYL_PRES_STAT,0,1594870468.516428
CYL_PRES_STAT,0,1594870468.5368068
CYL_PRES_STAT,0,1594870468.553752
CYL_PRES_STAT,0,1594870468.5654242
CYL_PRES_STAT,0,1594870468.577739
CYL_PRES_STAT,0,1594870468.59486
CYL_PRES_STAT,0,1594870468.709135
CYL_PRES_STAT,0,1594870468.7210839
CYL_PRES_STAT,0,1594870468.770716
CYL_PRES_STAT,0,1594870468.782772
CYL_PRES_STAT,0,1594870468.80367
CYL_PRES_STAT,0,1594870468.8155642
CYL_PRES_STAT,0,1594870468.823541
CYL_PRES_STAT,0,1594870468.8443751
CYL_PRES_STAT,0,1594870468.8855512
CYL_PRES_STAT,0,1594870468.897312
CYL_PRES_STAT,0,1594870468.987742
CYL_PRES_STAT,0,1594870468.9998982
CYL_PRES_STAT,0,1594870469.052982
CYL_PRES_STAT,0,1594870469.0650868
CYL_PRES_STAT,0,1594870469.0736818
CYL_PRES_STAT,0,1594870469.093812
CYL_PRES_STAT,0,1594870469.134998
CYL_PRES_STAT,0,1594870469.1473038
CYL_PRES_STAT,0,1594870469.155301
CYL_PRES_STAT,0,1594870469.17574
CYL_PRES_STAT,0,1594870469.269925
CYL_PRES_STAT,0,1594870469.278592
CYL_PRES_STAT,0,1594870469.3607152
CYL_PRES_STAT,0,1594870469.393384
CYL_PRES_STAT,0,1594870469.4753132
CYL_PRES_STAT,0,1594870469.487039
CYL_PRES_STAT,0,1594870469.6099908
CYL_PRES_STAT,0,1594870469.6511831
CYL_PRES_STAT,0,1594870469.671751
CYL_PRES_STAT,0,1594870469.696091
CYL_PRES_STAT,0,1594870469.716456
CYL_PRES_STAT,0,1594870469.774252
CYL_PRES_STAT,0,1594870469.794672
CYL_PRES_STAT,0,1594870469.8270886
CYL_PRES_STAT,0,1594870469.962808
CYL_PRES_STAT,0,1594870469.9743462
CYL_PRES_STAT,0,1594870469.982709
CYL_PRES_STAT,0,1594870469.991169
CYL_PRES_STAT,0,1594870470.023998
CYL_PRES_STAT,0,1594870470.0442882
CYL_PRES_STAT,0,1594870470.056382
CYL_PRES_STAT,0,1594870470.0650868
CYL_PRES_STAT,0,1594870470.1587539
CYL_PRES_STAT,0,1594870470.167707
CYL_PRES_STAT,0,1594870470.2733948
CYL_PRES_STAT,0,1594870470.29407
CYL_PRES_STAT,0,1594870470.3061721
CYL_PRES_STAT,0,1594870470.314451
CYL_PRES_STAT,0,1594870470.335553
CYL_PRES_STAT,0,1594870470.3553698
CYL_PRES_STAT,0,1594870470.405031
CYL_PRES_STAT,0,1594870470.5438778
CYL_PRES_STAT,0,1594870470.552622
CYL_PRES_STAT,0,1594870470.5642502
CYL_PRES_STAT,0,1594870470.57246
CYL_PRES_STAT,0,1594870470.584791
CYL_PRES_STAT,0,1594870470.60511
CYL_PRES_STAT,0,1594870470.646359
CYL_PRES_STAT,0,1594870470.6666698
CYL_PRES_STAT,0,1594870470.6871278
CYL_PRES_STAT,0,1594870470.8427124
CYL_PRES_STAT,0,1594870470.851585
CYL_PRES_STAT,0,1594870470.892494
CYL_PRES_STAT,0,1594870470.913016
CYL_PRES_STAT,0,1594870470.936878
CYL_PRES_STAT,0,1594870470.97419
CYL_PRES_STAT,0,1594870470.998265
CYL_PRES_STAT,0,1594870471.0888462
CYL_PRES_STAT,0,1594870471.100851
CYL_PRES_STAT,0,1594870471.1625981
CYL_PRES_STAT,0,1594870471.215565
CYL_PRES_STAT,0,1594870471.2856538
CYL_PRES_STAT,0,1594870471.2973552
CYL_PRES_STAT,0,1594870471.453475
CYL_PRES_STAT,0,1594870471.465274
CYL_PRES_STAT,0,1594870471.473407
CYL_PRES_STAT,0,1594870471.523087
CYL_PRES_STAT,0,1594870471.5348954
CYL_PRES_STAT,0,1594870471.543665
CYL_PRES_STAT,0,1594870471.555438
CYL_PRES_STAT,0,1594870471.5760028
CYL_PRES_STAT,0,1594870471.608557
CYL_PRES_STAT,0,1594870471.74382
CYL_PRES_STAT,0,1594870471.7521114
CYL_PRES_STAT,0,1594870471.784767
CYL_PRES_STAT,0,1594870471.8258374
CYL_PRES_STAT,0,1594870471.846272
CYL_PRES_STAT,0,1594870471.866936
CYL_PRES_STAT,0,1594870471.875211
CYL_PRES_STAT,0,1594870471.9076328
CYL_PRES_STAT,0,1594870471.969069
CYL_PRES_STAT,0,1594870471.989697
CYL_PRES_STAT,0,1594870472.042778
CYL_PRES_STAT,0,1594870472.0513148
CYL_PRES_STAT,0,1594870472.0755148
CYL_PRES_STAT,0,1594870472.096174
CYL_PRES_STAT,0,1594870472.154069
CYL_PRES_STAT,0,1594870472.186223
CYL_PRES_STAT,0,1594870472.218776
CYL_PRES_STAT,0,1594870472.2393954
CYL_PRES_STAT,0,1594870472.2803721
CYL_PRES_STAT,0,1594870472.3422189
CYL_PRES_STAT,0,1594870472.3624918
CYL_PRES_STAT,0,1594870472.4237592
CYL_PRES_STAT,0,1594870472.436003
CYL_PRES_STAT,0,1594870472.4449859
CYL_PRES_STAT,0,1594870472.4650118
CYL_PRES_STAT,0,1594870472.497508
CYL_PRES_STAT,0,1594870472.5589108
CYL_PRES_STAT,0,1594870472.567368
CYL_PRES_STAT,0,1594870472.579335
CYL_PRES_STAT,0,1594870472.5916018
CYL_PRES_STAT,0,1594870472.6530118
CYL_PRES_STAT,0,1594870472.673575
CYL_PRES_STAT,0,1594870472.694161
CYL_PRES_STAT,0,1594870472.714551
CYL_PRES_STAT,0,1594870472.788167
CYL_PRES_STAT,0,1594870472.8700788
CYL_PRES_STAT,0,1594870472.8786602
CYL_PRES_STAT,0,1594870472.944103
CYL_PRES_STAT,0,1594870472.956116
CYL_PRES_STAT,0,1594870472.960824
CYL_PRES_STAT,0,1594870472.984799
CYL_PRES_STAT,0,1594870472.993092
CYL_PRES_STAT,0,1594870473.046378
CYL_PRES_STAT,0,1594870473.066787
CYL_PRES_STAT,0,1594870473.181469
CYL_PRES_STAT,0,1594870473.1896784
CYL_PRES_STAT,0,1594870473.284044
CYL_PRES_STAT,0,1594870473.4067972
CYL_PRES_STAT,0,1594870473.418996
CYL_PRES_STAT,0,1594870473.48052
CYL_PRES_STAT,0,1594870473.541877
CYL_PRES_STAT,0,1594870473.562397
CYL_PRES_STAT,0,1594870473.5831401
CYL_PRES_STAT,0,1594870473.6033142
CYL_PRES_STAT,0,1594870473.6155038
CYL_PRES_STAT,0,1594870473.750741
CYL_PRES_STAT,0,1594870473.832669
CYL_PRES_STAT,0,1594870473.853175
CYL_PRES_STAT,0,1594870473.8618991
CYL_PRES_STAT,0,1594870473.873628
CYL_PRES_STAT,0,1594870473.882091
CYL_PRES_STAT,0,1594870473.902634
CYL_PRES_STAT,0,1594870473.9352288
CYL_PRES_STAT,0,1594870473.9472961
CYL_PRES_STAT,0,1594870473.9558554
CYL_PRES_STAT,0,1594870474.0582
CYL_PRES_STAT,0,1594870474.070168
CYL_PRES_STAT,0,1594870474.0907142
CYL_PRES_STAT,0,1594870474.123484
CYL_PRES_STAT,0,1594870474.1522632
CYL_PRES_STAT,0,1594870474.1643796
CYL_PRES_STAT,0,1594870474.18482
CYL_PRES_STAT,0,1594870474.213626
CYL_PRES_STAT,0,1594870474.226681
CYL_PRES_STAT,0,1594870474.234348
CYL_PRES_STAT,0,1594870474.2464461
CYL_PRES_STAT,0,1594870474.275452
CYL_PRES_STAT,0,1594870474.348741
CYL_PRES_STAT,0,1594870474.3692842
CYL_PRES_STAT,0,1594870474.4429018
CYL_PRES_STAT,0,1594870474.451864
CYL_PRES_STAT,0,1594870474.496166
CYL_PRES_STAT,0,1594870474.537007
CYL_PRES_STAT,0,1594870474.5574698
CYL_PRES_STAT,0,1594870474.6804562
CYL_PRES_STAT,0,1594870474.721869
CYL_PRES_STAT,0,1594870474.742282
CYL_PRES_STAT,0,1594870474.762475
CYL_PRES_STAT,0,1594870474.803607
CYL_PRES_STAT,0,1594870474.827907
CYL_PRES_STAT,0,1594870474.8360732
CYL_PRES_STAT,0,1594870474.8448234
CYL_PRES_STAT,0,1594870474.8566759
CYL_PRES_STAT,0,1594870474.865629
CYL_PRES_STAT,0,1594870474.9470134
CYL_PRES_STAT,0,1594870475.020847
CYL_PRES_STAT,0,1594870475.094379
CYL_PRES_STAT,0,1594870475.106498
CYL_PRES_STAT,0,1594870475.1151562
CYL_PRES_STAT,0,1594870475.258401
CYL_PRES_STAT,0,1594870475.2701962
CYL_PRES_STAT,0,1594870475.364466
CYL_PRES_STAT,0,1594870475.4260561
CYL_PRES_STAT,0,1594870475.537083
CYL_PRES_STAT,0,1594870475.6311321
CYL_PRES_STAT,0,1594870475.672194
CYL_PRES_STAT,0,1594870475.684
CYL_PRES_STAT,0,1594870475.692548
CYL_PRES_STAT,0,1594870475.7169359
CYL_PRES_STAT,0,1594870475.7575748
CYL_PRES_STAT,0,1594870475.860136
CYL_PRES_STAT,0,1594870475.8891711
CYL_PRES_STAT,0,1594870475.921472
CYL_PRES_STAT,0,1594870475.942445
CYL_PRES_STAT,0,1594870475.962892
CYL_PRES_STAT,0,1594870475.987042
CYL_PRES_STAT,0,1594870476.003535
CYL_PRES_STAT,0,1594870476.024225
CYL_PRES_STAT,0,1594870476.045394
CYL_PRES_STAT,0,1594870476.2210274
CYL_PRES_STAT,0,1594870476.232792
CYL_PRES_STAT,0,1594870476.253249
CYL_PRES_STAT,0,1594870476.261858
CYL_PRES_STAT,0,1594870476.29465
CYL_PRES_STAT,0,1594870476.314688
CYL_PRES_STAT,0,1594870476.355711
CYL_PRES_STAT,0,1594870476.417449
CYL_PRES_STAT,0,1594870476.437995
CYL_PRES_STAT,0,1594870476.4498694
CYL_PRES_STAT,0,1594870476.523555
CYL_PRES_STAT,0,1594870476.564765
CYL_PRES_STAT,0,1594870476.585081
CYL_PRES_STAT,0,1594870476.593767
CYL_PRES_STAT,0,1594870476.605564
CYL_PRES_STAT,0,1594870476.626007
CYL_PRES_STAT,0,1594870476.696066
CYL_PRES_STAT,0,1594870476.7163801
CYL_PRES_STAT,0,1594870476.761304
CYL_PRES_STAT,0,1594870476.769375
CYL_PRES_STAT,0,1594870476.781535
CYL_PRES_STAT,0,1594870476.8109019
CYL_PRES_STAT,0,1594870476.83476
CYL_PRES_STAT,0,1594870476.8437068
CYL_PRES_STAT,0,1594870476.855254
CYL_PRES_STAT,0,1594870476.875941
CYL_PRES_STAT,0,1594870476.8927462
CYL_PRES_STAT,0,1594870476.925519
CYL_PRES_STAT,0,1594870476.937234
CYL_PRES_STAT,0,1594870476.9577198
CYL_PRES_STAT,0,1594870477.028024
CYL_PRES_STAT,0,1594870477.039754
CYL_PRES_STAT,0,1594870477.1216712
CYL_PRES_STAT,0,1594870477.1421251
CYL_PRES_STAT,0,1594870477.174817
CYL_PRES_STAT,0,1594870477.204006
CYL_PRES_STAT,0,1594870477.22428
CYL_PRES_STAT,0,1594870477.3272884
CYL_PRES_STAT,0,1594870477.412328
CYL_PRES_STAT,0,1594870477.4328902
CYL_PRES_STAT,0,1594870477.4538894
CYL_PRES_STAT,0,1594870477.4738789
CYL_PRES_STAT,0,1594870477.4945002
CYL_PRES_STAT,0,1594870477.5065868
CYL_PRES_STAT,0,1594870477.5154402
CYL_PRES_STAT,0,1594870477.555778
CYL_PRES_STAT,0,1594870477.58845
CYL_PRES_STAT,0,1594870477.617739
CYL_PRES_STAT,0,1594870477.638125
CYL_PRES_STAT,0,1594870477.6586199
CYL_PRES_STAT,0,1594870477.670509
CYL_PRES_STAT,0,1594870477.703118
CYL_PRES_STAT,0,1594870477.723619
CYL_PRES_STAT,0,1594870477.7443929
CYL_PRES_STAT,0,1594870477.7529109
CYL_PRES_STAT,0,1594870477.7646198
CYL_PRES_STAT,0,1594870477.773437
CYL_PRES_STAT,0,1594870477.805632
CYL_PRES_STAT,0,1594870477.8261044
CYL_PRES_STAT,0,1594870477.834507
CYL_PRES_STAT,0,1594870477.846612
CYL_PRES_STAT,0,1594870477.855155
CYL_PRES_STAT,0,1594870478.0025954
CYL_PRES_STAT,0,1594870478.010891
CYL_PRES_STAT,0,1594870478.05533
CYL_PRES_STAT,0,1594870478.075848
CYL_PRES_STAT,0,1594870478.08415
CYL_PRES_STAT,0,1594870478.09632
CYL_PRES_STAT,0,1594870478.116757
CYL_PRES_STAT,0,1594870478.137328
CYL_PRES_STAT,0,1594870478.219105
CYL_PRES_STAT,0,1594870478.321723
CYL_PRES_STAT,0,1594870478.334035
CYL_PRES_STAT,0,1594870478.3425534
CYL_PRES_STAT,0,1594870478.362993
CYL_PRES_STAT,0,1594870478.38718
CYL_PRES_STAT,0,1594870478.530732
CYL_PRES_STAT,0,1594870478.6126454
CYL_PRES_STAT,0,1594870478.6330519
CYL_PRES_STAT,0,1594870478.6414511
CYL_PRES_STAT,0,1594870478.69458
CYL_PRES_STAT,0,1594870478.71554
CYL_PRES_STAT,0,1594870478.797186
CYL_PRES_STAT,0,1594870478.817568
CYL_PRES_STAT,0,1594870478.8295212
CYL_PRES_STAT,0,1594870478.9032588
CYL_PRES_STAT,0,1594870478.944362
CYL_PRES_STAT,0,1594870478.9646158
CYL_PRES_STAT,0,1594870478.9852512
CYL_PRES_STAT,0,1594870478.997622
CYL_PRES_STAT,0,1594870479.014418
CYL_PRES_STAT,0,1594870479.0261052
CYL_PRES_STAT,0,1594870479.05526
CYL_PRES_STAT,0,1594870479.1496372
CYL_PRES_STAT,0,1594870479.182009
CYL_PRES_STAT,0,1594870479.243275
CYL_PRES_STAT,0,1594870479.263756
CYL_PRES_STAT,0,1594870479.272308
CYL_PRES_STAT,0,1594870479.316982
CYL_PRES_STAT,0,1594870479.3784
CYL_PRES_STAT,0,1594870479.493114
CYL_PRES_STAT,0,1594870479.5013368
CYL_PRES_STAT,0,1594870479.521811
CYL_PRES_STAT,0,1594870479.533967
CYL_PRES_STAT,0,1594870479.563102
CYL_PRES_STAT,0,1594870479.5749364
CYL_PRES_STAT,0,1594870479.5838249
CYL_PRES_STAT,0,1594870479.604139
CYL_PRES_STAT,0,1594870479.6691034
CYL_PRES_STAT,0,1594870479.6776161
CYL_PRES_STAT,0,1594870479.75931
CYL_PRES_STAT,0,1594870479.8125482
CYL_PRES_STAT,0,1594870479.824716
CYL_PRES_STAT,0,1594870479.833081
CYL_PRES_STAT,0,1594870479.853518
CYL_PRES_STAT,0,1594870479.874037
CYL_PRES_STAT,0,1594870479.895157
CYL_PRES_STAT,0,1594870479.903038
CYL_PRES_STAT,0,1594870479.915052
CYL_PRES_STAT,0,1594870479.964564
CYL_PRES_STAT,0,1594870480.0213704
CYL_PRES_STAT,0,1594870480.10329
CYL_PRES_STAT,0,1594870480.123847
CYL_PRES_STAT,0,1594870480.144488
CYL_PRES_STAT,0,1594870480.394364
CYL_PRES_STAT,0,1594870480.455477
CYL_PRES_STAT,0,1594870480.476057
CYL_PRES_STAT,0,1594870480.496607
CYL_PRES_STAT,0,1594870480.607552
CYL_PRES_STAT,0,1594870480.619471
CYL_PRES_STAT,0,1594870480.660449
CYL_PRES_STAT,0,1594870480.689585
CYL_PRES_STAT,0,1594870480.701389
CYL_PRES_STAT,0,1594870480.7258232
CYL_PRES_STAT,0,1594870480.734462
CYL_PRES_STAT,0,1594870480.7427769
CYL_PRES_STAT,0,1594870480.763211
CYL_PRES_STAT,0,1594870480.816142
CYL_PRES_STAT,0,1594870480.83647
CYL_PRES_STAT,0,1594870480.8450718
CYL_PRES_STAT,0,1594870480.910197
CYL_PRES_STAT,0,1594870480.992522
CYL_PRES_STAT,0,1594870481.0211186
CYL_PRES_STAT,0,1594870481.033047
CYL_PRES_STAT,0,1594870481.053597
CYL_PRES_STAT,0,1594870481.0659242
CYL_PRES_STAT,0,1594870481.074094
CYL_PRES_STAT,0,1594870481.094578
CYL_PRES_STAT,0,1594870481.103107
CYL_PRES_STAT,0,1594870481.1273432
CYL_PRES_STAT,0,1594870481.136029
CYL_PRES_STAT,0,1594870481.1887221
CYL_PRES_STAT,0,1594870481.250091
CYL_PRES_STAT,0,1594870481.2588608
CYL_PRES_STAT,0,1594870481.323797
CYL_PRES_STAT,0,1594870481.344382
CYL_PRES_STAT,0,1594870481.385746
CYL_PRES_STAT,0,1594870481.405843
CYL_PRES_STAT,0,1594870481.5204108
CYL_PRES_STAT,0,1594870481.5290294
CYL_PRES_STAT,0,1594870481.59428
CYL_PRES_STAT,0,1594870481.602448
CYL_PRES_STAT,0,1594870481.6109939
CYL_PRES_STAT,0,1594870481.635194
CYL_PRES_STAT,0,1594870481.655589
CYL_PRES_STAT,0,1594870481.828092
CYL_PRES_STAT,0,1594870481.84005
CYL_PRES_STAT,0,1594870481.881349
CYL_PRES_STAT,0,1594870481.893413
CYL_PRES_STAT,0,1594870481.913658
CYL_PRES_STAT,0,1594870481.97507
CYL_PRES_STAT,0,1594870481.9837275
CYL_PRES_STAT,0,1594870482.004214
CYL_PRES_STAT,0,1594870482.069252
CYL_PRES_STAT,0,1594870482.212671
CYL_PRES_STAT,0,1594870482.233155
CYL_PRES_STAT,0,1594870482.241751
CYL_PRES_STAT,0,1594870482.253771
CYL_PRES_STAT,0,1594870482.2745118
CYL_PRES_STAT,0,1594870482.3272908
CYL_PRES_STAT,0,1594870482.3358998
CYL_PRES_STAT,0,1594870482.3561542
CYL_PRES_STAT,0,1594870482.3770616
CYL_PRES_STAT,0,1594870482.388863
CYL_PRES_STAT,0,1594870482.418147
CYL_PRES_STAT,0,1594870482.450364
CYL_PRES_STAT,0,1594870482.482947
CYL_PRES_STAT,0,1594870482.5447211
CYL_PRES_STAT,0,1594870482.585506
CYL_PRES_STAT,0,1594870482.6059651
CYL_PRES_STAT,0,1594870482.7205818
CYL_PRES_STAT,0,1594870482.794248
CYL_PRES_STAT,0,1594870482.8315911
CYL_PRES_STAT,0,1594870482.855757
CYL_PRES_STAT,0,1594870482.8763402
CYL_PRES_STAT,0,1594870482.917151
CYL_PRES_STAT,0,1594870483.019598
CYL_PRES_STAT,0,1594870483.081034
CYL_PRES_STAT,0,1594870483.102057
CYL_PRES_STAT,0,1594870483.1343029
CYL_PRES_STAT,0,1594870483.1751318
CYL_PRES_STAT,0,1594870483.2162306
CYL_PRES_STAT,0,1594870483.277602
CYL_PRES_STAT,0,1594870483.3922794
CYL_PRES_STAT,0,1594870483.4128768
CYL_PRES_STAT,0,1594870483.421543
CYL_PRES_STAT,0,1594870483.4540534
CYL_PRES_STAT,0,1594870483.46592
CYL_PRES_STAT,0,1594870483.474537
CYL_PRES_STAT,0,1594870483.495481
CYL_PRES_STAT,0,1594870483.6216118
CYL_PRES_STAT,0,1594870483.6830132
CYL_PRES_STAT,0,1594870483.7159119
CYL_PRES_STAT,0,1594870483.7240179
CYL_PRES_STAT,0,1594870483.744534
CYL_PRES_STAT,0,1594870483.7650301
CYL_PRES_STAT,0,1594870483.785465
CYL_PRES_STAT,0,1594870483.7943132
CYL_PRES_STAT,0,1594870483.8059762
CYL_PRES_STAT,0,1594870483.826675
CYL_PRES_STAT,0,1594870483.920585
CYL_PRES_STAT,0,1594870483.970256
CYL_PRES_STAT,0,1594870483.9906418
CYL_PRES_STAT,0,1594870484.002568
CYL_PRES_STAT,0,1594870484.011304
CYL_PRES_STAT,0,1594870484.035344
CYL_PRES_STAT,0,1594870484.043582
CYL_PRES_STAT,0,1594870484.113577
CYL_PRES_STAT,0,1594870484.167101
CYL_PRES_STAT,0,1594870484.199135
CYL_PRES_STAT,0,1594870484.272871
CYL_PRES_STAT,0,1594870484.2810738
CYL_PRES_STAT,0,1594870484.2935061
CYL_PRES_STAT,0,1594870484.3022768
CYL_PRES_STAT,0,1594870484.3428972
CYL_PRES_STAT,0,1594870484.3669682
CYL_PRES_STAT,0,1594870484.375705
CYL_PRES_STAT,0,1594870484.387486
CYL_PRES_STAT,0,1594870484.4044428
CYL_PRES_STAT,0,1594870484.4366891
CYL_PRES_STAT,0,1594870484.4452212
CYL_PRES_STAT,0,1594870484.477807
CYL_PRES_STAT,0,1594870484.510442
CYL_PRES_STAT,0,1594870484.5395439
CYL_PRES_STAT,0,1594870484.6008859
CYL_PRES_STAT,0,1594870484.612972
CYL_PRES_STAT,0,1594870484.6250694
CYL_PRES_STAT,0,1594870484.6373339
CYL_PRES_STAT,0,1594870484.654355
CYL_PRES_STAT,0,1594870484.686639
CYL_PRES_STAT,0,1594870484.695225
CYL_PRES_STAT,0,1594870484.7152598
CYL_PRES_STAT,0,1594870484.7889931
CYL_PRES_STAT,0,1594870484.871427
CYL_PRES_STAT,0,1594870484.883122
CYL_PRES_STAT,0,1594870484.903594
CYL_PRES_STAT,0,1594870484.924059
CYL_PRES_STAT,0,1594870484.944836
CYL_PRES_STAT,0,1594870484.953175
CYL_PRES_STAT,0,1594870484.965125
CYL_PRES_STAT,0,1594870484.985515
CYL_PRES_STAT,0,1594870485.1944695
CYL_PRES_STAT,0,1594870485.231663
CYL_PRES_STAT,0,1594870485.2558432
CYL_PRES_STAT,0,1594870485.2765708
CYL_PRES_STAT,0,1594870485.285284
CYL_PRES_STAT,0,1594870485.297055
CYL_PRES_STAT,0,1594870485.4402492
CYL_PRES_STAT,0,1594870485.4812849
CYL_PRES_STAT,0,1594870485.5056992
CYL_PRES_STAT,0,1594870485.5225446
CYL_PRES_STAT,0,1594870485.5344741
CYL_PRES_STAT,0,1594870485.5431929
CYL_PRES_STAT,0,1594870485.567174
CYL_PRES_STAT,0,1594870485.6163788
CYL_PRES_STAT,0,1594870485.6248431
CYL_PRES_STAT,0,1594870485.6368608
CYL_PRES_STAT,0,1594870485.649131
CYL_PRES_STAT,0,1594870485.690082
CYL_PRES_STAT,0,1594870485.77244
CYL_PRES_STAT,0,1594870485.7843869
CYL_PRES_STAT,0,1594870485.8129401
CYL_PRES_STAT,0,1594870485.8543
CYL_PRES_STAT,0,1594870485.8662348
CYL_PRES_STAT,0,1594870485.874727
CYL_PRES_STAT,0,1594870485.8951519
CYL_PRES_STAT,0,1594870485.9568472
CYL_PRES_STAT,0,1594870486.103808
CYL_PRES_STAT,0,1594870486.124178
CYL_PRES_STAT,0,1594870486.144825
CYL_PRES_STAT,0,1594870486.165416
CYL_PRES_STAT,0,1594870486.24706
CYL_PRES_STAT,0,1594870486.288574
CYL_PRES_STAT,0,1594870486.308921
CYL_PRES_STAT,0,1594870486.370303
CYL_PRES_STAT,0,1594870486.4150534
CYL_PRES_STAT,0,1594870486.435369
CYL_PRES_STAT,0,1594870486.476398
CYL_PRES_STAT,0,1594870486.497039
CYL_PRES_STAT,0,1594870486.611553
CYL_PRES_STAT,0,1594870486.661271
CYL_PRES_STAT,0,1594870486.681524
CYL_PRES_STAT,0,1594870486.7226849
CYL_PRES_STAT,0,1594870486.7430806
CYL_PRES_STAT,0,1594870486.7671618
CYL_PRES_STAT,0,1594870486.775893
CYL_PRES_STAT,0,1594870486.898825
CYL_PRES_STAT,0,1594870486.9190662
CYL_PRES_STAT,0,1594870486.980629
CYL_PRES_STAT,0,1594870486.992497
CYL_PRES_STAT,0,1594870487.013008
CYL_PRES_STAT,0,1594870487.025158
CYL_PRES_STAT,0,1594870487.1891751
CYL_PRES_STAT,0,1594870487.262783
CYL_PRES_STAT,0,1594870487.271507
CYL_PRES_STAT,0,1594870487.2833214
CYL_PRES_STAT,0,1594870487.304248
CYL_PRES_STAT,0,1594870487.3122828
CYL_PRES_STAT,0,1594870487.353294
CYL_PRES_STAT,0,1594870487.365225
CYL_PRES_STAT,0,1594870487.385699
CYL_PRES_STAT,0,1594870487.50892
CYL_PRES_STAT,0,1594870487.57399
CYL_PRES_STAT,0,1594870487.6029792
CYL_PRES_STAT,0,1594870487.6150026
CYL_PRES_STAT,0,1594870487.635479
CYL_PRES_STAT,0,1594870487.685361
CYL_PRES_STAT,0,1594870487.758374
CYL_PRES_STAT,0,1594870487.7789
CYL_PRES_STAT,0,1594870487.807837
CYL_PRES_STAT,0,1594870487.840426
CYL_PRES_STAT,0,1594870487.8525631
CYL_PRES_STAT,0,1594870487.8614972
CYL_PRES_STAT,0,1594870487.885273
CYL_PRES_STAT,0,1594870487.9022222
CYL_PRES_STAT,0,1594870487.9262662
CYL_PRES_STAT,0,1594870487.983912
CYL_PRES_STAT,0,1594870488.004458
CYL_PRES_STAT,0,1594870488.049175
CYL_PRES_STAT,0,1594870488.057709
CYL_PRES_STAT,0,1594870488.069684
CYL_PRES_STAT,0,1594870488.110688
CYL_PRES_STAT,0,1594870488.1517296
CYL_PRES_STAT,0,1594870488.172516
CYL_PRES_STAT,0,1594870488.184331
CYL_PRES_STAT,0,1594870488.1926632
CYL_PRES_STAT,0,1594870488.2334461
CYL_PRES_STAT,0,1594870488.2664099
CYL_PRES_STAT,0,1594870488.286758
CYL_PRES_STAT,0,1594870488.307213
CYL_PRES_STAT,0,1594870488.348193
CYL_PRES_STAT,0,1594870488.462826
CYL_PRES_STAT,0,1594870488.4833226
CYL_PRES_STAT,0,1594870488.503989
CYL_PRES_STAT,0,1594870488.524696
CYL_PRES_STAT,0,1594870488.544957
CYL_PRES_STAT,0,1594870488.565249
CYL_PRES_STAT,0,1594870488.618479
CYL_PRES_STAT,0,1594870488.62714
CYL_PRES_STAT,0,1594870488.6683118
CYL_PRES_STAT,0,1594870488.680175
CYL_PRES_STAT,0,1594870488.6884649
CYL_PRES_STAT,0,1594870488.700361
CYL_PRES_STAT,0,1594870488.753741
CYL_PRES_STAT,0,1594870488.765878
CYL_PRES_STAT,0,1594870488.7740312
CYL_PRES_STAT,0,1594870488.794572
CYL_PRES_STAT,0,1594870488.815209
CYL_PRES_STAT,0,1594870488.9055831
CYL_PRES_STAT,0,1594870488.9176114
CYL_PRES_STAT,0,1594870488.9993901
CYL_PRES_STAT,0,1594870489.126368
CYL_PRES_STAT,0,1594870489.155096
CYL_PRES_STAT,0,1594870489.1673422
CYL_PRES_STAT,0,1594870489.1760108
CYL_PRES_STAT,0,1594870489.3722591
CYL_PRES_STAT,0,1594870489.413547
CYL_PRES_STAT,0,1594870489.425409
CYL_PRES_STAT,0,1594870489.4376054
CYL_PRES_STAT,0,1594870489.4626508
CYL_PRES_STAT,0,1594870489.560519
CYL_PRES_STAT,0,1594870489.580976
CYL_PRES_STAT,0,1594870489.6424918
CYL_PRES_STAT,0,1594870489.683528
CYL_PRES_STAT,0,1594870489.7039778
CYL_PRES_STAT,0,1594870489.744892
CYL_PRES_STAT,0,1594870489.75709
CYL_PRES_STAT,0,1594870489.868288
CYL_PRES_STAT,0,1594870489.9536731
CYL_PRES_STAT,0,1594870489.962156
CYL_PRES_STAT,0,1594870489.994672
CYL_PRES_STAT,0,1594870490.015094
CYL_PRES_STAT,0,1594870490.035637
CYL_PRES_STAT,0,1594870490.056257
CYL_PRES_STAT,0,1594870490.1790476
CYL_PRES_STAT,0,1594870490.211782
CYL_PRES_STAT,0,1594870490.2204971
CYL_PRES_STAT,0,1594870490.2407439
CYL_PRES_STAT,0,1594870490.2613351
CYL_PRES_STAT,0,1594870490.2732036
CYL_PRES_STAT,0,1594870490.2855194
CYL_PRES_STAT,0,1594870490.293705
CYL_PRES_STAT,0,1594870490.302561
CYL_PRES_STAT,0,1594870490.326417
CYL_PRES_STAT,0,1594870490.335201
CYL_PRES_STAT,0,1594870490.3674722
CYL_PRES_STAT,0,1594870490.4493608
CYL_PRES_STAT,0,1594870490.457847
CYL_PRES_STAT,0,1594870490.469784
CYL_PRES_STAT,0,1594870490.6171286
CYL_PRES_STAT,0,1594870490.634079
CYL_PRES_STAT,0,1594870490.654473
CYL_PRES_STAT,0,1594870490.768884
CYL_PRES_STAT,0,1594870490.7810528
CYL_PRES_STAT,0,1594870490.842466
CYL_PRES_STAT,0,1594870490.916357
CYL_PRES_STAT,0,1594870490.924402
CYL_PRES_STAT,0,1594870491.006848
CYL_PRES_STAT,0,1594870491.026968
CYL_PRES_STAT,0,1594870491.068325
CYL_PRES_STAT,0,1594870491.080116
CYL_PRES_STAT,0,1594870491.088685
CYL_PRES_STAT,0,1594870491.129707
CYL_PRES_STAT,0,1594870491.162803
CYL_PRES_STAT,0,1594870491.174283
CYL_PRES_STAT,0,1594870491.194777
CYL_PRES_STAT,0,1594870491.244437
CYL_PRES_STAT,0,1594870491.256256
CYL_PRES_STAT,0,1594870491.3707619
CYL_PRES_STAT,0,1594870491.379141
CYL_PRES_STAT,0,1594870491.4446142
CYL_PRES_STAT,0,1594870491.4614248
CYL_PRES_STAT,0,1594870491.4945114
CYL_PRES_STAT,0,1594870491.506068
CYL_PRES_STAT,0,1594870491.526576
CYL_PRES_STAT,0,1594870491.546958
CYL_PRES_STAT,0,1594870491.5762482
CYL_PRES_STAT,0,1594870491.5879009
CYL_PRES_STAT,0,1594870491.608459
CYL_PRES_STAT,0,1594870491.661765
CYL_PRES_STAT,0,1594870491.776513
CYL_PRES_STAT,0,1594870491.796832
CYL_PRES_STAT,0,1594870491.817214
CYL_PRES_STAT,0,1594870491.8546119
CYL_PRES_STAT,0,1594870491.8750432
CYL_PRES_STAT,0,1594870491.8869948
CYL_PRES_STAT,0,1594870491.928107
CYL_PRES_STAT,0,1594870491.9401731
CYL_PRES_STAT,0,1594870491.9606938
CYL_PRES_STAT,0,1594870491.968891
CYL_PRES_STAT,0,1594870491.981184
CYL_PRES_STAT,0,1594870492.022208
CYL_PRES_STAT,0,1594870492.042667
CYL_PRES_STAT,0,1594870492.063481
CYL_PRES_STAT,0,1594870492.075378
CYL_PRES_STAT,0,1594870492.124658
CYL_PRES_STAT,0,1594870492.1450481
CYL_PRES_STAT,0,1594870492.1572368
CYL_PRES_STAT,0,1594870492.2801929
CYL_PRES_STAT,0,1594870492.321475
CYL_PRES_STAT,0,1594870492.3336241
CYL_PRES_STAT,0,1594870492.374395
CYL_PRES_STAT,0,1594870492.394797
CYL_PRES_STAT,0,1594870492.403586
CYL_PRES_STAT,0,1594870492.415424
CYL_PRES_STAT,0,1594870492.444466
CYL_PRES_STAT,0,1594870492.4563901
CYL_PRES_STAT,0,1594870492.591357
CYL_PRES_STAT,0,1594870492.6446452
CYL_PRES_STAT,0,1594870492.653378
CYL_PRES_STAT,0,1594870492.661758
CYL_PRES_STAT,0,1594870492.6856608
CYL_PRES_STAT,0,1594870492.702572
CYL_PRES_STAT,0,1594870492.7265232
CYL_PRES_STAT,0,1594870492.767615
CYL_PRES_STAT,0,1594870492.796549
CYL_PRES_STAT,0,1594870492.817118
CYL_PRES_STAT,0,1594870493.013728
CYL_PRES_STAT,0,1594870493.034346
CYL_PRES_STAT,0,1594870493.046039
CYL_PRES_STAT,0,1594870493.054694
CYL_PRES_STAT,0,1594870493.066601
CYL_PRES_STAT,0,1594870493.119652
CYL_PRES_STAT,0,1594870493.222215
CYL_PRES_STAT,0,1594870493.2631838
CYL_PRES_STAT,0,1594870493.283991
CYL_PRES_STAT,0,1594870493.304252
CYL_PRES_STAT,0,1594870493.316351
CYL_PRES_STAT,0,1594870493.3249679
CYL_PRES_STAT,0,1594870493.3572512
CYL_PRES_STAT,0,1594870493.4186401
CYL_PRES_STAT,0,1594870493.439299
CYL_PRES_STAT,0,1594870493.4477859
CYL_PRES_STAT,0,1594870493.533642
CYL_PRES_STAT,0,1594870493.5539331
CYL_PRES_STAT,0,1594870493.5625439
CYL_PRES_STAT,0,1594870493.574462
CYL_PRES_STAT,0,1594870493.63585
CYL_PRES_STAT,0,1594870493.6443908
CYL_PRES_STAT,0,1594870493.656364
CYL_PRES_STAT,0,1594870493.824206
CYL_PRES_STAT,0,1594870493.832345
CYL_PRES_STAT,0,1594870493.840941
CYL_PRES_STAT,0,1594870493.885728
CYL_PRES_STAT,0,1594870493.9062052
CYL_PRES_STAT,0,1594870493.9266956
CYL_PRES_STAT,0,1594870493.996682
CYL_PRES_STAT,0,1594870494.111244
CYL_PRES_STAT,0,1594870494.11947
CYL_PRES_STAT,0,1594870494.135467
CYL_PRES_STAT,0,1594870494.1441002
CYL_PRES_STAT,0,1594870494.156087
CYL_PRES_STAT,0,1594870494.1727571
CYL_PRES_STAT,0,1594870494.193266
CYL_PRES_STAT,0,1594870494.213769
CYL_PRES_STAT,0,1594870494.225885
CYL_PRES_STAT,0,1594870494.340281
CYL_PRES_STAT,0,1594870494.3609712
CYL_PRES_STAT,0,1594870494.3691149
CYL_PRES_STAT,0,1594870494.4223528
CYL_PRES_STAT,0,1594870494.4428349
CYL_PRES_STAT,0,1594870494.463356
CYL_PRES_STAT,0,1594870494.471915
CYL_PRES_STAT,0,1594870494.483662
CYL_PRES_STAT,0,1594870494.5131662
CYL_PRES_STAT,0,1594870494.52474
CYL_PRES_STAT,0,1594870494.545132
CYL_PRES_STAT,0,1594870494.6598241
CYL_PRES_STAT,0,1594870494.6686132
CYL_PRES_STAT,0,1594870494.7744489
CYL_PRES_STAT,0,1594870494.7950554
CYL_PRES_STAT,0,1594870494.8038151
CYL_PRES_STAT,0,1594870494.815434
CYL_PRES_STAT,0,1594870495.024319
CYL_PRES_STAT,0,1594870495.044914
CYL_PRES_STAT,0,1594870495.053429
CYL_PRES_STAT,0,1594870495.065282
CYL_PRES_STAT,0,1594870495.073483
CYL_PRES_STAT,0,1594870495.0825381
CYL_PRES_STAT,0,1594870495.106178
CYL_PRES_STAT,0,1594870495.2291882
CYL_PRES_STAT,0,1594870495.311786
CYL_PRES_STAT,0,1594870495.3354726
CYL_PRES_STAT,0,1594870495.356096
CYL_PRES_STAT,0,1594870495.3969312
CYL_PRES_STAT,0,1594870495.413862
CYL_PRES_STAT,0,1594870495.6428618
CYL_PRES_STAT,0,1594870495.663404
CYL_PRES_STAT,0,1594870495.7164571
CYL_PRES_STAT,0,1594870495.7664518
CYL_PRES_STAT,0,1594870495.831072
CYL_PRES_STAT,0,1594870495.8685582
CYL_PRES_STAT,0,1594870495.913158
CYL_PRES_STAT,0,1594870495.92127
CYL_PRES_STAT,0,1594870495.933548
CYL_PRES_STAT,0,1594870495.9541838
CYL_PRES_STAT,0,1594870495.9748259
CYL_PRES_STAT,0,1594870495.9833288
CYL_PRES_STAT,0,1594870495.99506
CYL_PRES_STAT,0,1594870496.0157351
CYL_PRES_STAT,0,1594870496.056525
CYL_PRES_STAT,0,1594870496.065302
CYL_PRES_STAT,0,1594870496.0770216
CYL_PRES_STAT,0,1594870496.0892
CYL_PRES_STAT,0,1594870496.150773
CYL_PRES_STAT,0,1594870496.1593568
CYL_PRES_STAT,0,1594870496.200574
CYL_PRES_STAT,0,1594870496.212114
CYL_PRES_STAT,0,1594870496.220663
CYL_PRES_STAT,0,1594870496.273531
CYL_PRES_STAT,0,1594870496.28581
CYL_PRES_STAT,0,1594870496.2940712
CYL_PRES_STAT,0,1594870496.306338
CYL_PRES_STAT,0,1594870496.335034
CYL_PRES_STAT,0,1594870496.3472881
CYL_PRES_STAT,0,1594870496.367798
CYL_PRES_STAT,0,1594870496.376478
CYL_PRES_STAT,0,1594870496.42913
CYL_PRES_STAT,0,1594870496.449677
CYL_PRES_STAT,0,1594870496.5323386
CYL_PRES_STAT,0,1594870496.5560784
CYL_PRES_STAT,0,1594870496.5766454
CYL_PRES_STAT,0,1594870496.6140099
CYL_PRES_STAT,0,1594870496.740371
CYL_PRES_STAT,0,1594870496.802036
CYL_PRES_STAT,0,1594870497.0275311
CYL_PRES_STAT,0,1594870497.0395386
CYL_PRES_STAT,0,1594870497.051636
CYL_PRES_STAT,0,1594870497.1132438
CYL_PRES_STAT,0,1594870497.133704
CYL_PRES_STAT,0,1594870497.154138
CYL_PRES_STAT,0,1594870497.174558
CYL_PRES_STAT,0,1594870497.19524
CYL_PRES_STAT,0,1594870497.203678
CYL_PRES_STAT,0,1594870497.21551
CYL_PRES_STAT,0,1594870497.236083
CYL_PRES_STAT,0,1594870497.330271
CYL_PRES_STAT,0,1594870497.3507671
CYL_PRES_STAT,0,1594870497.35939
CYL_PRES_STAT,0,1594870497.420922
CYL_PRES_STAT,0,1594870497.4536068
CYL_PRES_STAT,0,1594870497.4654632
CYL_PRES_STAT,0,1594870497.494066
CYL_PRES_STAT,0,1594870497.526964
CYL_PRES_STAT,0,1594870497.5767732
CYL_PRES_STAT,0,1594870497.617538
CYL_PRES_STAT,0,1594870497.629347
CYL_PRES_STAT,0,1594870497.649888
CYL_PRES_STAT,0,1594870497.702948
CYL_PRES_STAT,0,1594870497.711537
CYL_PRES_STAT,0,1594870497.7320619
CYL_PRES_STAT,0,1594870497.752706
CYL_PRES_STAT,0,1594870497.797188
CYL_PRES_STAT,0,1594870497.899554
CYL_PRES_STAT,0,1594870498.031134
CYL_PRES_STAT,0,1594870498.0640829
CYL_PRES_STAT,0,1594870498.0843232
CYL_PRES_STAT,0,1594870498.104701
CYL_PRES_STAT,0,1594870498.1166801
CYL_PRES_STAT,0,1594870498.207126
CYL_PRES_STAT,0,1594870498.2279289
CYL_PRES_STAT,0,1594870498.3132179
CYL_PRES_STAT,0,1594870498.3337321
CYL_PRES_STAT,0,1594870498.354711
CYL_PRES_STAT,0,1594870498.374668
CYL_PRES_STAT,0,1594870498.415666
CYL_PRES_STAT,0,1594870498.4361026
CYL_PRES_STAT,0,1594870498.4450538
CYL_PRES_STAT,0,1594870498.4773068
CYL_PRES_STAT,0,1594870498.518196
CYL_PRES_STAT,0,1594870498.538625
CYL_PRES_STAT,0,1594870498.620909
CYL_PRES_STAT,0,1594870498.6413598
CYL_PRES_STAT,0,1594870498.673682
CYL_PRES_STAT,0,1594870498.682183
CYL_PRES_STAT,0,1594870498.70642
CYL_PRES_STAT,0,1594870498.7270534
CYL_PRES_STAT,0,1594870498.7473762
CYL_PRES_STAT,0,1594870498.755751
CYL_PRES_STAT,0,1594870498.7766132
CYL_PRES_STAT,0,1594870498.9357178
CYL_PRES_STAT,0,1594870498.944406
CYL_PRES_STAT,0,1594870498.956291
CYL_PRES_STAT,0,1594870498.97303
CYL_PRES_STAT,0,1594870498.997201
CYL_PRES_STAT,0,1594870499.120111
CYL_PRES_STAT,0,1594870499.140569
CYL_PRES_STAT,0,1594870499.190264
CYL_PRES_STAT,0,1594870499.2229722
CYL_PRES_STAT,0,1594870499.243547
CYL_PRES_STAT,0,1594870499.28405
CYL_PRES_STAT,0,1594870499.3044689
CYL_PRES_STAT,0,1594870499.324969
CYL_PRES_STAT,0,1594870499.492935
CYL_PRES_STAT,0,1594870499.5010118
CYL_PRES_STAT,0,1594870499.554332
CYL_PRES_STAT,0,1594870499.574786
CYL_PRES_STAT,0,1594870499.6075046
CYL_PRES_STAT,0,1594870499.615864
CYL_PRES_STAT,0,1594870499.709944
CYL_PRES_STAT,0,1594870499.7182322
CYL_PRES_STAT,0,1594870499.780108
CYL_PRES_STAT,0,1594870499.8004534
CYL_PRES_STAT,0,1594870499.8244839
CYL_PRES_STAT,0,1594870499.845092
CYL_PRES_STAT,0,1594870499.865848
CYL_PRES_STAT,0,1594870499.926955
CYL_PRES_STAT,0,1594870499.935555
CYL_PRES_STAT,0,1594870500.008936
CYL_PRES_STAT,0,1594870500.094867
CYL_PRES_STAT,0,1594870500.1116881
CYL_PRES_STAT,0,1594870500.132004
CYL_PRES_STAT,0,1594870500.1768794
CYL_PRES_STAT,0,1594870500.1850061
CYL_PRES_STAT,0,1594870500.19411
CYL_PRES_STAT,0,1594870500.217717
CYL_PRES_STAT,0,1594870500.3079536
CYL_PRES_STAT,0,1594870500.328455
CYL_PRES_STAT,0,1594870500.369901
CYL_PRES_STAT,0,1594870500.4226491
CYL_PRES_STAT,0,1594870500.434714
CYL_PRES_STAT,0,1594870500.443729
CYL_PRES_STAT,0,1594870500.464053
CYL_PRES_STAT,0,1594870500.484038
CYL_PRES_STAT,0,1594870500.496211
CYL_PRES_STAT,0,1594870500.5044641
CYL_PRES_STAT,0,1594870500.54577
CYL_PRES_STAT,0,1594870500.619174
CYL_PRES_STAT,0,1594870500.627712
CYL_PRES_STAT,0,1594870500.6807039
CYL_PRES_STAT,0,1594870500.689327
CYL_PRES_STAT,0,1594870500.7133482
CYL_PRES_STAT,0,1594870500.8239858
CYL_PRES_STAT,0,1594870501.004145
CYL_PRES_STAT,0,1594870501.012728
CYL_PRES_STAT,0,1594870501.024592
CYL_PRES_STAT,0,1594870501.0415108
CYL_PRES_STAT,0,1594870501.0657759
CYL_PRES_STAT,0,1594870501.0860891
CYL_PRES_STAT,0,1594870501.0945976
CYL_PRES_STAT,0,1594870501.106644
CYL_PRES_STAT,0,1594870501.229485
CYL_PRES_STAT,0,1594870501.3117929
CYL_PRES_STAT,0,1594870501.332365
CYL_PRES_STAT,0,1594870501.344341
CYL_PRES_STAT,0,1594870501.352842
CYL_PRES_STAT,0,1594870501.376829
CYL_PRES_STAT,0,1594870501.426029
CYL_PRES_STAT,0,1594870501.487575
CYL_PRES_STAT,0,1594870501.5079098
CYL_PRES_STAT,0,1594870501.528491
CYL_PRES_STAT,0,1594870501.593871
CYL_PRES_STAT,0,1594870501.6022668
CYL_PRES_STAT,0,1594870501.6228712
CYL_PRES_STAT,0,1594870501.6431868
CYL_PRES_STAT,0,1594870501.684743
CYL_PRES_STAT,0,1594870501.704863
CYL_PRES_STAT,0,1594870501.72502
CYL_PRES_STAT,0,1594870501.737298
CYL_PRES_STAT,0,1594870501.933989
CYL_PRES_STAT,0,1594870501.9546292
CYL_PRES_STAT,0,1594870501.974931
CYL_PRES_STAT,0,1594870502.0158432
CYL_PRES_STAT,0,1594870502.109994
CYL_PRES_STAT,0,1594870502.1182868
CYL_PRES_STAT,0,1594870502.1390872
CYL_PRES_STAT,0,1594870502.1510668
CYL_PRES_STAT,0,1594870502.180202
CYL_PRES_STAT,0,1594870502.200439
CYL_PRES_STAT,0,1594870502.2246132
CYL_PRES_STAT,0,1594870502.2453651
CYL_PRES_STAT,0,1594870502.253819
CYL_PRES_STAT,0,1594870502.306783
CYL_PRES_STAT,0,1594870502.327019
CYL_PRES_STAT,0,1594870502.335215
CYL_PRES_STAT,0,1594870502.4295008
CYL_PRES_STAT,0,1594870502.491316
CYL_PRES_STAT,0,1594870502.503217
CYL_PRES_STAT,0,1594870502.512192
CYL_PRES_STAT,0,1594870502.532194
CYL_PRES_STAT,0,1594870502.552743
CYL_PRES_STAT,0,1594870502.573348
CYL_PRES_STAT,0,1594870502.58516
CYL_PRES_STAT,0,1594870502.5944211
CYL_PRES_STAT,0,1594870502.720293
CYL_PRES_STAT,0,1594870502.740724
CYL_PRES_STAT,0,1594870502.835059
CYL_PRES_STAT,0,1594870502.843234
CYL_PRES_STAT,0,1594870502.863793
CYL_PRES_STAT,0,1594870502.884203
CYL_PRES_STAT,0,1594870502.905001
CYL_PRES_STAT,0,1594870502.9783092
CYL_PRES_STAT,0,1594870503.007364
CYL_PRES_STAT,0,1594870503.0484748
CYL_PRES_STAT,0,1594870503.0807788
CYL_PRES_STAT,0,1594870503.093035
CYL_PRES_STAT,0,1594870503.133879
CYL_PRES_STAT,0,1594870503.1425269
CYL_PRES_STAT,0,1594870503.183595
CYL_PRES_STAT,0,1594870503.215967
CYL_PRES_STAT,0,1594870503.3183649
CYL_PRES_STAT,0,1594870503.3307376
CYL_PRES_STAT,0,1594870503.383749
CYL_PRES_STAT,0,1594870503.404356
CYL_PRES_STAT,0,1594870503.4125311
CYL_PRES_STAT,0,1594870503.445183
CYL_PRES_STAT,0,1594870503.465848
CYL_PRES_STAT,0,1594870503.486227
CYL_PRES_STAT,0,1594870503.506759
CYL_PRES_STAT,0,1594870503.535426
CYL_PRES_STAT,0,1594870503.617625
CYL_PRES_STAT,0,1594870503.629786
CYL_PRES_STAT,0,1594870503.650132
CYL_PRES_STAT,0,1594870503.691537
CYL_PRES_STAT,0,1594870503.723711
CYL_PRES_STAT,0,1594870503.732251
CYL_PRES_STAT,0,1594870503.7444382
CYL_PRES_STAT,0,1594870503.752792
CYL_PRES_STAT,0,1594870503.8144429
CYL_PRES_STAT,0,1594870503.9082296
CYL_PRES_STAT,0,1594870503.920371
CYL_PRES_STAT,0,1594870503.982259
CYL_PRES_STAT,0,1594870503.9943519
CYL_PRES_STAT,0,1594870504.003005
CYL_PRES_STAT,0,1594870504.011039
CYL_PRES_STAT,0,1594870504.022839
CYL_PRES_STAT,0,1594870504.031415
CYL_PRES_STAT,0,1594870504.064214
CYL_PRES_STAT,0,1594870504.084244
CYL_PRES_STAT,0,1594870504.105073
CYL_PRES_STAT,0,1594870504.137381
CYL_PRES_STAT,0,1594870504.219369
CYL_PRES_STAT,0,1594870504.2931108
CYL_PRES_STAT,0,1594870504.322243
CYL_PRES_STAT,0,1594870504.334133
CYL_PRES_STAT,0,1594870504.3752398
CYL_PRES_STAT,0,1594870504.416109
CYL_PRES_STAT,0,1594870504.510147
CYL_PRES_STAT,0,1594870504.519042
CYL_PRES_STAT,0,1594870504.58048
CYL_PRES_STAT,0,1594870504.6008599
CYL_PRES_STAT,0,1594870504.621182
CYL_PRES_STAT,0,1594870504.6453068
CYL_PRES_STAT,0,1594870504.6539571
CYL_PRES_STAT,0,1594870504.694531
CYL_PRES_STAT,0,1594870504.7066932
CYL_PRES_STAT,0,1594870504.891138
CYL_PRES_STAT,0,1594870504.903397
CYL_PRES_STAT,0,1594870504.911768
CYL_PRES_STAT,0,1594870504.9565928
CYL_PRES_STAT,0,1594870504.973023
CYL_PRES_STAT,0,1594870505.005806
CYL_PRES_STAT,0,1594870505.0143778
CYL_PRES_STAT,0,1594870505.0879116
CYL_PRES_STAT,0,1594870505.096241
CYL_PRES_STAT,0,1594870505.161429
CYL_PRES_STAT,0,1594870505.2023618
CYL_PRES_STAT,0,1594870505.223159
CYL_PRES_STAT,0,1594870505.2473779
CYL_PRES_STAT,0,1594870505.252191
CYL_PRES_STAT,0,1594870505.263832
CYL_PRES_STAT,0,1594870505.2847009
CYL_PRES_STAT,0,1594870505.407457
CYL_PRES_STAT,0,1594870505.439882
CYL_PRES_STAT,0,1594870505.481335
CYL_PRES_STAT,0,1594870505.513698
CYL_PRES_STAT,0,1594870505.534074
CYL_PRES_STAT,0,1594870505.543102
CYL_PRES_STAT,0,1594870505.575182
CYL_PRES_STAT,0,1594870505.595813
CYL_PRES_STAT,0,1594870505.616103
CYL_PRES_STAT,0,1594870505.78025
CYL_PRES_STAT,0,1594870505.800873
CYL_PRES_STAT,0,1594870505.824877
CYL_PRES_STAT,0,1594870505.841686
CYL_PRES_STAT,0,1594870505.865849
CYL_PRES_STAT,0,1594870505.886411
CYL_PRES_STAT,0,1594870505.906854
CYL_PRES_STAT,0,1594870505.989179
CYL_PRES_STAT,0,1594870506.0911946
CYL_PRES_STAT,0,1594870506.112523
CYL_PRES_STAT,0,1594870506.1324742
CYL_PRES_STAT,0,1594870506.1444151
CYL_PRES_STAT,0,1594870506.152972
CYL_PRES_STAT,0,1594870506.1772141
CYL_PRES_STAT,0,1594870506.328703
CYL_PRES_STAT,0,1594870506.3819962
CYL_PRES_STAT,0,1594870506.3942466
CYL_PRES_STAT,0,1594870506.403024
CYL_PRES_STAT,0,1594870506.431734
CYL_PRES_STAT,0,1594870506.464365
CYL_PRES_STAT,0,1594870506.4851391
CYL_PRES_STAT,0,1594870506.5871189
CYL_PRES_STAT,0,1594870506.5990686
CYL_PRES_STAT,0,1594870506.607799
CYL_PRES_STAT,0,1594870506.6194296
CYL_PRES_STAT,0,1594870506.672652
CYL_PRES_STAT,0,1594870506.7225099
CYL_PRES_STAT,0,1594870506.734202
CYL_PRES_STAT,0,1594870506.7429838
CYL_PRES_STAT,0,1594870506.7546306
CYL_PRES_STAT,0,1594870506.9186866
CYL_PRES_STAT,0,1594870506.983849
CYL_PRES_STAT,0,1594870507.00444
CYL_PRES_STAT,0,1594870507.025067
CYL_PRES_STAT,0,1594870507.0454662
CYL_PRES_STAT,0,1594870507.106817
CYL_PRES_STAT,0,1594870507.2711306
CYL_PRES_STAT,0,1594870507.291496
CYL_PRES_STAT,0,1594870507.30347
CYL_PRES_STAT,0,1594870507.311876
CYL_PRES_STAT,0,1594870507.352908
CYL_PRES_STAT,0,1594870507.37349
CYL_PRES_STAT,0,1594870507.385356
CYL_PRES_STAT,0,1594870507.39769
CYL_PRES_STAT,0,1594870507.446916
CYL_PRES_STAT,0,1594870507.570166
CYL_PRES_STAT,0,1594870507.5904381
CYL_PRES_STAT,0,1594870507.602475
CYL_PRES_STAT,0,1594870507.6233542
CYL_PRES_STAT,0,1594870507.6436749
CYL_PRES_STAT,0,1594870507.664583
CYL_PRES_STAT,0,1594870507.725869
CYL_PRES_STAT,0,1594870507.745919
CYL_PRES_STAT,0,1594870507.872803
CYL_PRES_STAT,0,1594870507.881535
CYL_PRES_STAT,0,1594870507.8933902
CYL_PRES_STAT,0,1594870507.913779
CYL_PRES_STAT,0,1594870507.963292
CYL_PRES_STAT,0,1594870508.0161226
CYL_PRES_STAT,0,1594870508.0863626
CYL_PRES_STAT,0,1594870508.1065788
CYL_PRES_STAT,0,1594870508.118657
CYL_PRES_STAT,0,1594870508.1804314
CYL_PRES_STAT,0,1594870508.2250302
CYL_PRES_STAT,0,1594870508.245579
CYL_PRES_STAT,0,1594870508.266017
CYL_PRES_STAT,0,1594870508.286502
CYL_PRES_STAT,0,1594870508.295069
CYL_PRES_STAT,0,1594870508.388826
CYL_PRES_STAT,0,1594870508.409503
CYL_PRES_STAT,0,1594870508.429904
CYL_PRES_STAT,0,1594870508.4384806
CYL_PRES_STAT,0,1594870508.4953294
CYL_PRES_STAT,0,1594870508.500326
CYL_PRES_STAT,0,1594870508.5158556
CYL_PRES_STAT,0,1594870508.5327418
CYL_PRES_STAT,0,1594870508.544534
CYL_PRES_STAT,0,1594870508.55328
CYL_PRES_STAT,0,1594870508.5976279
CYL_PRES_STAT,0,1594870508.7205582
CYL_PRES_STAT,0,1594870508.7943769
CYL_PRES_STAT,0,1594870508.8641381
CYL_PRES_STAT,0,1594870508.884562
CYL_PRES_STAT,0,1594870508.905001
CYL_PRES_STAT,0,1594870508.99909
CYL_PRES_STAT,0,1594870509.0728211
CYL_PRES_STAT,0,1594870509.09344
CYL_PRES_STAT,0,1594870509.113919
CYL_PRES_STAT,0,1594870509.122163
CYL_PRES_STAT,0,1594870509.134331
CYL_PRES_STAT,0,1594870509.154733
CYL_PRES_STAT,0,1594870509.175324
CYL_PRES_STAT,0,1594870509.195884
CYL_PRES_STAT,0,1594870509.318601
CYL_PRES_STAT,0,1594870509.371906
CYL_PRES_STAT,0,1594870509.3801892
CYL_PRES_STAT,0,1594870509.401237
CYL_PRES_STAT,0,1594870509.421441
CYL_PRES_STAT,0,1594870509.442112
CYL_PRES_STAT,0,1594870509.4865608
CYL_PRES_STAT,0,1594870509.506926
CYL_PRES_STAT,0,1594870509.547992
CYL_PRES_STAT,0,1594870509.609437
CYL_PRES_STAT,0,1594870509.671214
CYL_PRES_STAT,0,1594870509.6913862
CYL_PRES_STAT,0,1594870509.7035651
CYL_PRES_STAT,0,1594870509.7328491
CYL_PRES_STAT,0,1594870509.75312
CYL_PRES_STAT,0,1594870509.7735732
CYL_PRES_STAT,0,1594870509.7977939
CYL_PRES_STAT,0,1594870509.8146038
CYL_PRES_STAT,0,1594870509.887945
CYL_PRES_STAT,0,1594870510.003309
CYL_PRES_STAT,0,1594870510.011328
CYL_PRES_STAT,0,1594870510.0231106
CYL_PRES_STAT,0,1594870510.031996
CYL_PRES_STAT,0,1594870510.043753
CYL_PRES_STAT,0,1594870510.064658
CYL_PRES_STAT,0,1594870510.2196622
CYL_PRES_STAT,0,1594870510.2284439
CYL_PRES_STAT,0,1594870510.272964
CYL_PRES_STAT,0,1594870510.2815292
CYL_PRES_STAT,0,1594870510.2935429
CYL_PRES_STAT,0,1594870510.3140008
CYL_PRES_STAT,0,1594870510.322253
CYL_PRES_STAT,0,1594870510.375402
CYL_PRES_STAT,0,1594870510.580502
CYL_PRES_STAT,0,1594870510.613307
CYL_PRES_STAT,0,1594870510.6214461
CYL_PRES_STAT,0,1594870510.6423118
CYL_PRES_STAT,0,1594870510.666019
CYL_PRES_STAT,0,1594870510.695324
CYL_PRES_STAT,0,1594870510.8503866
CYL_PRES_STAT,0,1594870510.8592908
CYL_PRES_STAT,0,1594870510.891349
CYL_PRES_STAT,0,1594870510.911985
CYL_PRES_STAT,0,1594870510.932601
CYL_PRES_STAT,0,1594870510.9528918
CYL_PRES_STAT,0,1594870511.046976
CYL_PRES_STAT,0,1594870511.1822786
CYL_PRES_STAT,0,1594870511.190748
CYL_PRES_STAT,0,1594870511.202718
CYL_PRES_STAT,0,1594870511.223225
CYL_PRES_STAT,0,1594870511.243906
CYL_PRES_STAT,0,1594870511.2729108
CYL_PRES_STAT,0,1594870511.3256788
CYL_PRES_STAT,0,1594870511.4402492
CYL_PRES_STAT,0,1594870511.513963
CYL_PRES_STAT,0,1594870511.5346284
CYL_PRES_STAT,0,1594870511.554993
CYL_PRES_STAT,0,1594870511.575568
CYL_PRES_STAT,0,1594870511.595881
CYL_PRES_STAT,0,1594870511.718812
CYL_PRES_STAT,0,1594870511.751529
CYL_PRES_STAT,0,1594870511.780853
CYL_PRES_STAT,0,1594870511.801557
CYL_PRES_STAT,0,1594870511.886654
CYL_PRES_STAT,0,1594870511.903582
CYL_PRES_STAT,0,1594870511.9277198
CYL_PRES_STAT,0,1594870511.9564204
CYL_PRES_STAT,0,1594870512.038604
CYL_PRES_STAT,0,1594870512.091585
CYL_PRES_STAT,0,1594870512.112096
CYL_PRES_STAT,0,1594870512.132462
CYL_PRES_STAT,0,1594870512.153337
CYL_PRES_STAT,0,1594870512.1774788
CYL_PRES_STAT,0,1594870512.1944098
CYL_PRES_STAT,0,1594870512.2150886
CYL_PRES_STAT,0,1594870512.296782
CYL_PRES_STAT,0,1594870512.329218
CYL_PRES_STAT,0,1594870512.382211
CYL_PRES_STAT,0,1594870512.411024
CYL_PRES_STAT,0,1594870512.423232
CYL_PRES_STAT,0,1594870512.431753
CYL_PRES_STAT,0,1594870512.4523
CYL_PRES_STAT,0,1594870512.4643712
CYL_PRES_STAT,0,1594870512.505249
CYL_PRES_STAT,0,1594870512.525791
CYL_PRES_STAT,0,1594870512.534646
CYL_PRES_STAT,0,1594870512.619806
CYL_PRES_STAT,0,1594870512.628335
CYL_PRES_STAT,0,1594870512.681947
CYL_PRES_STAT,0,1594870512.714071
CYL_PRES_STAT,0,1594870512.7427998
CYL_PRES_STAT,0,1594870512.767199
CYL_PRES_STAT,0,1594870512.775522
CYL_PRES_STAT,0,1594870512.918796
CYL_PRES_STAT,0,1594870513.0129998
CYL_PRES_STAT,0,1594870513.045846
CYL_PRES_STAT,0,1594870513.054008
CYL_PRES_STAT,0,1594870513.062577
CYL_PRES_STAT,0,1594870513.0866551
CYL_PRES_STAT,0,1594870513.095125
CYL_PRES_STAT,0,1594870513.107157
CYL_PRES_STAT,0,1594870513.1891448
CYL_PRES_STAT,0,1594870513.209547
CYL_PRES_STAT,0,1594870513.291576
CYL_PRES_STAT,0,1594870513.312125
CYL_PRES_STAT,0,1594870513.333179
CYL_PRES_STAT,0,1594870513.344795
CYL_PRES_STAT,0,1594870513.394502
CYL_PRES_STAT,0,1594870513.4145539
CYL_PRES_STAT,0,1594870513.4353821
CYL_PRES_STAT,0,1594870513.4471092
CYL_PRES_STAT,0,1594870513.4558988
CYL_PRES_STAT,0,1594870513.467806
CYL_PRES_STAT,0,1594870513.549702
CYL_PRES_STAT,0,1594870513.62323
CYL_PRES_STAT,0,1594870513.644643
CYL_PRES_STAT,0,1594870513.6524546
CYL_PRES_STAT,0,1594870513.6643028
CYL_PRES_STAT,0,1594870513.6846678
CYL_PRES_STAT,0,1594870513.7053
CYL_PRES_STAT,0,1594870513.725788
CYL_PRES_STAT,0,1594870513.795686
CYL_PRES_STAT,0,1594870513.8403
CYL_PRES_STAT,0,1594870513.860836
CYL_PRES_STAT,0,1594870513.914167
CYL_PRES_STAT,0,1594870513.922709
CYL_PRES_STAT,0,1594870513.9345634
CYL_PRES_STAT,0,1594870513.955144
CYL_PRES_STAT,0,1594870513.9633632
CYL_PRES_STAT,0,1594870513.975504
CYL_PRES_STAT,0,1594870513.9960582
CYL_PRES_STAT,0,1594870514.0167382
CYL_PRES_STAT,0,1594870514.201685
CYL_PRES_STAT,0,1594870514.221744
CYL_PRES_STAT,0,1594870514.2422938
CYL_PRES_STAT,0,1594870514.2831008
CYL_PRES_STAT,0,1594870514.3036
CYL_PRES_STAT,0,1594870514.327764
CYL_PRES_STAT,0,1594870514.4266722
CYL_PRES_STAT,0,1594870514.4506726
CYL_PRES_STAT,0,1594870514.479836
CYL_PRES_STAT,0,1594870514.532602
CYL_PRES_STAT,0,1594870514.553545
CYL_PRES_STAT,0,1594870514.5741398
CYL_PRES_STAT,0,1594870514.585897
CYL_PRES_STAT,0,1594870514.615356
CYL_PRES_STAT,0,1594870514.737922
CYL_PRES_STAT,0,1594870514.8356972
CYL_PRES_STAT,0,1594870514.84389
CYL_PRES_STAT,0,1594870514.9053829
CYL_PRES_STAT,0,1594870514.914158
CYL_PRES_STAT,0,1594870514.925952
CYL_PRES_STAT,0,1594870515.02828
CYL_PRES_STAT,0,1594870515.0939279
CYL_PRES_STAT,0,1594870515.1109688
CYL_PRES_STAT,0,1594870515.155164
CYL_PRES_STAT,0,1594870515.163723
CYL_PRES_STAT,0,1594870515.1755538
CYL_PRES_STAT,0,1594870515.196112
CYL_PRES_STAT,0,1594870515.237024
CYL_PRES_STAT,0,1594870515.3189368
CYL_PRES_STAT,0,1594870515.348324
CYL_PRES_STAT,0,1594870515.360229
CYL_PRES_STAT,0,1594870515.413341
CYL_PRES_STAT,0,1594870515.421484
CYL_PRES_STAT,0,1594870515.4421482
CYL_PRES_STAT,0,1594870515.462822
CYL_PRES_STAT,0,1594870515.4831429
CYL_PRES_STAT,0,1594870515.495218
CYL_PRES_STAT,0,1594870515.5565262
CYL_PRES_STAT,0,1594870515.5978382
CYL_PRES_STAT,0,1594870515.609834
CYL_PRES_STAT,0,1594870515.630438
CYL_PRES_STAT,0,1594870515.650802
CYL_PRES_STAT,0,1594870515.6918118
CYL_PRES_STAT,0,1594870515.712472
CYL_PRES_STAT,0,1594870515.73341
CYL_PRES_STAT,0,1594870515.814678
CYL_PRES_STAT,0,1594870515.990803
CYL_PRES_STAT,0,1594870516.002929
CYL_PRES_STAT,0,1594870516.043911
CYL_PRES_STAT,0,1594870516.064436
CYL_PRES_STAT,0,1594870516.073131
CYL_PRES_STAT,0,1594870516.084948
CYL_PRES_STAT,0,1594870516.10554
CYL_PRES_STAT,0,1594870516.240534
CYL_PRES_STAT,0,1594870516.248729
CYL_PRES_STAT,0,1594870516.293778
CYL_PRES_STAT,0,1594870516.3019679
CYL_PRES_STAT,0,1594870516.3107572
CYL_PRES_STAT,0,1594870516.3224616
CYL_PRES_STAT,0,1594870516.3310988
CYL_PRES_STAT,0,1594870516.355225
CYL_PRES_STAT,0,1594870516.4168448
CYL_PRES_STAT,0,1594870516.437026
CYL_PRES_STAT,0,1594870516.539642
CYL_PRES_STAT,0,1594870516.601693
CYL_PRES_STAT,0,1594870516.6220338
CYL_PRES_STAT,0,1594870516.662915
CYL_PRES_STAT,0,1594870516.6830769
CYL_PRES_STAT,0,1594870516.7038212
CYL_PRES_STAT,0,1594870516.7772539
CYL_PRES_STAT,0,1594870516.810051
CYL_PRES_STAT,0,1594870516.838777
CYL_PRES_STAT,0,1594870516.85085
CYL_PRES_STAT,0,1594870516.879621
CYL_PRES_STAT,0,1594870516.933362
CYL_PRES_STAT,0,1594870516.953727
CYL_PRES_STAT,0,1594870516.973942
CYL_PRES_STAT,0,1594870516.986001
CYL_PRES_STAT,0,1594870517.00286
CYL_PRES_STAT,0,1594870517.0148082
CYL_PRES_STAT,0,1594870517.035201
CYL_PRES_STAT,0,1594870517.138083
CYL_PRES_STAT,0,1594870517.149872
CYL_PRES_STAT,0,1594870517.203003
CYL_PRES_STAT,0,1594870517.22371
CYL_PRES_STAT,0,1594870517.235755
CYL_PRES_STAT,0,1594870517.2440894
CYL_PRES_STAT,0,1594870517.2522311
CYL_PRES_STAT,0,1594870517.272845
CYL_PRES_STAT,0,1594870517.3464901
CYL_PRES_STAT,0,1594870517.375538
CYL_PRES_STAT,0,1594870517.4938688
CYL_PRES_STAT,0,1594870517.514483
CYL_PRES_STAT,0,1594870517.555259
CYL_PRES_STAT,0,1594870517.5635538
CYL_PRES_STAT,0,1594870517.572226
CYL_PRES_STAT,0,1594870517.58404
CYL_PRES_STAT,0,1594870517.596381
CYL_PRES_STAT,0,1594870517.7485259
CYL_PRES_STAT,0,1594870517.7601569
CYL_PRES_STAT,0,1594870517.780669
CYL_PRES_STAT,0,1594870517.822135
CYL_PRES_STAT,0,1594870517.846157
CYL_PRES_STAT,0,1594870517.866622
CYL_PRES_STAT,0,1594870517.882935
CYL_PRES_STAT,0,1594870518.0098429
CYL_PRES_STAT,0,1594870518.091861
CYL_PRES_STAT,0,1594870518.1124609
CYL_PRES_STAT,0,1594870518.173867
CYL_PRES_STAT,0,1594870518.317882
CYL_PRES_STAT,0,1594870518.3909829
CYL_PRES_STAT,0,1594870518.4442182
CYL_PRES_STAT,0,1594870518.464592
CYL_PRES_STAT,0,1594870518.473066
CYL_PRES_STAT,0,1594870518.4850812
CYL_PRES_STAT,0,1594870518.514312
CYL_PRES_STAT,0,1594870518.5349839
CYL_PRES_STAT,0,1594870518.5465481
CYL_PRES_STAT,0,1594870518.608332
CYL_PRES_STAT,0,1594870518.6287289
CYL_PRES_STAT,0,1594870518.640617
CYL_PRES_STAT,0,1594870518.648892
CYL_PRES_STAT,0,1594870518.6901062
CYL_PRES_STAT,0,1594870518.710969
CYL_PRES_STAT,0,1594870518.7226448
CYL_PRES_STAT,0,1594870518.731307
CYL_PRES_STAT,0,1594870518.804925
CYL_PRES_STAT,0,1594870518.9072902
CYL_PRES_STAT,0,1594870518.9191284
CYL_PRES_STAT,0,1594870519.001871
CYL_PRES_STAT,0,1594870519.02224
CYL_PRES_STAT,0,1594870519.0628932
CYL_PRES_STAT,0,1594870519.083641
CYL_PRES_STAT,0,1594870519.10747
CYL_PRES_STAT,0,1594870519.144845
CYL_PRES_STAT,0,1594870519.2063131
CYL_PRES_STAT,0,1594870519.218267
CYL_PRES_STAT,0,1594870519.2305331
CYL_PRES_STAT,0,1594870519.312466
CYL_PRES_STAT,0,1594870519.36201
CYL_PRES_STAT,0,1594870519.386049
CYL_PRES_STAT,0,1594870519.3947258
CYL_PRES_STAT,0,1594870519.447526
CYL_PRES_STAT,0,1594870519.4885252
CYL_PRES_STAT,0,1594870519.517643
CYL_PRES_STAT,0,1594870519.53796
CYL_PRES_STAT,0,1594870519.603258
CYL_PRES_STAT,0,1594870519.623679
CYL_PRES_STAT,0,1594870519.644108
CYL_PRES_STAT,0,1594870519.672899
CYL_PRES_STAT,0,1594870519.685039
CYL_PRES_STAT,0,1594870519.705585
CYL_PRES_STAT,0,1594870519.714175
CYL_PRES_STAT,0,1594870519.7347481
CYL_PRES_STAT,0,1594870519.7551649
CYL_PRES_STAT,0,1594870519.767166
CYL_PRES_STAT,0,1594870519.828994
CYL_PRES_STAT,0,1594870519.8904722
CYL_PRES_STAT,0,1594870519.902123
CYL_PRES_STAT,0,1594870519.9227061
CYL_PRES_STAT,0,1594870519.972203
CYL_PRES_STAT,0,1594870519.9963448
CYL_PRES_STAT,0,1594870520.016948
CYL_PRES_STAT,0,1594870520.0869892
CYL_PRES_STAT,0,1594870520.10729
CYL_PRES_STAT,0,1594870520.1192632
CYL_PRES_STAT,0,1594870520.128243
CYL_PRES_STAT,0,1594870520.168918
CYL_PRES_STAT,0,1594870520.189438
CYL_PRES_STAT,0,1594870520.2012749
CYL_PRES_STAT,0,1594870520.213554
CYL_PRES_STAT,0,1594870520.222031
CYL_PRES_STAT,0,1594870520.2424722
CYL_PRES_STAT,0,1594870520.3158028
CYL_PRES_STAT,0,1594870520.324461
CYL_PRES_STAT,0,1594870520.356842
CYL_PRES_STAT,0,1594870520.3654752
CYL_PRES_STAT,0,1594870520.410002
CYL_PRES_STAT,0,1594870520.521067
CYL_PRES_STAT,0,1594870520.573953
CYL_PRES_STAT,0,1594870520.594435
CYL_PRES_STAT,0,1594870520.615148
CYL_PRES_STAT,0,1594870520.697202
CYL_PRES_STAT,0,1594870520.709017
CYL_PRES_STAT,0,1594870520.71788
CYL_PRES_STAT,0,1594870520.8851
CYL_PRES_STAT,0,1594870520.905686
CYL_PRES_STAT,0,1594870521.008388
CYL_PRES_STAT,0,1594870521.028915
CYL_PRES_STAT,0,1594870521.040784
CYL_PRES_STAT,0,1594870521.0490088
CYL_PRES_STAT,0,1594870521.1227038
CYL_PRES_STAT,0,1594870521.134929
CYL_PRES_STAT,0,1594870521.1556392
CYL_PRES_STAT,0,1594870521.196459
CYL_PRES_STAT,0,1594870521.2047179
CYL_PRES_STAT,0,1594870521.213247
CYL_PRES_STAT,0,1594870521.3483598
CYL_PRES_STAT,0,1594870521.4015749
CYL_PRES_STAT,0,1594870521.42178
CYL_PRES_STAT,0,1594870521.4427118
CYL_PRES_STAT,0,1594870521.454483
CYL_PRES_STAT,0,1594870521.483607
CYL_PRES_STAT,0,1594870521.536389
CYL_PRES_STAT,0,1594870521.606467
CYL_PRES_STAT,0,1594870521.638889
CYL_PRES_STAT,0,1594870521.651119
CYL_PRES_STAT,0,1594870521.712918
CYL_PRES_STAT,0,1594870521.721097
CYL_PRES_STAT,0,1594870521.733091
CYL_PRES_STAT,0,1594870521.753639
CYL_PRES_STAT,0,1594870521.774318
CYL_PRES_STAT,0,1594870521.7946029
CYL_PRES_STAT,0,1594870521.855865
CYL_PRES_STAT,0,1594870521.8770866
CYL_PRES_STAT,0,1594870521.9179368
CYL_PRES_STAT,0,1594870522.0032759
CYL_PRES_STAT,0,1594870522.023818
CYL_PRES_STAT,0,1594870522.0325792
CYL_PRES_STAT,0,1594870522.044406
CYL_PRES_STAT,0,1594870522.093782
CYL_PRES_STAT,0,1594870522.10571
CYL_PRES_STAT,0,1594870522.216754
CYL_PRES_STAT,0,1594870522.228714
CYL_PRES_STAT,0,1594870522.2821481
CYL_PRES_STAT,0,1594870522.2940972
CYL_PRES_STAT,0,1594870522.322772
CYL_PRES_STAT,0,1594870522.3313851
CYL_PRES_STAT,0,1594870522.3555489
CYL_PRES_STAT,0,1594870522.363864
CYL_PRES_STAT,0,1594870522.376074
CYL_PRES_STAT,0,1594870522.413467
CYL_PRES_STAT,0,1594870522.601295
CYL_PRES_STAT,0,1594870522.613866
CYL_PRES_STAT,0,1594870522.621933
CYL_PRES_STAT,0,1594870522.6429188
CYL_PRES_STAT,0,1594870522.663416
CYL_PRES_STAT,0,1594870522.830612
CYL_PRES_STAT,0,1594870522.8922539
CYL_PRES_STAT,0,1594870522.9126358
CYL_PRES_STAT,0,1594870522.9540179
CYL_PRES_STAT,0,1594870522.974356
CYL_PRES_STAT,0,1594870523.003266
CYL_PRES_STAT,0,1594870523.035619
CYL_PRES_STAT,0,1594870523.047914
CYL_PRES_STAT,0,1594870523.0887418
CYL_PRES_STAT,0,1594870523.0973818
CYL_PRES_STAT,0,1594870523.117853
CYL_PRES_STAT,0,1594870523.1829462
CYL_PRES_STAT,0,1594870523.203439
CYL_PRES_STAT,0,1594870523.223945
CYL_PRES_STAT,0,1594870523.2320352
CYL_PRES_STAT,0,1594870523.24434
CYL_PRES_STAT,0,1594870523.26485
CYL_PRES_STAT,0,1594870523.273452
CYL_PRES_STAT,0,1594870523.285355
CYL_PRES_STAT,0,1594870523.420444
CYL_PRES_STAT,0,1594870523.449534
CYL_PRES_STAT,0,1594870523.4903789
CYL_PRES_STAT,0,1594870523.514616
CYL_PRES_STAT,0,1594870523.523307
CYL_PRES_STAT,0,1594870523.535156
CYL_PRES_STAT,0,1594870523.584414
CYL_PRES_STAT,0,1594870523.5965278
CYL_PRES_STAT,0,1594870523.604827
CYL_PRES_STAT,0,1594870523.6134
CYL_PRES_STAT,0,1594870523.7399194
CYL_PRES_STAT,0,1594870523.781174
CYL_PRES_STAT,0,1594870523.843492
CYL_PRES_STAT,0,1594870523.8546028
CYL_PRES_STAT,0,1594870523.8751
CYL_PRES_STAT,0,1594870523.883904
CYL_PRES_STAT,0,1594870523.904431
CYL_PRES_STAT,0,1594870523.9247394
CYL_PRES_STAT,0,1594870523.936592
CYL_PRES_STAT,0,1594870524.0921214
CYL_PRES_STAT,0,1594870524.100714
CYL_PRES_STAT,0,1594870524.1127694
CYL_PRES_STAT,0,1594870524.13311
CYL_PRES_STAT,0,1594870524.154042
CYL_PRES_STAT,0,1594870524.194558
CYL_PRES_STAT,0,1594870524.277272
CYL_PRES_STAT,0,1594870524.383162
CYL_PRES_STAT,0,1594870524.403549
CYL_PRES_STAT,0,1594870524.423877
CYL_PRES_STAT,0,1594870524.432231
CYL_PRES_STAT,0,1594870524.4649348
CYL_PRES_STAT,0,1594870524.485374
CYL_PRES_STAT,0,1594870524.5059252
CYL_PRES_STAT,0,1594870524.535177
CYL_PRES_STAT,0,1594870524.54686
CYL_PRES_STAT,0,1594870524.555516
CYL_PRES_STAT,0,1594870524.640926
CYL_PRES_STAT,0,1594870524.682029
CYL_PRES_STAT,0,1594870524.690506
CYL_PRES_STAT,0,1594870524.711202
CYL_PRES_STAT,0,1594870524.74348
CYL_PRES_STAT,0,1594870524.77264
CYL_PRES_STAT,0,1594870524.804961
CYL_PRES_STAT,0,1594870524.817218
CYL_PRES_STAT,0,1594870524.919639
CYL_PRES_STAT,0,1594870524.928096
CYL_PRES_STAT,0,1594870524.981668
CYL_PRES_STAT,0,1594870524.989515
CYL_PRES_STAT,0,1594870525.002147
CYL_PRES_STAT,0,1594870525.013813
CYL_PRES_STAT,0,1594870525.025986
CYL_PRES_STAT,0,1594870525.034224
CYL_PRES_STAT,0,1594870525.042442
CYL_PRES_STAT,0,1594870525.063261
CYL_PRES_STAT,0,1594870525.0838652
CYL_PRES_STAT,0,1594870525.095823
CYL_PRES_STAT,0,1594870525.2721546
CYL_PRES_STAT,0,1594870525.292311
CYL_PRES_STAT,0,1594870525.342006
CYL_PRES_STAT,0,1594870525.3538518
CYL_PRES_STAT,0,1594870525.3741698
CYL_PRES_STAT,0,1594870525.382772
CYL_PRES_STAT,0,1594870525.4152162
CYL_PRES_STAT,0,1594870525.427454
CYL_PRES_STAT,0,1594870525.4889002
CYL_PRES_STAT,0,1594870525.509326
CYL_PRES_STAT,0,1594870525.518292
CYL_PRES_STAT,0,1594870525.599988
CYL_PRES_STAT,0,1594870525.623918
CYL_PRES_STAT,0,1594870525.644494
CYL_PRES_STAT,0,1594870525.705885
CYL_PRES_STAT,0,1594870525.7265122
CYL_PRES_STAT,0,1594870525.7468288
CYL_PRES_STAT,0,1594870525.787888
CYL_PRES_STAT,0,1594870525.873812
CYL_PRES_STAT,0,1594870525.882218
CYL_PRES_STAT,0,1594870525.890631
CYL_PRES_STAT,0,1594870525.9149358
CYL_PRES_STAT,0,1594870525.92305
CYL_PRES_STAT,0,1594870525.935265
CYL_PRES_STAT,0,1594870526.1729238
CYL_PRES_STAT,0,1594870526.1895971
CYL_PRES_STAT,0,1594870526.222452
CYL_PRES_STAT,0,1594870526.2547321
CYL_PRES_STAT,0,1594870526.2632651
CYL_PRES_STAT,0,1594870526.2839131
CYL_PRES_STAT,0,1594870526.377593
CYL_PRES_STAT,0,1594870526.398128
CYL_PRES_STAT,0,1594870526.493232
CYL_PRES_STAT,0,1594870526.5128374
CYL_PRES_STAT,0,1594870526.533298
CYL_PRES_STAT,0,1594870526.554282
CYL_PRES_STAT,0,1594870526.615242
CYL_PRES_STAT,0,1594870526.8036852
CYL_PRES_STAT,0,1594870526.823942
CYL_PRES_STAT,0,1594870526.8654025
CYL_PRES_STAT,0,1594870526.8736222
CYL_PRES_STAT,0,1594870526.8855274
CYL_PRES_STAT,0,1594870526.9060118
CYL_PRES_STAT,0,1594870526.93522
CYL_PRES_STAT,0,1594870526.976266
CYL_PRES_STAT,0,1594870527.0411332
CYL_PRES_STAT,0,1594870527.070455
CYL_PRES_STAT,0,1594870527.082132
CYL_PRES_STAT,0,1594870527.111609
CYL_PRES_STAT,0,1594870527.1352859
CYL_PRES_STAT,0,1594870527.1558886
CYL_PRES_STAT,0,1594870527.164466
CYL_PRES_STAT,0,1594870527.176363
CYL_PRES_STAT,0,1594870527.237684
CYL_PRES_STAT,0,1594870527.246208
CYL_PRES_STAT,0,1594870527.2786222
CYL_PRES_STAT,0,1594870527.2992158
CYL_PRES_STAT,0,1594870527.319603
CYL_PRES_STAT,0,1594870527.348855
CYL_PRES_STAT,0,1594870527.3812509
CYL_PRES_STAT,0,1594870527.4139466
CYL_PRES_STAT,0,1594870527.484141
CYL_PRES_STAT,0,1594870527.495868
CYL_PRES_STAT,0,1594870527.50458
CYL_PRES_STAT,0,1594870527.586348
CYL_PRES_STAT,0,1594870527.6104364
CYL_PRES_STAT,0,1594870527.639215
CYL_PRES_STAT,0,1594870527.6718981
CYL_PRES_STAT,0,1594870527.692491
CYL_PRES_STAT,0,1594870527.712856
CYL_PRES_STAT,0,1594870527.733809
CYL_PRES_STAT,0,1594870527.753937
CYL_PRES_STAT,0,1594870527.774442
CYL_PRES_STAT,0,1594870527.827667
CYL_PRES_STAT,0,1594870527.89788
CYL_PRES_STAT,0,1594870527.979799
CYL_PRES_STAT,0,1594870527.991353
CYL_PRES_STAT,0,1594870528.0240672
CYL_PRES_STAT,0,1594870528.044598
CYL_PRES_STAT,0,1594870528.065205
CYL_PRES_STAT,0,1594870528.077322
CYL_PRES_STAT,0,1594870528.176474
CYL_PRES_STAT,0,1594870528.187992
CYL_PRES_STAT,0,1594870528.208492
CYL_PRES_STAT,0,1594870528.27391
CYL_PRES_STAT,0,1594870528.2945461
CYL_PRES_STAT,0,1594870528.3114526
CYL_PRES_STAT,0,1594870528.3231552
CYL_PRES_STAT,0,1594870528.376361
CYL_PRES_STAT,0,1594870528.393239
CYL_PRES_STAT,0,1594870528.41731
CYL_PRES_STAT,0,1594870528.5607822
CYL_PRES_STAT,0,1594870528.5728538
CYL_PRES_STAT,0,1594870528.581135
CYL_PRES_STAT,0,1594870528.589859
CYL_PRES_STAT,0,1594870528.622224
CYL_PRES_STAT,0,1594870528.643394
CYL_PRES_STAT,0,1594870528.654921
CYL_PRES_STAT,0,1594870528.7778418
CYL_PRES_STAT,0,1594870528.789985
CYL_PRES_STAT,0,1594870528.86049
CYL_PRES_STAT,0,1594870528.8719628
CYL_PRES_STAT,0,1594870528.89257
CYL_PRES_STAT,0,1594870528.901279
CYL_PRES_STAT,0,1594870528.912968
CYL_PRES_STAT,0,1594870528.9338722
CYL_PRES_STAT,0,1594870528.9949794
CYL_PRES_STAT,0,1594870529.056635
CYL_PRES_STAT,0,1594870529.1833842
CYL_PRES_STAT,0,1594870529.2240784
CYL_PRES_STAT,0,1594870529.2447891
CYL_PRES_STAT,0,1594870529.265228
CYL_PRES_STAT,0,1594870529.285681
CYL_PRES_STAT,0,1594870529.388489
CYL_PRES_STAT,0,1594870529.420747
CYL_PRES_STAT,0,1594870529.461787
CYL_PRES_STAT,0,1594870529.4704902
CYL_PRES_STAT,0,1594870529.490807
CYL_PRES_STAT,0,1594870529.511449
CYL_PRES_STAT,0,1594870529.5354009
CYL_PRES_STAT,0,1594870529.555927
CYL_PRES_STAT,0,1594870529.5764759
CYL_PRES_STAT,0,1594870529.617492
CYL_PRES_STAT,0,1594870529.6258829
CYL_PRES_STAT,0,1594870529.637865
CYL_PRES_STAT,0,1594870529.6788714
CYL_PRES_STAT,0,1594870529.699568
CYL_PRES_STAT,0,1594870529.7078712
CYL_PRES_STAT,0,1594870529.760843
CYL_PRES_STAT,0,1594870529.781323
CYL_PRES_STAT,0,1594870529.802155
CYL_PRES_STAT,0,1594870529.81409
CYL_PRES_STAT,0,1594870529.822765
CYL_PRES_STAT,0,1594870529.8344178
CYL_PRES_STAT,0,1594870529.969623
CYL_PRES_STAT,0,1594870529.9983318
CYL_PRES_STAT,0,1594870530.010657
CYL_PRES_STAT,0,1594870530.0604382
CYL_PRES_STAT,0,1594870530.072063
CYL_PRES_STAT,0,1594870530.1335306
CYL_PRES_STAT,0,1594870530.145946
CYL_PRES_STAT,0,1594870530.154101
CYL_PRES_STAT,0,1594870530.175122
CYL_PRES_STAT,0,1594870530.2685616
CYL_PRES_STAT,0,1594870530.2770288
CYL_PRES_STAT,0,1594870530.330052
CYL_PRES_STAT,0,1594870530.383378
CYL_PRES_STAT,0,1594870530.391969
CYL_PRES_STAT,0,1594870530.4039402
CYL_PRES_STAT,0,1594870530.424348
CYL_PRES_STAT,0,1594870530.4448562
CYL_PRES_STAT,0,1594870530.5681179
CYL_PRES_STAT,0,1594870530.5882306
CYL_PRES_STAT,0,1594870530.68224
CYL_PRES_STAT,0,1594870530.711401
CYL_PRES_STAT,0,1594870530.723274
CYL_PRES_STAT,0,1594870530.756042
CYL_PRES_STAT,0,1594870530.7766821
CYL_PRES_STAT,0,1594870530.928448
CYL_PRES_STAT,0,1594870530.960889
CYL_PRES_STAT,0,1594870531.0018072
CYL_PRES_STAT,0,1594870531.022891
CYL_PRES_STAT,0,1594870531.0432
CYL_PRES_STAT,0,1594870531.055112
CYL_PRES_STAT,0,1594870531.067435
CYL_PRES_STAT,0,1594870531.1696188
CYL_PRES_STAT,0,1594870531.1901321
CYL_PRES_STAT,0,1594870531.2106614
CYL_PRES_STAT,0,1594870531.251646
CYL_PRES_STAT,0,1594870531.2721212
CYL_PRES_STAT,0,1594870531.292732
CYL_PRES_STAT,0,1594870531.301395
CYL_PRES_STAT,0,1594870531.3132968
CYL_PRES_STAT,0,1594870531.333545
CYL_PRES_STAT,0,1594870531.4980938
CYL_PRES_STAT,0,1594870531.5630786
CYL_PRES_STAT,0,1594870531.5834408
CYL_PRES_STAT,0,1594870531.6450508
CYL_PRES_STAT,0,1594870531.673833
CYL_PRES_STAT,0,1594870531.685792
CYL_PRES_STAT,0,1594870531.768124
CYL_PRES_STAT,0,1594870531.882556
CYL_PRES_STAT,0,1594870531.891074
CYL_PRES_STAT,0,1594870531.915076
CYL_PRES_STAT,0,1594870531.935609
CYL_PRES_STAT,0,1594870532.0380359
CYL_PRES_STAT,0,1594870532.0585642
CYL_PRES_STAT,0,1594870532.079005
CYL_PRES_STAT,0,1594870532.099422
CYL_PRES_STAT,0,1594870532.160918
CYL_PRES_STAT,0,1594870532.1820958
CYL_PRES_STAT,0,1594870532.202471
CYL_PRES_STAT,0,1594870532.214237
CYL_PRES_STAT,0,1594870532.222625
CYL_PRES_STAT,0,1594870532.263746
CYL_PRES_STAT,0,1594870532.284268
CYL_PRES_STAT,0,1594870532.296017
CYL_PRES_STAT,0,1594870532.325399
CYL_PRES_STAT,0,1594870532.3901398
CYL_PRES_STAT,0,1594870532.431145
CYL_PRES_STAT,0,1594870532.451701
CYL_PRES_STAT,0,1594870532.4605749
CYL_PRES_STAT,0,1594870532.472161
CYL_PRES_STAT,0,1594870532.4927099
CYL_PRES_STAT,0,1594870532.513231
CYL_PRES_STAT,0,1594870532.533761
CYL_PRES_STAT,0,1594870532.5746539
CYL_PRES_STAT,0,1594870532.6483948
CYL_PRES_STAT,0,1594870532.668784
CYL_PRES_STAT,0,1594870532.739187
CYL_PRES_STAT,0,1594870532.783617
CYL_PRES_STAT,0,1594870532.79215
CYL_PRES_STAT,0,1594870532.80395
CYL_PRES_STAT,0,1594870532.825017
CYL_PRES_STAT,0,1594870532.833366
CYL_PRES_STAT,0,1594870532.8448699
CYL_PRES_STAT,0,1594870532.9678528
CYL_PRES_STAT,0,1594870533.000424
CYL_PRES_STAT,0,1594870533.0537422
CYL_PRES_STAT,0,1594870533.074193
CYL_PRES_STAT,0,1594870533.082517
CYL_PRES_STAT,0,1594870533.091018
CYL_PRES_STAT,0,1594870533.135663
CYL_PRES_STAT,0,1594870533.299546
CYL_PRES_STAT,0,1594870533.3491359
CYL_PRES_STAT,0,1594870533.402318
CYL_PRES_STAT,0,1594870533.42277
CYL_PRES_STAT,0,1594870533.443223
CYL_PRES_STAT,0,1594870533.45528
CYL_PRES_STAT,0,1594870533.464072
CYL_PRES_STAT,0,1594870533.484271
CYL_PRES_STAT,0,1594870533.5698829
CYL_PRES_STAT,0,1594870533.6107461
CYL_PRES_STAT,0,1594870533.6517632
CYL_PRES_STAT,0,1594870533.6723578
CYL_PRES_STAT,0,1594870533.692968
CYL_PRES_STAT,0,1594870533.7050118
CYL_PRES_STAT,0,1594870533.786819
CYL_PRES_STAT,0,1594870533.815874
CYL_PRES_STAT,0,1594870533.827884
CYL_PRES_STAT,0,1594870533.909894
CYL_PRES_STAT,0,1594870533.942561
CYL_PRES_STAT,0,1594870533.951568
CYL_PRES_STAT,0,1594870533.963038
CYL_PRES_STAT,0,1594870533.983516
CYL_PRES_STAT,0,1594870534.0248241
CYL_PRES_STAT,0,1594870534.044919
CYL_PRES_STAT,0,1594870534.065448
CYL_PRES_STAT,0,1594870534.220992
CYL_PRES_STAT,0,1594870534.2295418
CYL_PRES_STAT,0,1594870534.270643
CYL_PRES_STAT,0,1594870534.282644
CYL_PRES_STAT,0,1594870534.29474
CYL_PRES_STAT,0,1594870534.397204
CYL_PRES_STAT,0,1594870534.47919
CYL_PRES_STAT,0,1594870534.487778
CYL_PRES_STAT,0,1594870534.540585
CYL_PRES_STAT,0,1594870534.56136
CYL_PRES_STAT,0,1594870534.634758
CYL_PRES_STAT,0,1594870534.6755948
CYL_PRES_STAT,0,1594870534.7050118
CYL_PRES_STAT,0,1594870534.716696
CYL_PRES_STAT,0,1594870534.778795
CYL_PRES_STAT,0,1594870534.851804
CYL_PRES_STAT,0,1594870534.8603706
CYL_PRES_STAT,0,1594870534.8723376
CYL_PRES_STAT,0,1594870534.9135401
CYL_PRES_STAT,0,1594870534.933764
CYL_PRES_STAT,0,1594870534.946112
CYL_PRES_STAT,0,1594870534.954584
CYL_PRES_STAT,0,1594870534.975204
CYL_PRES_STAT,0,1594870535.007369
CYL_PRES_STAT,0,1594870535.016232
CYL_PRES_STAT,0,1594870535.056988
CYL_PRES_STAT,0,1594870535.068917
CYL_PRES_STAT,0,1594870535.077707
CYL_PRES_STAT,0,1594870535.16325
CYL_PRES_STAT,0,1594870535.183672
CYL_PRES_STAT,0,1594870535.204128
CYL_PRES_STAT,0,1594870535.224993
CYL_PRES_STAT,0,1594870535.2329938
CYL_PRES_STAT,0,1594870535.24511
CYL_PRES_STAT,0,1594870535.274316
CYL_PRES_STAT,0,1594870535.3597991
CYL_PRES_STAT,0,1594870535.368459
CYL_PRES_STAT,0,1594870535.400712
CYL_PRES_STAT,0,1594870535.462086
CYL_PRES_STAT,0,1594870535.4706972
CYL_PRES_STAT,0,1594870535.535897
CYL_PRES_STAT,0,1594870535.5441089
CYL_PRES_STAT,0,1594870535.5562198
CYL_PRES_STAT,0,1594870535.5768821
CYL_PRES_STAT,0,1594870535.699738
CYL_PRES_STAT,0,1594870535.7203796
CYL_PRES_STAT,0,1594870535.7287269
CYL_PRES_STAT,0,1594870535.773359
CYL_PRES_STAT,0,1594870535.782101
CYL_PRES_STAT,0,1594870535.802552
CYL_PRES_STAT,0,1594870535.8229716
CYL_PRES_STAT,0,1594870535.843853
CYL_PRES_STAT,0,1594870535.855367
CYL_PRES_STAT,0,1594870535.8675802
CYL_PRES_STAT,0,1594870535.949716
CYL_PRES_STAT,0,1594870536.07249
CYL_PRES_STAT,0,1594870536.092924
CYL_PRES_STAT,0,1594870536.105231
CYL_PRES_STAT,0,1594870536.113696
CYL_PRES_STAT,0,1594870536.1547024
CYL_PRES_STAT,0,1594870536.228172
CYL_PRES_STAT,0,1594870536.2573068
CYL_PRES_STAT,0,1594870536.289464
CYL_PRES_STAT,0,1594870536.298202
CYL_PRES_STAT,0,1594870536.34286
CYL_PRES_STAT,0,1594870536.3632796
CYL_PRES_STAT,0,1594870536.383934
CYL_PRES_STAT,0,1594870536.41248
CYL_PRES_STAT,0,1594870536.424541
CYL_PRES_STAT,0,1594870536.4328868
CYL_PRES_STAT,0,1594870536.465607
CYL_PRES_STAT,0,1594870536.662265
CYL_PRES_STAT,0,1594870536.6709912
CYL_PRES_STAT,0,1594870536.682889
CYL_PRES_STAT,0,1594870536.6949131
CYL_PRES_STAT,0,1594870536.7153552
CYL_PRES_STAT,0,1594870536.73591
CYL_PRES_STAT,0,1594870536.7526119
CYL_PRES_STAT,0,1594870536.764694
CYL_PRES_STAT,0,1594870536.858916
CYL_PRES_STAT,0,1594870536.8793752
CYL_PRES_STAT,0,1594870536.908511
CYL_PRES_STAT,0,1594870536.940711
CYL_PRES_STAT,0,1594870536.961418
CYL_PRES_STAT,0,1594870536.9818912
CYL_PRES_STAT,0,1594870537.002532
CYL_PRES_STAT,0,1594870537.043646
CYL_PRES_STAT,0,1594870537.06389
CYL_PRES_STAT,0,1594870537.075831
CYL_PRES_STAT,0,1594870537.084574
CYL_PRES_STAT,0,1594870537.170102
CYL_PRES_STAT,0,1594870537.252005
CYL_PRES_STAT,0,1594870537.293132
CYL_PRES_STAT,0,1594870537.313462
CYL_PRES_STAT,0,1594870537.3222249
CYL_PRES_STAT,0,1594870537.334073
CYL_PRES_STAT,0,1594870537.354465
CYL_PRES_STAT,0,1594870537.374953
CYL_PRES_STAT,0,1594870537.448489
CYL_PRES_STAT,0,1594870537.46902
CYL_PRES_STAT,0,1594870537.477619
CYL_PRES_STAT,0,1594870537.5101302
CYL_PRES_STAT,0,1594870537.559568
CYL_PRES_STAT,0,1594870537.5837948
CYL_PRES_STAT,0,1594870537.5920632
CYL_PRES_STAT,0,1594870537.6041448
CYL_PRES_STAT,0,1594870537.624875
CYL_PRES_STAT,0,1594870537.653855
CYL_PRES_STAT,0,1594870537.665783
CYL_PRES_STAT,0,1594870537.7065642
CYL_PRES_STAT,0,1594870537.7478678
CYL_PRES_STAT,0,1594870537.7598882
CYL_PRES_STAT,0,1594870537.874492
CYL_PRES_STAT,0,1594870537.8911624
CYL_PRES_STAT,0,1594870537.915545
CYL_PRES_STAT,0,1594870537.9243212
CYL_PRES_STAT,0,1594870537.9441779
CYL_PRES_STAT,0,1594870537.9564018
CYL_PRES_STAT,0,1594870538.140746
CYL_PRES_STAT,0,1594870538.1492949
CYL_PRES_STAT,0,1594870538.173553
CYL_PRES_STAT,0,1594870538.1820512
CYL_PRES_STAT,0,1594870538.206178
CYL_PRES_STAT,0,1594870538.2437062
CYL_PRES_STAT,0,1594870538.2554848
CYL_PRES_STAT,0,1594870538.267741
CYL_PRES_STAT,0,1594870538.370135
CYL_PRES_STAT,0,1594870538.3905866
CYL_PRES_STAT,0,1594870538.452044
CYL_PRES_STAT,0,1594870538.6691449
CYL_PRES_STAT,0,1594870538.7429152
CYL_PRES_STAT,0,1594870538.7514794
CYL_PRES_STAT,0,1594870538.76339
CYL_PRES_STAT,0,1594870538.792136
CYL_PRES_STAT,0,1594870538.804289
CYL_PRES_STAT,0,1594870538.824791
CYL_PRES_STAT,0,1594870538.83696
CYL_PRES_STAT,0,1594870538.865759
CYL_PRES_STAT,0,1594870538.956358
CYL_PRES_STAT,0,1594870538.980335
CYL_PRES_STAT,0,1594870538.9887788
CYL_PRES_STAT,0,1594870539.0093608
CYL_PRES_STAT,0,1594870539.054085
CYL_PRES_STAT,0,1594870539.0746331
CYL_PRES_STAT,0,1594870539.083225
CYL_PRES_STAT,0,1594870539.0950909
CYL_PRES_STAT,0,1594870539.1033359
CYL_PRES_STAT,0,1594870539.1118019
CYL_PRES_STAT,0,1594870539.135993
CYL_PRES_STAT,0,1594870539.1564536
CYL_PRES_STAT,0,1594870539.17696
CYL_PRES_STAT,0,1594870539.2589388
CYL_PRES_STAT,0,1594870539.2881448
CYL_PRES_STAT,0,1594870539.341384
CYL_PRES_STAT,0,1594870539.3617878
CYL_PRES_STAT,0,1594870539.382442
CYL_PRES_STAT,0,1594870539.4025989
CYL_PRES_STAT,0,1594870539.423074
CYL_PRES_STAT,0,1594870539.4438279
CYL_PRES_STAT,0,1594870539.484651
CYL_PRES_STAT,0,1594870539.590577
CYL_PRES_STAT,0,1594870539.69328
CYL_PRES_STAT,0,1594870539.713643
CYL_PRES_STAT,0,1594870539.734522
CYL_PRES_STAT,0,1594870539.7668052
CYL_PRES_STAT,0,1594870539.775105
CYL_PRES_STAT,0,1594870539.795819
CYL_PRES_STAT,0,1594870539.857183
CYL_PRES_STAT,0,1594870539.877738
CYL_PRES_STAT,0,1594870539.898654
CYL_PRES_STAT,0,1594870539.93088
CYL_PRES_STAT,0,1594870539.9429212
CYL_PRES_STAT,0,1594870539.9635608
CYL_PRES_STAT,0,1594870539.983985
CYL_PRES_STAT,0,1594870539.992557
CYL_PRES_STAT,0,1594870540.0044749
CYL_PRES_STAT,0,1594870540.0334132
CYL_PRES_STAT,0,1594870540.115263
CYL_PRES_STAT,0,1594870540.188691
CYL_PRES_STAT,0,1594870540.241992
CYL_PRES_STAT,0,1594870540.250537
CYL_PRES_STAT,0,1594870540.271268
CYL_PRES_STAT,0,1594870540.3156712
CYL_PRES_STAT,0,1594870540.323854
CYL_PRES_STAT,0,1594870540.332743
CYL_PRES_STAT,0,1594870540.3565269
CYL_PRES_STAT,0,1594870540.4061391
CYL_PRES_STAT,0,1594870540.467623
CYL_PRES_STAT,0,1594870540.479529
CYL_PRES_STAT,0,1594870540.520415
CYL_PRES_STAT,0,1594870540.573666
CYL_PRES_STAT,0,1594870540.778543
CYL_PRES_STAT,0,1594870540.873158
CYL_PRES_STAT,0,1594870540.893374
CYL_PRES_STAT,0,1594870540.905349
CYL_PRES_STAT,0,1594870540.934193
CYL_PRES_STAT,0,1594870540.9546306
CYL_PRES_STAT,0,1594870540.963091
CYL_PRES_STAT,0,1594870541.069279
CYL_PRES_STAT,0,1594870541.143092
CYL_PRES_STAT,0,1594870541.151511
CYL_PRES_STAT,0,1594870541.163615
CYL_PRES_STAT,0,1594870541.204483
CYL_PRES_STAT,0,1594870541.2213278
CYL_PRES_STAT,0,1594870541.2453694
CYL_PRES_STAT,0,1594870541.3068368
CYL_PRES_STAT,0,1594870541.3273194
CYL_PRES_STAT,0,1594870541.3479474
CYL_PRES_STAT,0,1594870541.388772
CYL_PRES_STAT,0,1594870541.454253
CYL_PRES_STAT,0,1594870541.4706962
CYL_PRES_STAT,0,1594870541.4952312
CYL_PRES_STAT,0,1594870541.515881
CYL_PRES_STAT,0,1594870541.523864
CYL_PRES_STAT,0,1594870541.5322628
CYL_PRES_STAT,0,1594870541.655473
CYL_PRES_STAT,0,1594870541.7412322
CYL_PRES_STAT,0,1594870541.770151
CYL_PRES_STAT,0,1594870541.781832
CYL_PRES_STAT,0,1594870541.844219
CYL_PRES_STAT,0,1594870541.8642418
CYL_PRES_STAT,0,1594870541.937695
CYL_PRES_STAT,0,1594870541.970249
CYL_PRES_STAT,0,1594870541.978953
CYL_PRES_STAT,0,1594870542.0727339
CYL_PRES_STAT,0,1594870542.0934534
CYL_PRES_STAT,0,1594870542.114054
CYL_PRES_STAT,0,1594870542.154677
CYL_PRES_STAT,0,1594870542.277909
CYL_PRES_STAT,0,1594870542.351191
CYL_PRES_STAT,0,1594870542.3928359
CYL_PRES_STAT,0,1594870542.404542
CYL_PRES_STAT,0,1594870542.4455092
CYL_PRES_STAT,0,1594870542.465961
CYL_PRES_STAT,0,1594870542.486432
CYL_PRES_STAT,0,1594870542.5770829
CYL_PRES_STAT,0,1594870542.6543622
CYL_PRES_STAT,0,1594870542.6711216
CYL_PRES_STAT,0,1594870542.683146
CYL_PRES_STAT,0,1594870542.691564
CYL_PRES_STAT,0,1594870542.71233
CYL_PRES_STAT,0,1594870542.723994
CYL_PRES_STAT,0,1594870542.744398
CYL_PRES_STAT,0,1594870542.7565818
CYL_PRES_STAT,0,1594870542.859255
CYL_PRES_STAT,0,1594870542.879748
CYL_PRES_STAT,0,1594870542.973749
CYL_PRES_STAT,0,1594870543.003173
CYL_PRES_STAT,0,1594870543.027093
CYL_PRES_STAT,0,1594870543.035257
CYL_PRES_STAT,0,1594870543.0439522
CYL_PRES_STAT,0,1594870543.0557382
CYL_PRES_STAT,0,1594870543.0761778
CYL_PRES_STAT,0,1594870543.146335
CYL_PRES_STAT,0,1594870543.170336
CYL_PRES_STAT,0,1594870543.190824
CYL_PRES_STAT,0,1594870543.252373
CYL_PRES_STAT,0,1594870543.27314
CYL_PRES_STAT,0,1594870543.334409
CYL_PRES_STAT,0,1594870543.354741
CYL_PRES_STAT,0,1594870543.387414
CYL_PRES_STAT,0,1594870543.457476
CYL_PRES_STAT,0,1594870543.469375
CYL_PRES_STAT,0,1594870543.551539
CYL_PRES_STAT,0,1594870543.60462
CYL_PRES_STAT,0,1594870543.625081
CYL_PRES_STAT,0,1594870543.666065
CYL_PRES_STAT,0,1594870543.674644
CYL_PRES_STAT,0,1594870543.695022
CYL_PRES_STAT,0,1594870543.7478971
CYL_PRES_STAT,0,1594870543.756463
CYL_PRES_STAT,0,1594870543.768394
CYL_PRES_STAT,0,1594870543.8543289
CYL_PRES_STAT,0,1594870543.871192
CYL_PRES_STAT,0,1594870543.8831642
CYL_PRES_STAT,0,1594870543.892052
CYL_PRES_STAT,0,1594870543.9157212
CYL_PRES_STAT,0,1594870544.0509286
CYL_PRES_STAT,0,1594870544.1412802
CYL_PRES_STAT,0,1594870544.161929
CYL_PRES_STAT,0,1594870544.18238
CYL_PRES_STAT,0,1594870544.194457
CYL_PRES_STAT,0,1594870544.2148118
CYL_PRES_STAT,0,1594870544.223356
CYL_PRES_STAT,0,1594870544.370425
CYL_PRES_STAT,0,1594870544.46089
CYL_PRES_STAT,0,1594870544.522489
CYL_PRES_STAT,0,1594870544.5343502
CYL_PRES_STAT,0,1594870544.6489544
CYL_PRES_STAT,0,1594870544.6575642
CYL_PRES_STAT,0,1594870544.743233
CYL_PRES_STAT,0,1594870544.7636788
CYL_PRES_STAT,0,1594870544.784209
CYL_PRES_STAT,0,1594870544.7930298
CYL_PRES_STAT,0,1594870544.866004
CYL_PRES_STAT,0,1594870544.9684758
CYL_PRES_STAT,0,1594870544.9975538
CYL_PRES_STAT,0,1594870545.042212
CYL_PRES_STAT,0,1594870545.054455
CYL_PRES_STAT,0,1594870545.08321
CYL_PRES_STAT,0,1594870545.095382
CYL_PRES_STAT,0,1594870545.112273
CYL_PRES_STAT,0,1594870545.12415
CYL_PRES_STAT,0,1594870545.13626
CYL_PRES_STAT,0,1594870545.18558
CYL_PRES_STAT,0,1594870545.3620741
CYL_PRES_STAT,0,1594870545.373914
CYL_PRES_STAT,0,1594870545.3827538
CYL_PRES_STAT,0,1594870545.4031131
CYL_PRES_STAT,0,1594870545.444118
CYL_PRES_STAT,0,1594870545.476326
CYL_PRES_STAT,0,1594870545.549978
CYL_PRES_STAT,0,1594870545.567203
CYL_PRES_STAT,0,1594870545.599377
CYL_PRES_STAT,0,1594870545.6525419
CYL_PRES_STAT,0,1594870545.67295
CYL_PRES_STAT,0,1594870545.6934
CYL_PRES_STAT,0,1594870545.734585
CYL_PRES_STAT,0,1594870545.910475
CYL_PRES_STAT,0,1594870545.91922
CYL_PRES_STAT,0,1594870545.939708
CYL_PRES_STAT,0,1594870545.951493
CYL_PRES_STAT,0,1594870545.960402
CYL_PRES_STAT,0,1594870545.9843352
CYL_PRES_STAT,0,1594870546.0047631
CYL_PRES_STAT,0,1594870546.0252519
CYL_PRES_STAT,0,1594870546.053905
CYL_PRES_STAT,0,1594870546.0660539
CYL_PRES_STAT,0,1594870546.148285
CYL_PRES_STAT,0,1594870546.168766
CYL_PRES_STAT,0,1594870546.189033
CYL_PRES_STAT,0,1594870546.2422886
CYL_PRES_STAT,0,1594870546.2506108
CYL_PRES_STAT,0,1594870546.28325
CYL_PRES_STAT,0,1594870546.2955232
CYL_PRES_STAT,0,1594870546.315878
CYL_PRES_STAT,0,1594870546.356787
CYL_PRES_STAT,0,1594870546.594363
CYL_PRES_STAT,0,1594870546.6232169
CYL_PRES_STAT,0,1594870546.6444108
CYL_PRES_STAT,0,1594870546.7055788
CYL_PRES_STAT,0,1594870546.75001
CYL_PRES_STAT,0,1594870546.8529322
CYL_PRES_STAT,0,1594870546.864706
CYL_PRES_STAT,0,1594870546.872926
CYL_PRES_STAT,0,1594870546.893694
CYL_PRES_STAT,0,1594870546.914534
CYL_PRES_STAT,0,1594870546.9344509
CYL_PRES_STAT,0,1594870547.0490408
CYL_PRES_STAT,0,1594870547.0577118
CYL_PRES_STAT,0,1594870547.0900328
CYL_PRES_STAT,0,1594870547.1433358
CYL_PRES_STAT,0,1594870547.1639311
CYL_PRES_STAT,0,1594870547.1843688
CYL_PRES_STAT,0,1594870547.2458649
CYL_PRES_STAT,0,1594870547.266282
CYL_PRES_STAT,0,1594870547.295201
CYL_PRES_STAT,0,1594870547.3978882
CYL_PRES_STAT,0,1594870547.409884
CYL_PRES_STAT,0,1594870547.4304368
CYL_PRES_STAT,0,1594870547.442317
CYL_PRES_STAT,0,1594870547.450641
CYL_PRES_STAT,0,1594870547.495531
CYL_PRES_STAT,0,1594870547.512324
CYL_PRES_STAT,0,1594870547.5242438
CYL_PRES_STAT,0,1594870547.5365222
CYL_PRES_STAT,0,1594870547.598134
CYL_PRES_STAT,0,1594870547.6593974
CYL_PRES_STAT,0,1594870547.729664
CYL_PRES_STAT,0,1594870547.741353
CYL_PRES_STAT,0,1594870547.761815
CYL_PRES_STAT,0,1594870547.773998
CYL_PRES_STAT,0,1594870547.782944
CYL_PRES_STAT,0,1594870547.803262
CYL_PRES_STAT,0,1594870547.843994
CYL_PRES_STAT,0,1594870547.8641882
CYL_PRES_STAT,0,1594870547.9501178
CYL_PRES_STAT,0,1594870548.0321448
CYL_PRES_STAT,0,1594870548.052628
CYL_PRES_STAT,0,1594870548.0730221
CYL_PRES_STAT,0,1594870548.113942
CYL_PRES_STAT,0,1594870548.3638618
CYL_PRES_STAT,0,1594870548.3843439
CYL_PRES_STAT,0,1594870548.425388
CYL_PRES_STAT,0,1594870548.434313
CYL_PRES_STAT,0,1594870548.445935
CYL_PRES_STAT,0,1594870548.601398
CYL_PRES_STAT,0,1594870548.6218429
CYL_PRES_STAT,0,1594870548.651196
CYL_PRES_STAT,0,1594870548.6752331
CYL_PRES_STAT,0,1594870548.683388
CYL_PRES_STAT,0,1594870548.691926
CYL_PRES_STAT,0,1594870548.80623
CYL_PRES_STAT,0,1594870548.8390136
CYL_PRES_STAT,0,1594870548.8676481
CYL_PRES_STAT,0,1594870548.880121
CYL_PRES_STAT,0,1594870548.961959
CYL_PRES_STAT,0,1594870549.0032911
CYL_PRES_STAT,0,1594870549.023366
CYL_PRES_STAT,0,1594870549.044084
CYL_PRES_STAT,0,1594870549.0849226
CYL_PRES_STAT,0,1594870549.146871
CYL_PRES_STAT,0,1594870549.2526839
CYL_PRES_STAT,0,1594870549.26508
CYL_PRES_STAT,0,1594870549.3550668
CYL_PRES_STAT,0,1594870549.437387
CYL_PRES_STAT,0,1594870549.457866
CYL_PRES_STAT,0,1594870549.522836
CYL_PRES_STAT,0,1594870549.543606
CYL_PRES_STAT,0,1594870549.563885
CYL_PRES_STAT,0,1594870549.5843806
CYL_PRES_STAT,0,1594870549.625391
CYL_PRES_STAT,0,1594870549.6457882
CYL_PRES_STAT,0,1594870549.6540556
CYL_PRES_STAT,0,1594870549.748484
CYL_PRES_STAT,0,1594870549.7604802
CYL_PRES_STAT,0,1594870549.79775
CYL_PRES_STAT,0,1594870549.8304212
CYL_PRES_STAT,0,1594870549.916018
CYL_PRES_STAT,0,1594870549.924335
CYL_PRES_STAT,0,1594870549.936578
CYL_PRES_STAT,0,1594870550.0390909
CYL_PRES_STAT,0,1594870550.141494
CYL_PRES_STAT,0,1594870550.162147
CYL_PRES_STAT,0,1594870550.182983
CYL_PRES_STAT,0,1594870550.203341
CYL_PRES_STAT,0,1594870550.24447
CYL_PRES_STAT,0,1594870550.256073
CYL_PRES_STAT,0,1594870550.305818
CYL_PRES_STAT,0,1594870550.326444
CYL_PRES_STAT,0,1594870550.3466609
CYL_PRES_STAT,0,1594870550.4204519
CYL_PRES_STAT,0,1594870550.432342
CYL_PRES_STAT,0,1594870550.502346
CYL_PRES_STAT,0,1594870550.678431
CYL_PRES_STAT,0,1594870550.763985
CYL_PRES_STAT,0,1594870550.7844422
CYL_PRES_STAT,0,1594870550.805066
CYL_PRES_STAT,0,1594870550.825407
CYL_PRES_STAT,0,1594870550.834194
CYL_PRES_STAT,0,1594870550.845938
CYL_PRES_STAT,0,1594870550.927904
CYL_PRES_STAT,0,1594870550.9486382
CYL_PRES_STAT,0,1594870550.968767
CYL_PRES_STAT,0,1594870550.9773278
CYL_PRES_STAT,0,1594870551.054774
CYL_PRES_STAT,0,1594870551.0753658
CYL_PRES_STAT,0,1594870551.084228
CYL_PRES_STAT,0,1594870551.091705
CYL_PRES_STAT,0,1594870551.136599
CYL_PRES_STAT,0,1594870551.165631
CYL_PRES_STAT,0,1594870551.259521
CYL_PRES_STAT,0,1594870551.321638
CYL_PRES_STAT,0,1594870551.3416119
CYL_PRES_STAT,0,1594870551.3827012
CYL_PRES_STAT,0,1594870551.403404
CYL_PRES_STAT,0,1594870551.423716
CYL_PRES_STAT,0,1594870551.529833
CYL_PRES_STAT,0,1594870551.652956
CYL_PRES_STAT,0,1594870551.665052
CYL_PRES_STAT,0,1594870551.6734118
CYL_PRES_STAT,0,1594870551.6937768
CYL_PRES_STAT,0,1594870551.714819
CYL_PRES_STAT,0,1594870551.755266
CYL_PRES_STAT,0,1594870551.8289614
CYL_PRES_STAT,0,1594870551.858235
CYL_PRES_STAT,0,1594870551.91077
CYL_PRES_STAT,0,1594870551.923127
CYL_PRES_STAT,0,1594870551.939816
CYL_PRES_STAT,0,1594870551.964094
CYL_PRES_STAT,0,1594870551.972318
CYL_PRES_STAT,0,1594870552.136589
CYL_PRES_STAT,0,1594870552.148463
CYL_PRES_STAT,0,1594870552.160744
CYL_PRES_STAT,0,1594870552.23096
CYL_PRES_STAT,0,1594870552.2717152
CYL_PRES_STAT,0,1594870552.2923222
CYL_PRES_STAT,0,1594870552.316231
CYL_PRES_STAT,0,1594870552.336822
CYL_PRES_STAT,0,1594870552.415126
CYL_PRES_STAT,0,1594870552.447454
CYL_PRES_STAT,0,1594870552.4597938
CYL_PRES_STAT,0,1594870552.4801712
CYL_PRES_STAT,0,1594870552.562744
CYL_PRES_STAT,0,1594870552.574382
CYL_PRES_STAT,0,1594870552.586519
CYL_PRES_STAT,0,1594870552.603359
CYL_PRES_STAT,0,1594870552.6443148
CYL_PRES_STAT,0,1594870552.811859
CYL_PRES_STAT,0,1594870552.8201568
CYL_PRES_STAT,0,1594870552.832365
CYL_PRES_STAT,0,1594870552.8529
CYL_PRES_STAT,0,1594870552.8941386
CYL_PRES_STAT,0,1594870552.902418
CYL_PRES_STAT,0,1594870552.914268
CYL_PRES_STAT,0,1594870552.943723
CYL_PRES_STAT,0,1594870552.9553976
CYL_PRES_STAT,0,1594870552.975808
CYL_PRES_STAT,0,1594870553.0168169
CYL_PRES_STAT,0,1594870553.1109078
CYL_PRES_STAT,0,1594870553.1436212
CYL_PRES_STAT,0,1594870553.1519942
CYL_PRES_STAT,0,1594870553.16418
CYL_PRES_STAT,0,1594870553.184701
CYL_PRES_STAT,0,1594870553.213312
CYL_PRES_STAT,0,1594870553.2254848
CYL_PRES_STAT,0,1594870553.2342954
CYL_PRES_STAT,0,1594870553.2462158
CYL_PRES_STAT,0,1594870553.336576
CYL_PRES_STAT,0,1594870553.4304774
CYL_PRES_STAT,0,1594870553.4512024
CYL_PRES_STAT,0,1594870553.471821
CYL_PRES_STAT,0,1594870553.533334
CYL_PRES_STAT,0,1594870553.553637
CYL_PRES_STAT,0,1594870553.574334
CYL_PRES_STAT,0,1594870553.7212439
CYL_PRES_STAT,0,1594870553.7297091
CYL_PRES_STAT,0,1594870553.741649
CYL_PRES_STAT,0,1594870553.782707
CYL_PRES_STAT,0,1594870553.8033018
CYL_PRES_STAT,0,1594870553.815488
CYL_PRES_STAT,0,1594870553.8243449
CYL_PRES_STAT,0,1594870553.9383569
CYL_PRES_STAT,0,1594870553.94723
CYL_PRES_STAT,0,1594870553.991436
CYL_PRES_STAT,0,1594870554.032398
CYL_PRES_STAT,0,1594870554.05312
CYL_PRES_STAT,0,1594870554.0652
CYL_PRES_STAT,0,1594870554.07374
CYL_PRES_STAT,0,1594870554.082348
CYL_PRES_STAT,0,1594870554.093842
CYL_PRES_STAT,0,1594870554.1230302
CYL_PRES_STAT,0,1594870554.155396
CYL_PRES_STAT,0,1594870554.184427
CYL_PRES_STAT,0,1594870554.2290828
CYL_PRES_STAT,0,1594870554.2373538
CYL_PRES_STAT,0,1594870554.269978
CYL_PRES_STAT,0,1594870554.311481
CYL_PRES_STAT,0,1594870554.323206
CYL_PRES_STAT,0,1594870554.343767
CYL_PRES_STAT,0,1594870554.364198
CYL_PRES_STAT,0,1594870554.372382
CYL_PRES_STAT,0,1594870554.4051619
CYL_PRES_STAT,0,1594870554.487078
CYL_PRES_STAT,0,1594870554.5075052
CYL_PRES_STAT,0,1594870554.5690088
CYL_PRES_STAT,0,1594870554.630788
CYL_PRES_STAT,0,1594870554.654944
CYL_PRES_STAT,0,1594870554.671886
CYL_PRES_STAT,0,1594870554.6923509
CYL_PRES_STAT,0,1594870554.733472
CYL_PRES_STAT,0,1594870554.847497
CYL_PRES_STAT,0,1594870554.859751
CYL_PRES_STAT,0,1594870554.9213688
CYL_PRES_STAT,0,1594870554.9417338
CYL_PRES_STAT,0,1594870554.9625118
CYL_PRES_STAT,0,1594870554.974584
CYL_PRES_STAT,0,1594870554.983422
CYL_PRES_STAT,0,1594870555.01535
CYL_PRES_STAT,0,1594870555.0357716
CYL_PRES_STAT,0,1594870555.044372
CYL_PRES_STAT,0,1594870555.064545
CYL_PRES_STAT,0,1594870555.0973198
CYL_PRES_STAT,0,1594870555.130095
CYL_PRES_STAT,0,1594870555.212163
CYL_PRES_STAT,0,1594870555.224273
CYL_PRES_STAT,0,1594870555.232508
CYL_PRES_STAT,0,1594870555.294042
CYL_PRES_STAT,0,1594870555.3025491
CYL_PRES_STAT,0,1594870555.314386
CYL_PRES_STAT,0,1594870555.322922
CYL_PRES_STAT,0,1594870555.334942
CYL_PRES_STAT,0,1594870555.499501
CYL_PRES_STAT,0,1594870555.543673
CYL_PRES_STAT,0,1594870555.5524614
CYL_PRES_STAT,0,1594870555.564283
CYL_PRES_STAT,0,1594870555.5847812
CYL_PRES_STAT,0,1594870555.613527
CYL_PRES_STAT,0,1594870555.62574
CYL_PRES_STAT,0,1594870555.6344461
CYL_PRES_STAT,0,1594870555.72841
CYL_PRES_STAT,0,1594870555.74868
CYL_PRES_STAT,0,1594870555.777685
CYL_PRES_STAT,0,1594870555.8105862
CYL_PRES_STAT,0,1594870555.830843
CYL_PRES_STAT,0,1594870555.8550901
CYL_PRES_STAT,0,1594870555.892342
CYL_PRES_STAT,0,1594870555.912946
CYL_PRES_STAT,0,1594870556.0394108
CYL_PRES_STAT,0,1594870556.0479648
CYL_PRES_STAT,0,1594870556.059828
CYL_PRES_STAT,0,1594870556.06854
CYL_PRES_STAT,0,1594870556.121392
CYL_PRES_STAT,0,1594870556.162761
CYL_PRES_STAT,0,1594870556.235924
CYL_PRES_STAT,0,1594870556.244589
CYL_PRES_STAT,0,1594870556.330134
CYL_PRES_STAT,0,1594870556.482346
CYL_PRES_STAT,0,1594870556.5555892
CYL_PRES_STAT,0,1594870556.6495938
CYL_PRES_STAT,0,1594870556.6584911
CYL_PRES_STAT,0,1594870556.719907
CYL_PRES_STAT,0,1594870556.7438989
CYL_PRES_STAT,0,1594870556.760658
CYL_PRES_STAT,0,1594870556.793612
CYL_PRES_STAT,0,1594870556.8257976
CYL_PRES_STAT,0,1594870556.9285538
CYL_PRES_STAT,0,1594870556.989585
CYL_PRES_STAT,0,1594870557.042988
CYL_PRES_STAT,0,1594870557.0514188
CYL_PRES_STAT,0,1594870557.0720482
CYL_PRES_STAT,0,1594870557.0926466
CYL_PRES_STAT,0,1594870557.1249402
CYL_PRES_STAT,0,1594870557.1864474
CYL_PRES_STAT,0,1594870557.206738
CYL_PRES_STAT,0,1594870557.239425
CYL_PRES_STAT,0,1594870557.321391
CYL_PRES_STAT,0,1594870557.505981
CYL_PRES_STAT,0,1594870557.547075
CYL_PRES_STAT,0,1594870557.61235
CYL_PRES_STAT,0,1594870557.6740801
CYL_PRES_STAT,0,1594870557.694028
CYL_PRES_STAT,0,1594870557.7023098
CYL_PRES_STAT,0,1594870557.73505
CYL_PRES_STAT,0,1594870557.796566
CYL_PRES_STAT,0,1594870557.952754
CYL_PRES_STAT,0,1594870557.984939
CYL_PRES_STAT,0,1594870557.9931269
CYL_PRES_STAT,0,1594870558.0053241
CYL_PRES_STAT,0,1594870558.0259476
CYL_PRES_STAT,0,1594870558.128208
CYL_PRES_STAT,0,1594870558.1488721
CYL_PRES_STAT,0,1594870558.157417
CYL_PRES_STAT,0,1594870558.16924
CYL_PRES_STAT,0,1594870558.2108648
CYL_PRES_STAT,0,1594870558.2310948
CYL_PRES_STAT,0,1594870558.255178
CYL_PRES_STAT,0,1594870558.2720711
CYL_PRES_STAT,0,1594870558.2840068
CYL_PRES_STAT,0,1594870558.30433
CYL_PRES_STAT,0,1594870558.3128908
CYL_PRES_STAT,0,1594870558.46001
CYL_PRES_STAT,0,1594870558.582908
CYL_PRES_STAT,0,1594870558.6037369
CYL_PRES_STAT,0,1594870558.615627
CYL_PRES_STAT,0,1594870558.624092
CYL_PRES_STAT,0,1594870558.6446419
CYL_PRES_STAT,0,1594870558.7270179
CYL_PRES_STAT,0,1594870558.7384698
CYL_PRES_STAT,0,1594870558.7469769
CYL_PRES_STAT,0,1594870558.7796
CYL_PRES_STAT,0,1594870558.8532689
CYL_PRES_STAT,0,1594870558.8656259
CYL_PRES_STAT,0,1594870558.8739266
CYL_PRES_STAT,0,1594870558.8942668
CYL_PRES_STAT,0,1594870558.914721
CYL_PRES_STAT,0,1594870558.935115
CYL_PRES_STAT,0,1594870558.9437509
CYL_PRES_STAT,0,1594870558.996595
CYL_PRES_STAT,0,1594870559.0293279
CYL_PRES_STAT,0,1594870559.0581381
CYL_PRES_STAT,0,1594870559.111634
CYL_PRES_STAT,0,1594870559.119786
CYL_PRES_STAT,0,1594870559.143996
CYL_PRES_STAT,0,1594870559.1607811
CYL_PRES_STAT,0,1594870559.172634
CYL_PRES_STAT,0,1594870559.1849189
CYL_PRES_STAT,0,1594870559.1973472
CYL_PRES_STAT,0,1594870559.201682
CYL_PRES_STAT,0,1594870559.2341301
CYL_PRES_STAT,0,1594870559.266845
CYL_PRES_STAT,0,1594870559.32831
CYL_PRES_STAT,0,1594870559.348772
CYL_PRES_STAT,0,1594870559.4104464
CYL_PRES_STAT,0,1594870559.4224539
CYL_PRES_STAT,0,1594870559.451351
CYL_PRES_STAT,0,1594870559.471957
CYL_PRES_STAT,0,1594870559.492516
CYL_PRES_STAT,0,1594870559.513018
CYL_PRES_STAT,0,1594870559.533922
CYL_PRES_STAT,0,1594870559.639542
CYL_PRES_STAT,0,1594870559.7215302
CYL_PRES_STAT,0,1594870559.742292
CYL_PRES_STAT,0,1594870559.762581
CYL_PRES_STAT,0,1594870559.774742
CYL_PRES_STAT,0,1594870559.783654
CYL_PRES_STAT,0,1594870559.8239381
CYL_PRES_STAT,0,1594870559.844484
CYL_PRES_STAT,0,1594870559.8566089
CYL_PRES_STAT,0,1594870559.938619
CYL_PRES_STAT,0,1594870559.950807
CYL_PRES_STAT,0,1594870560.012352
CYL_PRES_STAT,0,1594870560.021017
CYL_PRES_STAT,0,1594870560.061504
CYL_PRES_STAT,0,1594870560.073633
CYL_PRES_STAT,0,1594870560.094203
CYL_PRES_STAT,0,1594870560.102884
CYL_PRES_STAT,0,1594870560.114841
CYL_PRES_STAT,0,1594870560.3403466
CYL_PRES_STAT,0,1594870560.3522608
CYL_PRES_STAT,0,1594870560.364438
CYL_PRES_STAT,0,1594870560.4137864
CYL_PRES_STAT,0,1594870560.4259741
CYL_PRES_STAT,0,1594870560.4752018
CYL_PRES_STAT,0,1594870560.6106298
CYL_PRES_STAT,0,1594870560.655157
CYL_PRES_STAT,0,1594870560.6928034
CYL_PRES_STAT,0,1594870560.716745
CYL_PRES_STAT,0,1594870560.733841
CYL_PRES_STAT,0,1594870560.774606
CYL_PRES_STAT,0,1594870560.848138
CYL_PRES_STAT,0,1594870560.921592
CYL_PRES_STAT,0,1594870560.962643
CYL_PRES_STAT,0,1594870560.983558
CYL_PRES_STAT,0,1594870561.003922
CYL_PRES_STAT,0,1594870561.0157619
CYL_PRES_STAT,0,1594870561.212275
CYL_PRES_STAT,0,1594870561.253355
CYL_PRES_STAT,0,1594870561.2619581
CYL_PRES_STAT,0,1594870561.2739358
CYL_PRES_STAT,0,1594870561.3850226
CYL_PRES_STAT,0,1594870561.396844
CYL_PRES_STAT,0,1594870561.47034
CYL_PRES_STAT,0,1594870561.490906
CYL_PRES_STAT,0,1594870561.520012
CYL_PRES_STAT,0,1594870561.58155
CYL_PRES_STAT,0,1594870561.593272
CYL_PRES_STAT,0,1594870561.601985
CYL_PRES_STAT,0,1594870561.6136801
CYL_PRES_STAT,0,1594870561.62603
CYL_PRES_STAT,0,1594870561.728544
CYL_PRES_STAT,0,1594870561.7695
CYL_PRES_STAT,0,1594870561.7898982
CYL_PRES_STAT,0,1594870561.843272
CYL_PRES_STAT,0,1594870561.8514519
CYL_PRES_STAT,0,1594870561.872323
CYL_PRES_STAT,0,1594870561.88398
CYL_PRES_STAT,0,1594870561.892813
CYL_PRES_STAT,0,1594870561.913284
CYL_PRES_STAT,0,1594870562.0396461
CYL_PRES_STAT,0,1594870562.0602038
CYL_PRES_STAT,0,1594870562.1217668
CYL_PRES_STAT,0,1594870562.142194
CYL_PRES_STAT,0,1594870562.163244
CYL_PRES_STAT,0,1594870562.203923
CYL_PRES_STAT,0,1594870562.224019
CYL_PRES_STAT,0,1594870562.338675
CYL_PRES_STAT,0,1594870562.347285
CYL_PRES_STAT,0,1594870562.4208472
CYL_PRES_STAT,0,1594870562.4328039
CYL_PRES_STAT,0,1594870562.503062
CYL_PRES_STAT,0,1594870562.5352588
CYL_PRES_STAT,0,1594870562.543881
CYL_PRES_STAT,0,1594870562.564233
CYL_PRES_STAT,0,1594870562.5762892
CYL_PRES_STAT,0,1594870562.6582608
CYL_PRES_STAT,0,1594870562.67049
CYL_PRES_STAT,0,1594870562.72366
CYL_PRES_STAT,0,1594870562.7442508
CYL_PRES_STAT,0,1594870562.752546
CYL_PRES_STAT,0,1594870562.764713
CYL_PRES_STAT,0,1594870562.785244
CYL_PRES_STAT,0,1594870562.793376
CYL_PRES_STAT,0,1594870562.8019779
CYL_PRES_STAT,0,1594870562.834269
CYL_PRES_STAT,0,1594870562.917193
CYL_PRES_STAT,0,1594870562.928551
CYL_PRES_STAT,0,1594870562.9575448
CYL_PRES_STAT,0,1594870562.969543
CYL_PRES_STAT,0,1594870563.010845
CYL_PRES_STAT,0,1594870563.031277
CYL_PRES_STAT,0,1594870563.0842726
CYL_PRES_STAT,0,1594870563.092982
CYL_PRES_STAT,0,1594870563.112937
CYL_PRES_STAT,0,1594870563.125094
CYL_PRES_STAT,0,1594870563.1746562
CYL_PRES_STAT,0,1594870563.2070231
CYL_PRES_STAT,0,1594870563.239798
CYL_PRES_STAT,0,1594870563.342186
CYL_PRES_STAT,0,1594870563.3630662
CYL_PRES_STAT,0,1594870563.384371
CYL_PRES_STAT,0,1594870563.3920488
CYL_PRES_STAT,0,1594870563.4036686
CYL_PRES_STAT,0,1594870563.416051
CYL_PRES_STAT,0,1594870563.424129
CYL_PRES_STAT,0,1594870563.5387151
CYL_PRES_STAT,0,1594870563.547589
CYL_PRES_STAT,0,1594870563.6002119
CYL_PRES_STAT,0,1594870563.609031
CYL_PRES_STAT,0,1594870563.633054
CYL_PRES_STAT,0,1594870563.653468
CYL_PRES_STAT,0,1594870563.662323
CYL_PRES_STAT,0,1594870563.67392
CYL_PRES_STAT,0,1594870563.8583062
CYL_PRES_STAT,0,1594870563.8669078
CYL_PRES_STAT,0,1594870563.9118679
CYL_PRES_STAT,0,1594870563.920022
CYL_PRES_STAT,0,1594870563.9819438
CYL_PRES_STAT,0,1594870564.002041
CYL_PRES_STAT,0,1594870564.0263212
CYL_PRES_STAT,0,1594870564.08765
CYL_PRES_STAT,0,1594870564.1081226
CYL_PRES_STAT,0,1594870564.149153
CYL_PRES_STAT,0,1594870564.219069
CYL_PRES_STAT,0,1594870564.2309089
CYL_PRES_STAT,0,1594870564.2395148
CYL_PRES_STAT,0,1594870564.2721882
CYL_PRES_STAT,0,1594870564.345757
CYL_PRES_STAT,0,1594870564.3661358
CYL_PRES_STAT,0,1594870564.436089
CYL_PRES_STAT,0,1594870564.4480288
CYL_PRES_STAT,0,1594870564.521773
CYL_PRES_STAT,0,1594870564.542387
CYL_PRES_STAT,0,1594870564.5628002
CYL_PRES_STAT,0,1594870564.6040242
CYL_PRES_STAT,0,1594870564.6328151
CYL_PRES_STAT,0,1594870564.6446779
CYL_PRES_STAT,0,1594870564.7595782
CYL_PRES_STAT,0,1594870564.7886634
CYL_PRES_STAT,0,1594870564.894454
CYL_PRES_STAT,0,1594870564.903291
CYL_PRES_STAT,0,1594870564.915051
CYL_PRES_STAT,0,1594870565.0379539
CYL_PRES_STAT,0,1594870565.050144
CYL_PRES_STAT,0,1594870565.058435
CYL_PRES_STAT,0,1594870565.0997682
CYL_PRES_STAT,0,1594870565.120183
CYL_PRES_STAT,0,1594870565.132133
CYL_PRES_STAT,0,1594870565.140506
CYL_PRES_STAT,0,1594870565.164973
CYL_PRES_STAT,0,1594870565.1817212
CYL_PRES_STAT,0,1594870565.205653
CYL_PRES_STAT,0,1594870565.226132
CYL_PRES_STAT,0,1594870565.308346
CYL_PRES_STAT,0,1594870565.316998
CYL_PRES_STAT,0,1594870565.3491461
CYL_PRES_STAT,0,1594870565.4928632
CYL_PRES_STAT,0,1594870565.5171034
CYL_PRES_STAT,0,1594870565.554378
CYL_PRES_STAT,0,1594870565.5954726
CYL_PRES_STAT,0,1594870565.701336
CYL_PRES_STAT,0,1594870565.7303722
CYL_PRES_STAT,0,1594870565.742317
CYL_PRES_STAT,0,1594870565.7631
CYL_PRES_STAT,0,1594870565.783248
CYL_PRES_STAT,0,1594870565.8040168
CYL_PRES_STAT,0,1594870565.906191
CYL_PRES_STAT,0,1594870565.930569
CYL_PRES_STAT,0,1594870566.053631
CYL_PRES_STAT,0,1594870566.135552
CYL_PRES_STAT,0,1594870566.1437821
CYL_PRES_STAT,0,1594870566.237998
CYL_PRES_STAT,0,1594870566.299946
CYL_PRES_STAT,0,1594870566.3208606
CYL_PRES_STAT,0,1594870566.332036
CYL_PRES_STAT,0,1594870566.393981
CYL_PRES_STAT,0,1594870566.4225466
CYL_PRES_STAT,0,1594870566.4550462
CYL_PRES_STAT,0,1594870566.619395
CYL_PRES_STAT,0,1594870566.6311018
CYL_PRES_STAT,0,1594870566.6433446
CYL_PRES_STAT,0,1594870566.6520789
CYL_PRES_STAT,0,1594870566.67244
CYL_PRES_STAT,0,1594870566.6968582
CYL_PRES_STAT,0,1594870566.734103
CYL_PRES_STAT,0,1594870566.7867572
CYL_PRES_STAT,0,1594870566.819368
CYL_PRES_STAT,0,1594870566.9015622
CYL_PRES_STAT,0,1594870566.921943
CYL_PRES_STAT,0,1594870566.942572
CYL_PRES_STAT,0,1594870566.9838662
CYL_PRES_STAT,0,1594870567.003884
CYL_PRES_STAT,0,1594870567.024299
CYL_PRES_STAT,0,1594870567.127566
CYL_PRES_STAT,0,1594870567.1801548
CYL_PRES_STAT,0,1594870567.2536044
CYL_PRES_STAT,0,1594870567.274227
CYL_PRES_STAT,0,1594870567.294667
CYL_PRES_STAT,0,1594870567.376606
CYL_PRES_STAT,0,1594870567.4174619
CYL_PRES_STAT,0,1594870567.44679
CYL_PRES_STAT,0,1594870567.458544
CYL_PRES_STAT,0,1594870567.4996722
CYL_PRES_STAT,0,1594870567.520355
CYL_PRES_STAT,0,1594870567.540859
CYL_PRES_STAT,0,1594870567.552927
CYL_PRES_STAT,0,1594870567.564874
CYL_PRES_STAT,0,1594870567.6264699
CYL_PRES_STAT,0,1594870567.708367
CYL_PRES_STAT,0,1594870567.769711
CYL_PRES_STAT,0,1594870567.790241
CYL_PRES_STAT,0,1594870567.798719
CYL_PRES_STAT,0,1594870567.81076
CYL_PRES_STAT,0,1594870567.8311882
CYL_PRES_STAT,0,1594870567.8433864
CYL_PRES_STAT,0,1594870567.872603
CYL_PRES_STAT,0,1594870567.884475
CYL_PRES_STAT,0,1594870567.8934588
CYL_PRES_STAT,0,1594870567.91362
CYL_PRES_STAT,0,1594870567.986793
CYL_PRES_STAT,0,1594870568.0072439
CYL_PRES_STAT,0,1594870568.015763
CYL_PRES_STAT,0,1594870568.068842
CYL_PRES_STAT,0,1594870568.0809689
CYL_PRES_STAT,0,1594870568.121928
CYL_PRES_STAT,0,1594870568.1305768
CYL_PRES_STAT,0,1594870568.14254
CYL_PRES_STAT,0,1594870568.1628866
CYL_PRES_STAT,0,1594870568.171629
CYL_PRES_STAT,0,1594870568.1835
CYL_PRES_STAT,0,1594870568.204445
CYL_PRES_STAT,0,1594870568.244852
CYL_PRES_STAT,0,1594870568.265404
CYL_PRES_STAT,0,1594870568.4626582
CYL_PRES_STAT,0,1594870568.474176
CYL_PRES_STAT,0,1594870568.5356538
CYL_PRES_STAT,0,1594870568.638282
CYL_PRES_STAT,0,1594870568.658762
CYL_PRES_STAT,0,1594870568.6708179
CYL_PRES_STAT,0,1594870568.691224
CYL_PRES_STAT,0,1594870568.699882
CYL_PRES_STAT,0,1594870568.764936
CYL_PRES_STAT,0,1594870568.785399
CYL_PRES_STAT,0,1594870568.7940302
CYL_PRES_STAT,0,1594870569.011096
CYL_PRES_STAT,0,1594870569.031564
CYL_PRES_STAT,0,1594870569.0435252
CYL_PRES_STAT,0,1594870569.052373
CYL_PRES_STAT,0,1594870569.076292
CYL_PRES_STAT,0,1594870569.084508
CYL_PRES_STAT,0,1594870569.093274
CYL_PRES_STAT,0,1594870569.207694
CYL_PRES_STAT,0,1594870569.2196748
CYL_PRES_STAT,0,1594870569.26058
CYL_PRES_STAT,0,1594870569.301523
CYL_PRES_STAT,0,1594870569.322089
CYL_PRES_STAT,0,1594870569.342773
CYL_PRES_STAT,0,1594870569.3509538
CYL_PRES_STAT,0,1594870569.3839822
CYL_PRES_STAT,0,1594870569.4039538
CYL_PRES_STAT,0,1594870569.5272741
CYL_PRES_STAT,0,1594870569.633384
CYL_PRES_STAT,0,1594870569.6538901
CYL_PRES_STAT,0,1594870569.674449
CYL_PRES_STAT,0,1594870569.7153132
CYL_PRES_STAT,0,1594870569.805674
CYL_PRES_STAT,0,1594870569.81759
CYL_PRES_STAT,0,1594870569.8382342
CYL_PRES_STAT,0,1594870569.850264
CYL_PRES_STAT,0,1594870569.879466
CYL_PRES_STAT,0,1594870569.900172
CYL_PRES_STAT,0,1594870569.920419
CYL_PRES_STAT,0,1594870569.94105
CYL_PRES_STAT,0,1594870569.9528608
CYL_PRES_STAT,0,1594870569.961369
CYL_PRES_STAT,0,1594870570.005981
CYL_PRES_STAT,0,1594870570.0878851
CYL_PRES_STAT,0,1594870570.108557
CYL_PRES_STAT,0,1594870570.128901
CYL_PRES_STAT,0,1594870570.2026198
CYL_PRES_STAT,0,1594870570.2112498
CYL_PRES_STAT,0,1594870570.231481
CYL_PRES_STAT,0,1594870570.25184
CYL_PRES_STAT,0,1594870570.272789
CYL_PRES_STAT,0,1594870570.284668
CYL_PRES_STAT,0,1594870570.2934248
CYL_PRES_STAT,0,1594870570.313529
CYL_PRES_STAT,0,1594870570.3666072
CYL_PRES_STAT,0,1594870570.50167
CYL_PRES_STAT,0,1594870570.510699
CYL_PRES_STAT,0,1594870570.5221386
CYL_PRES_STAT,0,1594870570.530623
CYL_PRES_STAT,0,1594870570.542876
CYL_PRES_STAT,0,1594870570.5836642
CYL_PRES_STAT,0,1594870570.604179
CYL_PRES_STAT,0,1594870570.7105331
CYL_PRES_STAT,0,1594870570.727352
CYL_PRES_STAT,0,1594870570.792473
CYL_PRES_STAT,0,1594870570.812882
CYL_PRES_STAT,0,1594870570.833475
CYL_PRES_STAT,0,1594870570.853793
CYL_PRES_STAT,0,1594870570.903337
CYL_PRES_STAT,0,1594870570.915227
CYL_PRES_STAT,0,1594870570.924044
CYL_PRES_STAT,0,1594870570.9357429
CYL_PRES_STAT,0,1594870571.0180519
CYL_PRES_STAT,0,1594870571.029938
CYL_PRES_STAT,0,1594870571.038187
CYL_PRES_STAT,0,1594870571.050432
CYL_PRES_STAT,0,1594870571.099935
CYL_PRES_STAT,0,1594870571.1408858
CYL_PRES_STAT,0,1594870571.161359
CYL_PRES_STAT,0,1594870571.222891
CYL_PRES_STAT,0,1594870571.243406
CYL_PRES_STAT,0,1594870571.3085241
CYL_PRES_STAT,0,1594870571.329031
CYL_PRES_STAT,0,1594870571.390385
CYL_PRES_STAT,0,1594870571.4108949
CYL_PRES_STAT,0,1594870571.419971
CYL_PRES_STAT,0,1594870571.4314241
CYL_PRES_STAT,0,1594870571.443573
CYL_PRES_STAT,0,1594870571.452332
CYL_PRES_STAT,0,1594870571.472694
CYL_PRES_STAT,0,1594870571.5138779
CYL_PRES_STAT,0,1594870571.52563
CYL_PRES_STAT,0,1594870571.607893
CYL_PRES_STAT,0,1594870571.640209
CYL_PRES_STAT,0,1594870571.7017322
CYL_PRES_STAT,0,1594870571.722157
CYL_PRES_STAT,0,1594870571.7426288
CYL_PRES_STAT,0,1594870571.804238
CYL_PRES_STAT,0,1594870571.833367
CYL_PRES_STAT,0,1594870571.914929
CYL_PRES_STAT,0,1594870571.9684188
CYL_PRES_STAT,0,1594870572.033495
CYL_PRES_STAT,0,1594870572.0540216
CYL_PRES_STAT,0,1594870572.094945
CYL_PRES_STAT,0,1594870572.103559
CYL_PRES_STAT,0,1594870572.2267368
CYL_PRES_STAT,0,1594870572.246934
CYL_PRES_STAT,0,1594870572.259049
CYL_PRES_STAT,0,1594870572.3003774
CYL_PRES_STAT,0,1594870572.3533306
CYL_PRES_STAT,0,1594870572.4146562
CYL_PRES_STAT,0,1594870572.4471614
CYL_PRES_STAT,0,1594870572.52898
CYL_PRES_STAT,0,1594870572.5908842
CYL_PRES_STAT,0,1594870572.602741
CYL_PRES_STAT,0,1594870572.6110024
CYL_PRES_STAT,0,1594870572.631499
CYL_PRES_STAT,0,1594870572.655981
CYL_PRES_STAT,0,1594870572.6642199
CYL_PRES_STAT,0,1594870572.672388
CYL_PRES_STAT,0,1594870572.693336
CYL_PRES_STAT,0,1594870572.713752
CYL_PRES_STAT,0,1594870572.746229
CYL_PRES_STAT,0,1594870572.75466
CYL_PRES_STAT,0,1594870572.8369231
CYL_PRES_STAT,0,1594870572.881314
CYL_PRES_STAT,0,1594870572.901715
CYL_PRES_STAT,0,1594870572.9345012
CYL_PRES_STAT,0,1594870572.963567
CYL_PRES_STAT,0,1594870572.9719172
CYL_PRES_STAT,0,1594870572.9837284
CYL_PRES_STAT,0,1594870573.1105876
CYL_PRES_STAT,0,1594870573.1479008
CYL_PRES_STAT,0,1594870573.192698
CYL_PRES_STAT,0,1594870573.2006972
CYL_PRES_STAT,0,1594870573.209362
CYL_PRES_STAT,0,1594870573.233535
CYL_PRES_STAT,0,1594870573.2419288
CYL_PRES_STAT,0,1594870573.2744908
CYL_PRES_STAT,0,1594870573.2948759
CYL_PRES_STAT,0,1594870573.4178698
CYL_PRES_STAT,0,1594870573.429974
CYL_PRES_STAT,0,1594870573.4383311
CYL_PRES_STAT,0,1594870573.47956
CYL_PRES_STAT,0,1594870573.544732
CYL_PRES_STAT,0,1594870573.561515
CYL_PRES_STAT,0,1594870573.585674
CYL_PRES_STAT,0,1594870573.5940301
CYL_PRES_STAT,0,1594870573.688257
CYL_PRES_STAT,0,1594870573.7088268
CYL_PRES_STAT,0,1594870573.79056
CYL_PRES_STAT,0,1594870573.8116698
CYL_PRES_STAT,0,1594870573.831748
CYL_PRES_STAT,0,1594870573.843803
CYL_PRES_STAT,0,1594870573.8523376
CYL_PRES_STAT,0,1594870573.8846571
CYL_PRES_STAT,0,1594870573.946228
CYL_PRES_STAT,0,1594870573.9666278
CYL_PRES_STAT,0,1594870574.093879
CYL_PRES_STAT,0,1594870574.101918
CYL_PRES_STAT,0,1594870574.1226401
CYL_PRES_STAT,0,1594870574.16325
CYL_PRES_STAT,0,1594870574.171962
CYL_PRES_STAT,0,1594870574.183704
CYL_PRES_STAT,0,1594870574.204329
CYL_PRES_STAT,0,1594870574.380228
CYL_PRES_STAT,0,1594870574.421797
CYL_PRES_STAT,0,1594870574.433585
CYL_PRES_STAT,0,1594870574.454283
CYL_PRES_STAT,0,1594870574.462261
CYL_PRES_STAT,0,1594870574.474514
CYL_PRES_STAT,0,1594870574.495032
CYL_PRES_STAT,0,1594870574.503649
CYL_PRES_STAT,0,1594870574.585421
CYL_PRES_STAT,0,1594870574.617939
CYL_PRES_STAT,0,1594870574.6384661
CYL_PRES_STAT,0,1594870574.700182
CYL_PRES_STAT,0,1594870574.7206466
CYL_PRES_STAT,0,1594870574.7448802
CYL_PRES_STAT,0,1594870574.794013
CYL_PRES_STAT,0,1594870574.802608
CYL_PRES_STAT,0,1594870574.826823
CYL_PRES_STAT,0,1594870574.937773
CYL_PRES_STAT,0,1594870574.949558
CYL_PRES_STAT,0,1594870574.990689
CYL_PRES_STAT,0,1594870575.052311
CYL_PRES_STAT,0,1594870575.093696
CYL_PRES_STAT,0,1594870575.207737
CYL_PRES_STAT,0,1594870575.2198954
CYL_PRES_STAT,0,1594870575.2813828
CYL_PRES_STAT,0,1594870575.290076
CYL_PRES_STAT,0,1594870575.3019464
CYL_PRES_STAT,0,1594870575.3223891
CYL_PRES_STAT,0,1594870575.3313851
CYL_PRES_STAT,0,1594870575.3428962
CYL_PRES_STAT,0,1594870575.363468
CYL_PRES_STAT,0,1594870575.4574258
CYL_PRES_STAT,0,1594870575.486763
CYL_PRES_STAT,0,1594870575.507314
CYL_PRES_STAT,0,1594870575.5927384
CYL_PRES_STAT,0,1594870575.613159
CYL_PRES_STAT,0,1594870575.6745849
CYL_PRES_STAT,0,1594870575.7033556
CYL_PRES_STAT,0,1594870575.715631
CYL_PRES_STAT,0,1594870575.838409
CYL_PRES_STAT,0,1594870575.9244561
CYL_PRES_STAT,0,1594870575.932729
CYL_PRES_STAT,0,1594870575.941716
CYL_PRES_STAT,0,1594870575.961835
CYL_PRES_STAT,0,1594870575.98235
CYL_PRES_STAT,0,1594870575.9942431
CYL_PRES_STAT,0,1594870576.088314
CYL_PRES_STAT,0,1594870576.0964901
CYL_PRES_STAT,0,1594870576.1087284
CYL_PRES_STAT,0,1594870576.1292179
CYL_PRES_STAT,0,1594870576.1498306
CYL_PRES_STAT,0,1594870576.1907232
CYL_PRES_STAT,0,1594870576.211295
CYL_PRES_STAT,0,1594870576.23194
CYL_PRES_STAT,0,1594870576.244004
CYL_PRES_STAT,0,1594870576.305326
CYL_PRES_STAT,0,1594870576.314292
CYL_PRES_STAT,0,1594870576.490001
CYL_PRES_STAT,0,1594870576.501917
CYL_PRES_STAT,0,1594870576.563539
CYL_PRES_STAT,0,1594870576.572027
CYL_PRES_STAT,0,1594870576.592772
CYL_PRES_STAT,0,1594870576.604449
CYL_PRES_STAT,0,1594870576.727641
CYL_PRES_STAT,0,1594870576.7394614
CYL_PRES_STAT,0,1594870576.7600179
CYL_PRES_STAT,0,1594870576.82549
CYL_PRES_STAT,0,1594870576.8337018
CYL_PRES_STAT,0,1594870576.854267
CYL_PRES_STAT,0,1594870576.874707
CYL_PRES_STAT,0,1594870576.915731
CYL_PRES_STAT,0,1594870577.018101
CYL_PRES_STAT,0,1594870577.047151
CYL_PRES_STAT,0,1594870577.07949
CYL_PRES_STAT,0,1594870577.100397
CYL_PRES_STAT,0,1594870577.1246018
CYL_PRES_STAT,0,1594870577.182265
CYL_PRES_STAT,0,1594870577.202825
CYL_PRES_STAT,0,1594870577.2147
CYL_PRES_STAT,0,1594870577.247414
CYL_PRES_STAT,0,1594870577.3089712
CYL_PRES_STAT,0,1594870577.3908954
CYL_PRES_STAT,0,1594870577.4317849
CYL_PRES_STAT,0,1594870577.452224
CYL_PRES_STAT,0,1594870577.473085
CYL_PRES_STAT,0,1594870577.484917
CYL_PRES_STAT,0,1594870577.4934509
CYL_PRES_STAT,0,1594870577.5139751
CYL_PRES_STAT,0,1594870577.6488311
CYL_PRES_STAT,0,1594870577.702141
CYL_PRES_STAT,0,1594870577.7229972
CYL_PRES_STAT,0,1594870577.7312472
CYL_PRES_STAT,0,1594870577.74333
CYL_PRES_STAT,0,1594870577.751872
CYL_PRES_STAT,0,1594870577.7634306
CYL_PRES_STAT,0,1594870577.7839038
CYL_PRES_STAT,0,1594870577.8044126
CYL_PRES_STAT,0,1594870577.845352
CYL_PRES_STAT,0,1594870577.857697
CYL_PRES_STAT,0,1594870577.8781726
CYL_PRES_STAT,0,1594870577.8867874
CYL_PRES_STAT,0,1594870577.907194
CYL_PRES_STAT,0,1594870577.9277
CYL_PRES_STAT,0,1594870577.992959
CYL_PRES_STAT,0,1594870578.013292
CYL_PRES_STAT,0,1594870578.0746932
CYL_PRES_STAT,0,1594870578.1039412
CYL_PRES_STAT,0,1594870578.144827
CYL_PRES_STAT,0,1594870578.156592
CYL_PRES_STAT,0,1594870578.280333
CYL_PRES_STAT,0,1594870578.291817
CYL_PRES_STAT,0,1594870578.312524
CYL_PRES_STAT,0,1594870578.3413439
CYL_PRES_STAT,0,1594870578.3942199
CYL_PRES_STAT,0,1594870578.4884698
CYL_PRES_STAT,0,1594870578.509138
CYL_PRES_STAT,0,1594870578.52944
CYL_PRES_STAT,0,1594870578.590822
CYL_PRES_STAT,0,1594870578.611645
CYL_PRES_STAT,0,1594870578.632329
CYL_PRES_STAT,0,1594870578.644267
CYL_PRES_STAT,0,1594870578.7054482
CYL_PRES_STAT,0,1594870578.7138062
CYL_PRES_STAT,0,1594870578.755236
CYL_PRES_STAT,0,1594870578.816473
CYL_PRES_STAT,0,1594870578.8816726
CYL_PRES_STAT,0,1594870578.8904119
CYL_PRES_STAT,0,1594870578.902185
CYL_PRES_STAT,0,1594870578.943112
CYL_PRES_STAT,0,1594870578.963702
CYL_PRES_STAT,0,1594870578.972251
CYL_PRES_STAT,0,1594870578.984193
CYL_PRES_STAT,0,1594870579.107302
CYL_PRES_STAT,0,1594870579.1277282
CYL_PRES_STAT,0,1594870579.189285
CYL_PRES_STAT,0,1594870579.213569
CYL_PRES_STAT,0,1594870579.283233
CYL_PRES_STAT,0,1594870579.2954972
CYL_PRES_STAT,0,1594870579.315897
CYL_PRES_STAT,0,1594870579.397738
CYL_PRES_STAT,0,1594870579.406281
CYL_PRES_STAT,0,1594870579.4182198
CYL_PRES_STAT,0,1594870579.480103
CYL_PRES_STAT,0,1594870579.5042481
CYL_PRES_STAT,0,1594870579.52475
CYL_PRES_STAT,0,1594870579.5656788
CYL_PRES_STAT,0,1594870579.5823932
CYL_PRES_STAT,0,1594870579.6064398
CYL_PRES_STAT,0,1594870579.709124
CYL_PRES_STAT,0,1594870579.717832
CYL_PRES_STAT,0,1594870579.729664
CYL_PRES_STAT,0,1594870579.790941
CYL_PRES_STAT,0,1594870579.873256
CYL_PRES_STAT,0,1594870579.987544
CYL_PRES_STAT,0,1594870580.0284624
CYL_PRES_STAT,0,1594870580.0695126
CYL_PRES_STAT,0,1594870580.0818932
CYL_PRES_STAT,0,1594870580.102155
CYL_PRES_STAT,0,1594870580.1226368
CYL_PRES_STAT,0,1594870580.1432364
CYL_PRES_STAT,0,1594870580.1639051
CYL_PRES_STAT,0,1594870580.257931
CYL_PRES_STAT,0,1594870580.3811488
CYL_PRES_STAT,0,1594870580.392958
CYL_PRES_STAT,0,1594870580.4544158
CYL_PRES_STAT,0,1594870580.463008
CYL_PRES_STAT,0,1594870580.474947
CYL_PRES_STAT,0,1594870580.556797
CYL_PRES_STAT,0,1594870580.586112
CYL_PRES_STAT,0,1594870580.7005901
CYL_PRES_STAT,0,1594870580.721201
CYL_PRES_STAT,0,1594870580.741608
CYL_PRES_STAT,0,1594870580.762099
CYL_PRES_STAT,0,1594870580.7827706
CYL_PRES_STAT,0,1594870580.794443
CYL_PRES_STAT,0,1594870580.896926
CYL_PRES_STAT,0,1594870580.9091868
CYL_PRES_STAT,0,1594870581.031922
CYL_PRES_STAT,0,1594870581.1468608
CYL_PRES_STAT,0,1594870581.176141
CYL_PRES_STAT,0,1594870581.208131
CYL_PRES_STAT,0,1594870581.216752
CYL_PRES_STAT,0,1594870581.281726
CYL_PRES_STAT,0,1594870581.290278
CYL_PRES_STAT,0,1594870581.3431768
CYL_PRES_STAT,0,1594870581.363903
CYL_PRES_STAT,0,1594870581.487047
CYL_PRES_STAT,0,1594870581.50756
CYL_PRES_STAT,0,1594870581.5894024
CYL_PRES_STAT,0,1594870581.609832
CYL_PRES_STAT,0,1594870581.62211
CYL_PRES_STAT,0,1594870581.6340976
CYL_PRES_STAT,0,1594870581.6545546
CYL_PRES_STAT,0,1594870581.777364
CYL_PRES_STAT,0,1594870581.78599
CYL_PRES_STAT,0,1594870581.7979894
CYL_PRES_STAT,0,1594870581.8801124
CYL_PRES_STAT,0,1594870581.901058
CYL_PRES_STAT,0,1594870581.962332
CYL_PRES_STAT,0,1594870581.982442
CYL_PRES_STAT,0,1594870582.0148392
CYL_PRES_STAT,0,1594870582.0354528
CYL_PRES_STAT,0,1594870582.047608
CYL_PRES_STAT,0,1594870582.088555
CYL_PRES_STAT,0,1594870582.138292
CYL_PRES_STAT,0,1594870582.2115312
CYL_PRES_STAT,0,1594870582.346875
CYL_PRES_STAT,0,1594870582.40814
CYL_PRES_STAT,0,1594870582.416857
CYL_PRES_STAT,0,1594870582.481953
CYL_PRES_STAT,0,1594870582.502426
CYL_PRES_STAT,0,1594870582.522814
CYL_PRES_STAT,0,1594870582.535027
CYL_PRES_STAT,0,1594870582.543479
CYL_PRES_STAT,0,1594870582.584344
CYL_PRES_STAT,0,1594870582.687047
CYL_PRES_STAT,0,1594870582.7282329
CYL_PRES_STAT,0,1594870582.772676
CYL_PRES_STAT,0,1594870582.781528
CYL_PRES_STAT,0,1594870582.793129
CYL_PRES_STAT,0,1594870582.85457
CYL_PRES_STAT,0,1594870582.8627589
CYL_PRES_STAT,0,1594870582.875075
CYL_PRES_STAT,0,1594870582.895467
CYL_PRES_STAT,0,1594870582.9160712
CYL_PRES_STAT,0,1594870582.977497
CYL_PRES_STAT,0,1594870583.100641
CYL_PRES_STAT,0,1594870583.112701
CYL_PRES_STAT,0,1594870583.1213794
CYL_PRES_STAT,0,1594870583.141778
CYL_PRES_STAT,0,1594870583.165819
CYL_PRES_STAT,0,1594870583.215067
CYL_PRES_STAT,0,1594870583.235411
CYL_PRES_STAT,0,1594870583.3706508
CYL_PRES_STAT,0,1594870583.3912039
CYL_PRES_STAT,0,1594870583.4320788
CYL_PRES_STAT,0,1594870583.55536
CYL_PRES_STAT,0,1594870583.5999858
CYL_PRES_STAT,0,1594870583.616819
CYL_PRES_STAT,0,1594870583.6408992
CYL_PRES_STAT,0,1594870583.6818726
CYL_PRES_STAT,0,1594870583.690691
CYL_PRES_STAT,0,1594870583.7228801
CYL_PRES_STAT,0,1594870583.7434418
CYL_PRES_STAT,0,1594870583.76388
CYL_PRES_STAT,0,1594870583.77616
CYL_PRES_STAT,0,1594870583.993152
CYL_PRES_STAT,0,1594870584.022151
CYL_PRES_STAT,0,1594870584.034194
CYL_PRES_STAT,0,1594870584.054799
CYL_PRES_STAT,0,1594870584.0833788
CYL_PRES_STAT,0,1594870584.0955489
CYL_PRES_STAT,0,1594870584.1452026
CYL_PRES_STAT,0,1594870584.177542
CYL_PRES_STAT,0,1594870584.189806
CYL_PRES_STAT,0,1594870584.27168
CYL_PRES_STAT,0,1594870584.353709
CYL_PRES_STAT,0,1594870584.362155
CYL_PRES_STAT,0,1594870584.444164
CYL_PRES_STAT,0,1594870584.509238
CYL_PRES_STAT,0,1594870584.529845
CYL_PRES_STAT,0,1594870584.6035461
CYL_PRES_STAT,0,1594870584.6324532
CYL_PRES_STAT,0,1594870584.67313
CYL_PRES_STAT,0,1594870584.685366
CYL_PRES_STAT,0,1594870584.775925
CYL_PRES_STAT,0,1594870584.800033
CYL_PRES_STAT,0,1594870584.8615901
CYL_PRES_STAT,0,1594870584.881833
CYL_PRES_STAT,0,1594870584.902381
CYL_PRES_STAT,0,1594870584.923328
CYL_PRES_STAT,0,1594870584.931408
CYL_PRES_STAT,0,1594870584.9433699
CYL_PRES_STAT,0,1594870584.9843898
CYL_PRES_STAT,0,1594870585.0580552
CYL_PRES_STAT,0,1594870585.098965
CYL_PRES_STAT,0,1594870585.107609
CYL_PRES_STAT,0,1594870585.169157
CYL_PRES_STAT,0,1594870585.181207
CYL_PRES_STAT,0,1594870585.1894221
CYL_PRES_STAT,0,1594870585.23423
CYL_PRES_STAT,0,1594870585.254643
CYL_PRES_STAT,0,1594870585.3163009
CYL_PRES_STAT,0,1594870585.3365881
CYL_PRES_STAT,0,1594870585.377877
CYL_PRES_STAT,0,1594870585.4806118
CYL_PRES_STAT,0,1594870585.5010474
CYL_PRES_STAT,0,1594870585.5128052
CYL_PRES_STAT,0,1594870585.525065
CYL_PRES_STAT,0,1594870585.5454
CYL_PRES_STAT,0,1594870585.6031802
CYL_PRES_STAT,0,1594870585.6683898
CYL_PRES_STAT,0,1594870585.676945
CYL_PRES_STAT,0,1594870585.6888142
CYL_PRES_STAT,0,1594870585.7094982
CYL_PRES_STAT,0,1594870585.738338
CYL_PRES_STAT,0,1594870585.7591789
CYL_PRES_STAT,0,1594870585.770883
CYL_PRES_STAT,0,1594870585.79168
CYL_PRES_STAT,0,1594870585.8532429
CYL_PRES_STAT,0,1594870586.0167522
CYL_PRES_STAT,0,1594870586.0615358
CYL_PRES_STAT,0,1594870586.082077
CYL_PRES_STAT,0,1594870586.102452
CYL_PRES_STAT,0,1594870586.12298
CYL_PRES_STAT,0,1594870586.131485
CYL_PRES_STAT,0,1594870586.143498
CYL_PRES_STAT,0,1594870586.1639838
CYL_PRES_STAT,0,1594870586.172735
CYL_PRES_STAT,0,1594870586.233912
CYL_PRES_STAT,0,1594870586.3605971
CYL_PRES_STAT,0,1594870586.3694339
CYL_PRES_STAT,0,1594870586.389628
CYL_PRES_STAT,0,1594870586.413898
CYL_PRES_STAT,0,1594870586.4342456
CYL_PRES_STAT,0,1594870586.4546812
CYL_PRES_STAT,0,1594870586.577714
CYL_PRES_STAT,0,1594870586.6599288
CYL_PRES_STAT,0,1594870586.671801
CYL_PRES_STAT,0,1594870586.680384
CYL_PRES_STAT,0,1594870586.700924
CYL_PRES_STAT,0,1594870586.753744
CYL_PRES_STAT,0,1594870586.888855
CYL_PRES_STAT,0,1594870586.9914384
CYL_PRES_STAT,0,1594870587.000339
CYL_PRES_STAT,0,1594870587.0117939
CYL_PRES_STAT,0,1594870587.032754
CYL_PRES_STAT,0,1594870587.053109
CYL_PRES_STAT,0,1594870587.1553938
CYL_PRES_STAT,0,1594870587.176051
CYL_PRES_STAT,0,1594870587.187988
CYL_PRES_STAT,0,1594870587.1967082
CYL_PRES_STAT,0,1594870587.2291179
CYL_PRES_STAT,0,1594870587.2616599
CYL_PRES_STAT,0,1594870587.282232
CYL_PRES_STAT,0,1594870587.364344
CYL_PRES_STAT,0,1594870587.45824
CYL_PRES_STAT,0,1594870587.467037
CYL_PRES_STAT,0,1594870587.4874294
CYL_PRES_STAT,0,1594870587.4992712
CYL_PRES_STAT,0,1594870587.5080302
CYL_PRES_STAT,0,1594870587.569275
CYL_PRES_STAT,0,1594870587.6343
CYL_PRES_STAT,0,1594870587.675474
CYL_PRES_STAT,0,1594870587.7162461
CYL_PRES_STAT,0,1594870587.725226
CYL_PRES_STAT,0,1594870587.8068402
CYL_PRES_STAT,0,1594870587.913053
CYL_PRES_STAT,0,1594870587.953857
CYL_PRES_STAT,0,1594870587.96244
CYL_PRES_STAT,0,1594870588.0357358
CYL_PRES_STAT,0,1594870588.0684106
CYL_PRES_STAT,0,1594870588.077066
CYL_PRES_STAT,0,1594870588.0889401
CYL_PRES_STAT,0,1594870588.097805
CYL_PRES_STAT,0,1594870588.118156
CYL_PRES_STAT,0,1594870588.159364
CYL_PRES_STAT,0,1594870588.2446449
CYL_PRES_STAT,0,1594870588.3267028
CYL_PRES_STAT,0,1594870588.379751
CYL_PRES_STAT,0,1594870588.400179
CYL_PRES_STAT,0,1594870588.482173
CYL_PRES_STAT,0,1594870588.5026689
CYL_PRES_STAT,0,1594870588.523076
CYL_PRES_STAT,0,1594870588.543786
CYL_PRES_STAT,0,1594870588.670537
CYL_PRES_STAT,0,1594870588.6992419
CYL_PRES_STAT,0,1594870588.769356
CYL_PRES_STAT,0,1594870588.7933598
CYL_PRES_STAT,0,1594870588.813993
CYL_PRES_STAT,0,1594870588.822165
CYL_PRES_STAT,0,1594870588.830695
CYL_PRES_STAT,0,1594870588.8548238
CYL_PRES_STAT,0,1594870588.875442
CYL_PRES_STAT,0,1594870588.9572802
CYL_PRES_STAT,0,1594870588.998345
CYL_PRES_STAT,0,1594870589.072034
CYL_PRES_STAT,0,1594870589.080859
CYL_PRES_STAT,0,1594870589.1214788
CYL_PRES_STAT,0,1594870589.141988
CYL_PRES_STAT,0,1594870589.1538901
CYL_PRES_STAT,0,1594870589.1831279
CYL_PRES_STAT,0,1594870589.276845
CYL_PRES_STAT,0,1594870589.288995
CYL_PRES_STAT,0,1594870589.309667
CYL_PRES_STAT,0,1594870589.35052
CYL_PRES_STAT,0,1594870589.39148
CYL_PRES_STAT,0,1594870589.4036944
CYL_PRES_STAT,0,1594870589.411982
CYL_PRES_STAT,0,1594870589.433004
CYL_PRES_STAT,0,1594870589.4532619
CYL_PRES_STAT,0,1594870589.559371
CYL_PRES_STAT,0,1594870589.5679991
CYL_PRES_STAT,0,1594870589.5798259
CYL_PRES_STAT,0,1594870589.649652
CYL_PRES_STAT,0,1594870589.66182
CYL_PRES_STAT,0,1594870589.6822991
CYL_PRES_STAT,0,1594870589.703064
CYL_PRES_STAT,0,1594870589.940257
CYL_PRES_STAT,0,1594870589.948986
CYL_PRES_STAT,0,1594870589.9696178
CYL_PRES_STAT,0,1594870589.981332
CYL_PRES_STAT,0,1594870589.989726
CYL_PRES_STAT,0,1594870590.014111
CYL_PRES_STAT,0,1594870590.022239
CYL_PRES_STAT,0,1594870590.0310938
CYL_PRES_STAT,0,1594870590.08394
CYL_PRES_STAT,0,1594870590.1453269
CYL_PRES_STAT,0,1594870590.157484
CYL_PRES_STAT,0,1594870590.166088
CYL_PRES_STAT,0,1594870590.1863284
CYL_PRES_STAT,0,1594870590.1984918
CYL_PRES_STAT,0,1594870590.218965
CYL_PRES_STAT,0,1594870590.280601
CYL_PRES_STAT,0,1594870590.304704
CYL_PRES_STAT,0,1594870590.313076
CYL_PRES_STAT,0,1594870590.32542
CYL_PRES_STAT,0,1594870590.354039
CYL_PRES_STAT,0,1594870590.362475
CYL_PRES_STAT,0,1594870590.3830998
CYL_PRES_STAT,0,1594870590.435919
CYL_PRES_STAT,0,1594870590.448249
CYL_PRES_STAT,0,1594870590.4685838
CYL_PRES_STAT,0,1594870590.5505278
CYL_PRES_STAT,0,1594870590.5628989
CYL_PRES_STAT,0,1594870590.571091
CYL_PRES_STAT,0,1594870590.5916126
CYL_PRES_STAT,0,1594870590.6001868
CYL_PRES_STAT,0,1594870590.6330738
CYL_PRES_STAT,0,1594870590.644763
CYL_PRES_STAT,0,1594870590.6530318
CYL_PRES_STAT,0,1594870590.8291562
CYL_PRES_STAT,0,1594870590.8412821
CYL_PRES_STAT,0,1594870590.891066
CYL_PRES_STAT,0,1594870590.902791
CYL_PRES_STAT,0,1594870590.923368
CYL_PRES_STAT,0,1594870590.964296
CYL_PRES_STAT,0,1594870590.976448
CYL_PRES_STAT,0,1594870591.04625
CYL_PRES_STAT,0,1594870591.0788422
CYL_PRES_STAT,0,1594870591.087566
CYL_PRES_STAT,0,1594870591.14897
CYL_PRES_STAT,0,1594870591.169508
CYL_PRES_STAT,0,1594870591.1935132
CYL_PRES_STAT,0,1594870591.2018561
CYL_PRES_STAT,0,1594870591.2104151
CYL_PRES_STAT,0,1594870591.234503
CYL_PRES_STAT,0,1594870591.275586
CYL_PRES_STAT,0,1594870591.3983738
CYL_PRES_STAT,0,1594870591.460177
CYL_PRES_STAT,0,1594870591.4720829
CYL_PRES_STAT,0,1594870591.480833
CYL_PRES_STAT,0,1594870591.4925802
CYL_PRES_STAT,0,1594870591.525438
CYL_PRES_STAT,0,1594870591.542384
CYL_PRES_STAT,0,1594870591.554086
CYL_PRES_STAT,0,1594870591.566199
CYL_PRES_STAT,0,1594870591.615416
CYL_PRES_STAT,0,1594870591.6483672
CYL_PRES_STAT,0,1594870591.668725
CYL_PRES_STAT,0,1594870591.689157
CYL_PRES_STAT,0,1594870591.7506628
CYL_PRES_STAT,0,1594870591.771405
CYL_PRES_STAT,0,1594870591.791976
CYL_PRES_STAT,0,1594870591.803927
CYL_PRES_STAT,0,1594870591.8160908
CYL_PRES_STAT,0,1594870591.832876
CYL_PRES_STAT,0,1594870591.8653052
CYL_PRES_STAT,0,1594870591.873923
CYL_PRES_STAT,0,1594870591.926677
CYL_PRES_STAT,0,1594870591.967718
CYL_PRES_STAT,0,1594870591.976372
CYL_PRES_STAT,0,1594870592.00885
CYL_PRES_STAT,0,1594870592.0498312
CYL_PRES_STAT,0,1594870592.062071
CYL_PRES_STAT,0,1594870592.0701928
CYL_PRES_STAT,0,1594870592.082313
CYL_PRES_STAT,0,1594870592.102821
CYL_PRES_STAT,0,1594870592.340382
CYL_PRES_STAT,0,1594870592.349174
CYL_PRES_STAT,0,1594870592.3610592
CYL_PRES_STAT,0,1594870592.393612
CYL_PRES_STAT,0,1594870592.414141
CYL_PRES_STAT,0,1594870592.4346461
CYL_PRES_STAT,0,1594870592.475723
CYL_PRES_STAT,0,1594870592.4962199
CYL_PRES_STAT,0,1594870592.504715
CYL_PRES_STAT,0,1594870592.5459044
CYL_PRES_STAT,0,1594870592.557589
CYL_PRES_STAT,0,1594870592.659967
CYL_PRES_STAT,0,1594870592.680599
CYL_PRES_STAT,0,1594870592.704981
CYL_PRES_STAT,0,1594870592.721737
CYL_PRES_STAT,0,1594870592.7459881
CYL_PRES_STAT,0,1594870592.8485038
CYL_PRES_STAT,0,1594870592.868778
CYL_PRES_STAT,0,1594870592.897908
CYL_PRES_STAT,0,1594870592.9098284
CYL_PRES_STAT,0,1594870592.9508214
CYL_PRES_STAT,0,1594870592.9630444
CYL_PRES_STAT,0,1594870592.9715679
CYL_PRES_STAT,0,1594870592.9918542
CYL_PRES_STAT,0,1594870593.032835
CYL_PRES_STAT,0,1594870593.044807
CYL_PRES_STAT,0,1594870593.0531142
CYL_PRES_STAT,0,1594870593.074
CYL_PRES_STAT,0,1594870593.11498
CYL_PRES_STAT,0,1594870593.2496982
CYL_PRES_STAT,0,1594870593.28241
CYL_PRES_STAT,0,1594870593.2947671
CYL_PRES_STAT,0,1594870593.3030012
CYL_PRES_STAT,0,1594870593.323453
CYL_PRES_STAT,0,1594870593.344178
CYL_PRES_STAT,0,1594870593.3644466
CYL_PRES_STAT,0,1594870593.4585788
CYL_PRES_STAT,0,1594870593.467385
CYL_PRES_STAT,0,1594870593.487653
CYL_PRES_STAT,0,1594870593.5080352
CYL_PRES_STAT,0,1594870593.549176
CYL_PRES_STAT,0,1594870593.5731552
CYL_PRES_STAT,0,1594870593.593693
CYL_PRES_STAT,0,1594870593.6141741
CYL_PRES_STAT,0,1594870593.7780359
CYL_PRES_STAT,0,1594870593.790325
CYL_PRES_STAT,0,1594870593.8398
CYL_PRES_STAT,0,1594870593.864033
CYL_PRES_STAT,0,1594870593.901657
CYL_PRES_STAT,0,1594870593.9216712
CYL_PRES_STAT,0,1594870593.963027
CYL_PRES_STAT,0,1594870594.0073302
CYL_PRES_STAT,0,1594870594.048366
CYL_PRES_STAT,0,1594870594.138942
CYL_PRES_STAT,0,1594870594.171298
CYL_PRES_STAT,0,1594870594.203992
CYL_PRES_STAT,0,1594870594.285944
CYL_PRES_STAT,0,1594870594.3356311
CYL_PRES_STAT,0,1594870594.3597374
CYL_PRES_STAT,0,1594870594.367842
CYL_PRES_STAT,0,1594870594.388334
CYL_PRES_STAT,0,1594870594.396811
CYL_PRES_STAT,0,1594870594.4415731
CYL_PRES_STAT,0,1594870594.4620328
CYL_PRES_STAT,0,1594870594.482569
CYL_PRES_STAT,0,1594870594.544058
CYL_PRES_STAT,0,1594870594.687613
CYL_PRES_STAT,0,1594870594.6994328
CYL_PRES_STAT,0,1594870594.7495232
CYL_PRES_STAT,0,1594870594.781653
CYL_PRES_STAT,0,1594870594.8021572
CYL_PRES_STAT,0,1594870594.8346748
CYL_PRES_STAT,0,1594870594.8638778
CYL_PRES_STAT,0,1594870594.875676
CYL_PRES_STAT,0,1594870594.949569
CYL_PRES_STAT,0,1594870594.98684
CYL_PRES_STAT,0,1594870594.9987998
CYL_PRES_STAT,0,1594870595.060013
CYL_PRES_STAT,0,1594870595.0812988
CYL_PRES_STAT,0,1594870595.092725
CYL_PRES_STAT,0,1594870595.1218169
CYL_PRES_STAT,0,1594870595.1954641
CYL_PRES_STAT,0,1594870595.2484546
CYL_PRES_STAT,0,1594870595.289309
CYL_PRES_STAT,0,1594870595.351506
CYL_PRES_STAT,0,1594870595.363323
CYL_PRES_STAT,0,1594870595.3713279
CYL_PRES_STAT,0,1594870595.3802722
CYL_PRES_STAT,0,1594870595.4740322
CYL_PRES_STAT,0,1594870595.494856
CYL_PRES_STAT,0,1594870595.5063472
CYL_PRES_STAT,0,1594870595.555925
CYL_PRES_STAT,0,1594870595.576829
CYL_PRES_STAT,0,1594870595.6417556
CYL_PRES_STAT,0,1594870595.6620731
CYL_PRES_STAT,0,1594870595.6831956
CYL_PRES_STAT,0,1594870595.723953
CYL_PRES_STAT,0,1594870595.744185
CYL_PRES_STAT,0,1594870595.8468142
CYL_PRES_STAT,0,1594870595.858808
CYL_PRES_STAT,0,1594870595.867379
CYL_PRES_STAT,0,1594870595.940919
CYL_PRES_STAT,0,1594870595.949388
CYL_PRES_STAT,0,1594870595.9939
CYL_PRES_STAT,0,1594870596.055249
CYL_PRES_STAT,0,1594870596.063552
CYL_PRES_STAT,0,1594870596.0720448
CYL_PRES_STAT,0,1594870596.0839932
CYL_PRES_STAT,0,1594870596.1048806
CYL_PRES_STAT,0,1594870596.231513
CYL_PRES_STAT,0,1594870596.260116
CYL_PRES_STAT,0,1594870596.3258212
CYL_PRES_STAT,0,1594870596.415699
CYL_PRES_STAT,0,1594870596.448422
CYL_PRES_STAT,0,1594870596.4689698
CYL_PRES_STAT,0,1594870596.571779
CYL_PRES_STAT,0,1594870596.5923588
CYL_PRES_STAT,0,1594870596.624575
CYL_PRES_STAT,0,1594870596.6330054
CYL_PRES_STAT,0,1594870596.7356126
CYL_PRES_STAT,0,1594870596.759731
CYL_PRES_STAT,0,1594870596.797138
CYL_PRES_STAT,0,1594870596.8294148
CYL_PRES_STAT,0,1594870596.841652
CYL_PRES_STAT,0,1594870596.850803
CYL_PRES_STAT,0,1594870596.862375
CYL_PRES_STAT,0,1594870596.882686
CYL_PRES_STAT,0,1594870596.923738
CYL_PRES_STAT,0,1594870596.932102
CYL_PRES_STAT,0,1594870596.944154
CYL_PRES_STAT,0,1594870596.9644551
CYL_PRES_STAT,0,1594870597.0468822
CYL_PRES_STAT,0,1594870597.067034
CYL_PRES_STAT,0,1594870597.087868
CYL_PRES_STAT,0,1594870597.09963
CYL_PRES_STAT,0,1594870597.140798
CYL_PRES_STAT,0,1594870597.173452
CYL_PRES_STAT,0,1594870597.194227
CYL_PRES_STAT,0,1594870597.202074
CYL_PRES_STAT,0,1594870597.214541
CYL_PRES_STAT,0,1594870597.243017
CYL_PRES_STAT,0,1594870597.255334
CYL_PRES_STAT,0,1594870597.337308
CYL_PRES_STAT,0,1594870597.349719
CYL_PRES_STAT,0,1594870597.378313
CYL_PRES_STAT,0,1594870597.440117
CYL_PRES_STAT,0,1594870597.4606452
CYL_PRES_STAT,0,1594870597.48139
CYL_PRES_STAT,0,1594870597.5016491
CYL_PRES_STAT,0,1594870597.513449
CYL_PRES_STAT,0,1594870597.5544279
CYL_PRES_STAT,0,1594870597.563235
CYL_PRES_STAT,0,1594870597.628104
CYL_PRES_STAT,0,1594870597.6894538
CYL_PRES_STAT,0,1594870597.75148
CYL_PRES_STAT,0,1594870597.76321
CYL_PRES_STAT,0,1594870597.771719
CYL_PRES_STAT,0,1594870597.812991
CYL_PRES_STAT,0,1594870597.833039
CYL_PRES_STAT,0,1594870597.853479
CYL_PRES_STAT,0,1594870597.9066062
CYL_PRES_STAT,0,1594870597.997002
CYL_PRES_STAT,0,1594870598.0093749
CYL_PRES_STAT,0,1594870598.062413
CYL_PRES_STAT,0,1594870598.0827909
CYL_PRES_STAT,0,1594870598.091597
CYL_PRES_STAT,0,1594870598.164567
CYL_PRES_STAT,0,1594870598.217877
CYL_PRES_STAT,0,1594870598.258984
CYL_PRES_STAT,0,1594870598.287841
CYL_PRES_STAT,0,1594870598.3416011
CYL_PRES_STAT,0,1594870598.353107
CYL_PRES_STAT,0,1594870598.37351
CYL_PRES_STAT,0,1594870598.390591
CYL_PRES_STAT,0,1594870598.434932
CYL_PRES_STAT,0,1594870598.6402829
CYL_PRES_STAT,0,1594870598.6605592
CYL_PRES_STAT,0,1594870598.6847591
CYL_PRES_STAT,0,1594870598.701524
CYL_PRES_STAT,0,1594870598.7259
CYL_PRES_STAT,0,1594870598.762958
CYL_PRES_STAT,0,1594870598.836778
CYL_PRES_STAT,0,1594870598.939103
CYL_PRES_STAT,0,1594870598.951068
CYL_PRES_STAT,0,1594870598.9719481
CYL_PRES_STAT,0,1594870598.992318
CYL_PRES_STAT,0,1594870599.004226
CYL_PRES_STAT,0,1594870599.012642
CYL_PRES_STAT,0,1594870599.1393108
CYL_PRES_STAT,0,1594870599.1599412
CYL_PRES_STAT,0,1594870599.2419698
CYL_PRES_STAT,0,1594870599.2540958
CYL_PRES_STAT,0,1594870599.262686
CYL_PRES_STAT,0,1594870599.270608
CYL_PRES_STAT,0,1594870599.3237698
CYL_PRES_STAT,0,1594870599.335947
CYL_PRES_STAT,0,1594870599.573522
CYL_PRES_STAT,0,1594870599.5817802
CYL_PRES_STAT,0,1594870599.593972
CYL_PRES_STAT,0,1594870599.614731
CYL_PRES_STAT,0,1594870599.6554608
CYL_PRES_STAT,0,1594870599.684617
CYL_PRES_STAT,0,1594870599.757901
CYL_PRES_STAT,0,1594870599.840026
CYL_PRES_STAT,0,1594870599.861113
CYL_PRES_STAT,0,1594870599.8811471
CYL_PRES_STAT,0,1594870599.9016774
CYL_PRES_STAT,0,1594870599.9135132
CYL_PRES_STAT,0,1594870599.946336
CYL_PRES_STAT,0,1594870599.9872909
CYL_PRES_STAT,0,1594870599.995497
CYL_PRES_STAT,0,1594870600.02836
CYL_PRES_STAT,0,1594870600.0487418
CYL_PRES_STAT,0,1594870600.069123
CYL_PRES_STAT,0,1594870600.077844
CYL_PRES_STAT,0,1594870600.098488
CYL_PRES_STAT,0,1594870600.159748
CYL_PRES_STAT,0,1594870600.180305
CYL_PRES_STAT,0,1594870600.1928554
CYL_PRES_STAT,0,1594870600.253628
CYL_PRES_STAT,0,1594870600.2862456
CYL_PRES_STAT,0,1594870600.441996
CYL_PRES_STAT,0,1594870600.462799
CYL_PRES_STAT,0,1594870600.4828598
CYL_PRES_STAT,0,1594870600.4952312
CYL_PRES_STAT,0,1594870600.503415
CYL_PRES_STAT,0,1594870600.532584
CYL_PRES_STAT,0,1594870600.5938609
CYL_PRES_STAT,0,1594870600.626713
CYL_PRES_STAT,0,1594870600.647243
CYL_PRES_STAT,0,1594870600.658978
CYL_PRES_STAT,0,1594870600.667588
CYL_PRES_STAT,0,1594870600.732712
CYL_PRES_STAT,0,1594870600.7409651
CYL_PRES_STAT,0,1594870600.753088
CYL_PRES_STAT,0,1594870600.773591
CYL_PRES_STAT,0,1594870600.835028
CYL_PRES_STAT,0,1594870600.851902
CYL_PRES_STAT,0,1594870600.95794
CYL_PRES_STAT,0,1594870601.0403662
CYL_PRES_STAT,0,1594870601.0814118
CYL_PRES_STAT,0,1594870601.1017349
CYL_PRES_STAT,0,1594870601.122138
CYL_PRES_STAT,0,1594870601.175106
CYL_PRES_STAT,0,1594870601.195631
CYL_PRES_STAT,0,1594870601.2284546
CYL_PRES_STAT,0,1594870601.236928
CYL_PRES_STAT,0,1594870601.248851
CYL_PRES_STAT,0,1594870601.351219
CYL_PRES_STAT,0,1594870601.372224
CYL_PRES_STAT,0,1594870601.3927832
CYL_PRES_STAT,0,1594870601.4125571
CYL_PRES_STAT,0,1594870601.445326
CYL_PRES_STAT,0,1594870601.5274289
CYL_PRES_STAT,0,1594870601.5359008
CYL_PRES_STAT,0,1594870601.56828
CYL_PRES_STAT,0,1594870601.642258
CYL_PRES_STAT,0,1594870601.6542091
CYL_PRES_STAT,0,1594870601.6706982
CYL_PRES_STAT,0,1594870601.703406
CYL_PRES_STAT,0,1594870601.732828
CYL_PRES_STAT,0,1594870601.74436
CYL_PRES_STAT,0,1594870601.8469632
CYL_PRES_STAT,0,1594870601.868109
CYL_PRES_STAT,0,1594870601.949855
CYL_PRES_STAT,0,1594870601.97364
CYL_PRES_STAT,0,1594870601.994349
CYL_PRES_STAT,0,1594870602.146158
CYL_PRES_STAT,0,1594870602.187229
CYL_PRES_STAT,0,1594870602.199091
CYL_PRES_STAT,0,1594870602.2280009
CYL_PRES_STAT,0,1594870602.240061
CYL_PRES_STAT,0,1594870602.260971
CYL_PRES_STAT,0,1594870602.530771
CYL_PRES_STAT,0,1594870602.5512588
CYL_PRES_STAT,0,1594870602.571672
CYL_PRES_STAT,0,1594870602.5927632
CYL_PRES_STAT,0,1594870602.612798
CYL_PRES_STAT,0,1594870602.624946
CYL_PRES_STAT,0,1594870602.633573
CYL_PRES_STAT,0,1594870602.645463
CYL_PRES_STAT,0,1594870602.706891
CYL_PRES_STAT,0,1594870602.727332
CYL_PRES_STAT,0,1594870602.7359052
CYL_PRES_STAT,0,1594870602.760108
CYL_PRES_STAT,0,1594870602.842031
CYL_PRES_STAT,0,1594870602.891998
CYL_PRES_STAT,0,1594870603.005942
CYL_PRES_STAT,0,1594870603.026444
CYL_PRES_STAT,0,1594870603.0469694
CYL_PRES_STAT,0,1594870603.132782
CYL_PRES_STAT,0,1594870603.153277
CYL_PRES_STAT,0,1594870603.1942024
CYL_PRES_STAT,0,1594870603.214761
CYL_PRES_STAT,0,1594870603.223274
CYL_PRES_STAT,0,1594870603.296813
CYL_PRES_STAT,0,1594870603.337632
CYL_PRES_STAT,0,1594870603.35829
CYL_PRES_STAT,0,1594870603.4196038
CYL_PRES_STAT,0,1594870603.472851
CYL_PRES_STAT,0,1594870603.48144
CYL_PRES_STAT,0,1594870603.501872
CYL_PRES_STAT,0,1594870603.628618
CYL_PRES_STAT,0,1594870603.657234
CYL_PRES_STAT,0,1594870603.669417
CYL_PRES_STAT,0,1594870603.7308948
CYL_PRES_STAT,0,1594870603.7512386
CYL_PRES_STAT,0,1594870603.772233
CYL_PRES_STAT,0,1594870603.780373
CYL_PRES_STAT,0,1594870603.7923028
CYL_PRES_STAT,0,1594870603.8007329
CYL_PRES_STAT,0,1594870603.833308
CYL_PRES_STAT,0,1594870603.919225
CYL_PRES_STAT,0,1594870603.947832
CYL_PRES_STAT,0,1594870603.9565141
CYL_PRES_STAT,0,1594870603.968437
CYL_PRES_STAT,0,1594870604.0508769
CYL_PRES_STAT,0,1594870604.226464
CYL_PRES_STAT,0,1594870604.247326
CYL_PRES_STAT,0,1594870604.267876
CYL_PRES_STAT,0,1594870604.3002038
CYL_PRES_STAT,0,1594870604.349835
CYL_PRES_STAT,0,1594870604.370281
CYL_PRES_STAT,0,1594870604.382087
CYL_PRES_STAT,0,1594870604.394495
CYL_PRES_STAT,0,1594870604.414838
CYL_PRES_STAT,0,1594870604.4351811
CYL_PRES_STAT,0,1594870604.5052412
CYL_PRES_STAT,0,1594870604.51719
CYL_PRES_STAT,0,1594870604.53767
CYL_PRES_STAT,0,1594870604.5461981
CYL_PRES_STAT,0,1594870604.5582774
CYL_PRES_STAT,0,1594870604.619967
CYL_PRES_STAT,0,1594870604.631785
CYL_PRES_STAT,0,1594870604.640678
CYL_PRES_STAT,0,1594870604.6645088
CYL_PRES_STAT,0,1594870604.713892
CYL_PRES_STAT,0,1594870604.726049
CYL_PRES_STAT,0,1594870604.775362
CYL_PRES_STAT,0,1594870604.8490632
CYL_PRES_STAT,0,1594870604.9309142
CYL_PRES_STAT,0,1594870604.9513721
CYL_PRES_STAT,0,1594870604.971894
CYL_PRES_STAT,0,1594870604.992329
CYL_PRES_STAT,0,1594870605.0134141
CYL_PRES_STAT,0,1594870605.1070151
CYL_PRES_STAT,0,1594870605.1155179
CYL_PRES_STAT,0,1594870605.1396546
CYL_PRES_STAT,0,1594870605.242149
CYL_PRES_STAT,0,1594870605.262701
CYL_PRES_STAT,0,1594870605.2835488
CYL_PRES_STAT,0,1594870605.291683
CYL_PRES_STAT,0,1594870605.303647
CYL_PRES_STAT,0,1594870605.4101849
CYL_PRES_STAT,0,1594870605.426534
CYL_PRES_STAT,0,1594870605.447308
CYL_PRES_STAT,0,1594870605.5127099
CYL_PRES_STAT,0,1594870605.5292318
CYL_PRES_STAT,0,1594870605.5414588
CYL_PRES_STAT,0,1594870605.553468
CYL_PRES_STAT,0,1594870605.561627
CYL_PRES_STAT,0,1594870605.737792
CYL_PRES_STAT,0,1594870605.8196962
CYL_PRES_STAT,0,1594870605.8402631
CYL_PRES_STAT,0,1594870605.860916
CYL_PRES_STAT,0,1594870605.872894
CYL_PRES_STAT,0,1594870605.8815026
CYL_PRES_STAT,0,1594870605.90199
CYL_PRES_STAT,0,1594870605.9755929
CYL_PRES_STAT,0,1594870606.098916
CYL_PRES_STAT,0,1594870606.1190991
CYL_PRES_STAT,0,1594870606.130893
CYL_PRES_STAT,0,1594870606.1514301
CYL_PRES_STAT,0,1594870606.1723962
CYL_PRES_STAT,0,1594870606.192354
CYL_PRES_STAT,0,1594870606.204576
CYL_PRES_STAT,0,1594870606.233422
CYL_PRES_STAT,0,1594870606.262408
CYL_PRES_STAT,0,1594870606.356659
CYL_PRES_STAT,0,1594870606.4217556
CYL_PRES_STAT,0,1594870606.442226
CYL_PRES_STAT,0,1594870606.450887
CYL_PRES_STAT,0,1594870606.4627252
CYL_PRES_STAT,0,1594870606.4832408
CYL_PRES_STAT,0,1594870606.503705
CYL_PRES_STAT,0,1594870606.5241392
CYL_PRES_STAT,0,1594870606.5326462
CYL_PRES_STAT,0,1594870606.573905
CYL_PRES_STAT,0,1594870606.627025
CYL_PRES_STAT,0,1594870606.733074
CYL_PRES_STAT,0,1594870606.753519
CYL_PRES_STAT,0,1594870606.774048
CYL_PRES_STAT,0,1594870606.7825751
CYL_PRES_STAT,0,1594870606.8150554
CYL_PRES_STAT,0,1594870606.896828
CYL_PRES_STAT,0,1594870606.917382
CYL_PRES_STAT,0,1594870606.937919
CYL_PRES_STAT,0,1594870606.94657
CYL_PRES_STAT,0,1594870606.96695
CYL_PRES_STAT,0,1594870607.023821
CYL_PRES_STAT,0,1594870607.031897
CYL_PRES_STAT,0,1594870607.040691
CYL_PRES_STAT,0,1594870607.061085
CYL_PRES_STAT,0,1594870607.12257
CYL_PRES_STAT,0,1594870607.142952
CYL_PRES_STAT,0,1594870607.208332
CYL_PRES_STAT,0,1594870607.236942
CYL_PRES_STAT,0,1594870607.2490802
CYL_PRES_STAT,0,1594870607.2694762
CYL_PRES_STAT,0,1594870607.298489
CYL_PRES_STAT,0,1594870607.310549
CYL_PRES_STAT,0,1594870607.319059
CYL_PRES_STAT,0,1594870607.36383
CYL_PRES_STAT,0,1594870607.3720002
CYL_PRES_STAT,0,1594870607.404555
CYL_PRES_STAT,0,1594870607.41302
CYL_PRES_STAT,0,1594870607.515828
CYL_PRES_STAT,0,1594870607.527642
CYL_PRES_STAT,0,1594870607.539823
CYL_PRES_STAT,0,1594870607.601294
CYL_PRES_STAT,0,1594870607.6097472
CYL_PRES_STAT,0,1594870607.621758
CYL_PRES_STAT,0,1594870607.6387024
CYL_PRES_STAT,0,1594870607.6628132
CYL_PRES_STAT,0,1594870607.6832108
CYL_PRES_STAT,0,1594870607.7036269
CYL_PRES_STAT,0,1594870607.732988
CYL_PRES_STAT,0,1594870607.7653801
CYL_PRES_STAT,0,1594870607.8062751
CYL_PRES_STAT,0,1594870607.8269699
CYL_PRES_STAT,0,1594870607.9090312
CYL_PRES_STAT,0,1594870607.933023
CYL_PRES_STAT,0,1594870607.9418929
CYL_PRES_STAT,0,1594870608.1466029
CYL_PRES_STAT,0,1594870608.158561
CYL_PRES_STAT,0,1594870608.219975
CYL_PRES_STAT,0,1594870608.244433
CYL_PRES_STAT,0,1594870608.261185
CYL_PRES_STAT,0,1594870608.273132
CYL_PRES_STAT,0,1594870608.285353
CYL_PRES_STAT,0,1594870608.302088
CYL_PRES_STAT,0,1594870608.3139539
CYL_PRES_STAT,0,1594870608.322489
CYL_PRES_STAT,0,1594870608.343097
CYL_PRES_STAT,0,1594870608.4082718
CYL_PRES_STAT,0,1594870608.4286609
CYL_PRES_STAT,0,1594870608.510672
CYL_PRES_STAT,0,1594870608.519134
CYL_PRES_STAT,0,1594870608.5314329
CYL_PRES_STAT,0,1594870608.5396988
CYL_PRES_STAT,0,1594870608.551559
CYL_PRES_STAT,0,1594870608.5721338
CYL_PRES_STAT,0,1594870608.634068
CYL_PRES_STAT,0,1594870608.6539662
CYL_PRES_STAT,0,1594870608.707117
CYL_PRES_STAT,0,1594870608.7603672
CYL_PRES_STAT,0,1594870608.8013508
CYL_PRES_STAT,0,1594870608.821768
CYL_PRES_STAT,0,1594870608.8300529
CYL_PRES_STAT,0,1594870608.8425071
CYL_PRES_STAT,0,1594870608.883332
CYL_PRES_STAT,0,1594870608.903858
CYL_PRES_STAT,0,1594870608.9327712
CYL_PRES_STAT,0,1594870608.953253
CYL_PRES_STAT,0,1594870609.0270221
CYL_PRES_STAT,0,1594870609.047778
CYL_PRES_STAT,0,1594870609.13311
CYL_PRES_STAT,0,1594870609.153694
CYL_PRES_STAT,0,1594870609.1826618
CYL_PRES_STAT,0,1594870609.2437694
CYL_PRES_STAT,0,1594870609.2559712
CYL_PRES_STAT,0,1594870609.305577
CYL_PRES_STAT,0,1594870609.317494
CYL_PRES_STAT,0,1594870609.338048
CYL_PRES_STAT,0,1594870609.399628
CYL_PRES_STAT,0,1594870609.420286
CYL_PRES_STAT,0,1594870609.432086
CYL_PRES_STAT,0,1594870609.444275
CYL_PRES_STAT,0,1594870609.505806
CYL_PRES_STAT,0,1594870609.5140932
CYL_PRES_STAT,0,1594870609.534681
CYL_PRES_STAT,0,1594870609.62894
CYL_PRES_STAT,0,1594870609.751671
CYL_PRES_STAT,0,1594870609.763806
CYL_PRES_STAT,0,1594870609.854651
CYL_PRES_STAT,0,1594870609.9194188
CYL_PRES_STAT,0,1594870609.9280682
CYL_PRES_STAT,0,1594870610.0013971
CYL_PRES_STAT,0,1594870610.009933
CYL_PRES_STAT,0,1594870610.051202
CYL_PRES_STAT,0,1594870610.0713909
CYL_PRES_STAT,0,1594870610.083509
CYL_PRES_STAT,0,1594870610.103822
CYL_PRES_STAT,0,1594870610.1243482
CYL_PRES_STAT,0,1594870610.157134
CYL_PRES_STAT,0,1594870610.197932
CYL_PRES_STAT,0,1594870610.2068338
CYL_PRES_STAT,0,1594870610.312976
CYL_PRES_STAT,0,1594870610.394699
CYL_PRES_STAT,0,1594870610.415015
CYL_PRES_STAT,0,1594870610.5092552
CYL_PRES_STAT,0,1594870610.5175848
CYL_PRES_STAT,0,1594870610.59985
CYL_PRES_STAT,0,1594870610.640916
CYL_PRES_STAT,0,1594870610.664824
CYL_PRES_STAT,0,1594870610.6732569
CYL_PRES_STAT,0,1594870610.685327
CYL_PRES_STAT,0,1594870610.787879
CYL_PRES_STAT,0,1594870610.808335
CYL_PRES_STAT,0,1594870610.899245
CYL_PRES_STAT,0,1594870610.910723
CYL_PRES_STAT,0,1594870610.951898
CYL_PRES_STAT,0,1594870611.013524
CYL_PRES_STAT,0,1594870611.0543518
CYL_PRES_STAT,0,1594870611.1160538
CYL_PRES_STAT,0,1594870611.1401482
CYL_PRES_STAT,0,1594870611.2015462
CYL_PRES_STAT,0,1594870611.221997
CYL_PRES_STAT,0,1594870611.262867
CYL_PRES_STAT,0,1594870611.2833471
CYL_PRES_STAT,0,1594870611.3039448
CYL_PRES_STAT,0,1594870611.344851
CYL_PRES_STAT,0,1594870611.3653429
CYL_PRES_STAT,0,1594870611.3776598
CYL_PRES_STAT,0,1594870611.407003
CYL_PRES_STAT,0,1594870611.4185991
CYL_PRES_STAT,0,1594870611.427243
CYL_PRES_STAT,0,1594870611.5004802
CYL_PRES_STAT,0,1594870611.529539
CYL_PRES_STAT,0,1594870611.541608
CYL_PRES_STAT,0,1594870611.553983
CYL_PRES_STAT,0,1594870611.594641
CYL_PRES_STAT,0,1594870611.717657
CYL_PRES_STAT,0,1594870611.7912364
CYL_PRES_STAT,0,1594870611.7998002
CYL_PRES_STAT,0,1594870611.8241
CYL_PRES_STAT,0,1594870611.8324811
CYL_PRES_STAT,0,1594870611.8529332
CYL_PRES_STAT,0,1594870611.8732722
CYL_PRES_STAT,0,1594870611.893693
CYL_PRES_STAT,0,1594870611.9022949
CYL_PRES_STAT,0,1594870611.914155
CYL_PRES_STAT,0,1594870611.9552262
CYL_PRES_STAT,0,1594870612.028841
CYL_PRES_STAT,0,1594870612.0493538
CYL_PRES_STAT,0,1594870612.1109312
CYL_PRES_STAT,0,1594870612.152141
CYL_PRES_STAT,0,1594870612.1641982
CYL_PRES_STAT,0,1594870612.172652
CYL_PRES_STAT,0,1594870612.2256029
CYL_PRES_STAT,0,1594870612.389354
CYL_PRES_STAT,0,1594870612.401516
CYL_PRES_STAT,0,1594870612.409968
CYL_PRES_STAT,0,1594870612.422042
CYL_PRES_STAT,0,1594870612.4427938
CYL_PRES_STAT,0,1594870612.46316
CYL_PRES_STAT,0,1594870612.565592
CYL_PRES_STAT,0,1594870612.607153
CYL_PRES_STAT,0,1594870612.659588
CYL_PRES_STAT,0,1594870612.712805
CYL_PRES_STAT,0,1594870612.774375
CYL_PRES_STAT,0,1594870612.794776
CYL_PRES_STAT,0,1594870612.8152359
CYL_PRES_STAT,0,1594870612.8562589
CYL_PRES_STAT,0,1594870612.905757
CYL_PRES_STAT,0,1594870612.917714
CYL_PRES_STAT,0,1594870612.9471471
CYL_PRES_STAT,0,1594870613.0240948
CYL_PRES_STAT,0,1594870613.040731
CYL_PRES_STAT,0,1594870613.052844
CYL_PRES_STAT,0,1594870613.0614321
CYL_PRES_STAT,0,1594870613.073384
CYL_PRES_STAT,0,1594870613.08219
CYL_PRES_STAT,0,1594870613.1348634
CYL_PRES_STAT,0,1594870613.184456
CYL_PRES_STAT,0,1594870613.2908099
CYL_PRES_STAT,0,1594870613.3111439
CYL_PRES_STAT,0,1594870613.331615
CYL_PRES_STAT,0,1594870613.3521981
CYL_PRES_STAT,0,1594870613.3931909
CYL_PRES_STAT,0,1594870613.4753878
CYL_PRES_STAT,0,1594870613.495544
CYL_PRES_STAT,0,1594870613.528051
CYL_PRES_STAT,0,1594870613.536578
CYL_PRES_STAT,0,1594870613.6016881
CYL_PRES_STAT,0,1594870613.6513288
CYL_PRES_STAT,0,1594870613.6632588
CYL_PRES_STAT,0,1594870613.683655
CYL_PRES_STAT,0,1594870613.8064609
CYL_PRES_STAT,0,1594870613.868387
CYL_PRES_STAT,0,1594870613.9011214
CYL_PRES_STAT,0,1594870613.921215
CYL_PRES_STAT,0,1594870614.076859
CYL_PRES_STAT,0,1594870614.117909
CYL_PRES_STAT,0,1594870614.20015
CYL_PRES_STAT,0,1594870614.2243009
CYL_PRES_STAT,0,1594870614.233058
CYL_PRES_STAT,0,1594870614.2821498
CYL_PRES_STAT,0,1594870614.314602
CYL_PRES_STAT,0,1594870614.4167626
CYL_PRES_STAT,0,1594870614.429039
CYL_PRES_STAT,0,1594870614.4904141
CYL_PRES_STAT,0,1594870614.499326
CYL_PRES_STAT,0,1594870614.53205
CYL_PRES_STAT,0,1594870614.5519412
CYL_PRES_STAT,0,1594870614.564312
CYL_PRES_STAT,0,1594870614.5726929
CYL_PRES_STAT,0,1594870614.614068
CYL_PRES_STAT,0,1594870614.6256928
CYL_PRES_STAT,0,1594870614.634222
CYL_PRES_STAT,0,1594870614.687071
CYL_PRES_STAT,0,1594870614.707592
CYL_PRES_STAT,0,1594870614.7366939
CYL_PRES_STAT,0,1594870614.801897
CYL_PRES_STAT,0,1594870614.810308
CYL_PRES_STAT,0,1594870614.822259
CYL_PRES_STAT,0,1594870614.8430429
CYL_PRES_STAT,0,1594870614.851596
CYL_PRES_STAT,0,1594870614.863075
CYL_PRES_STAT,0,1594870614.8836222
CYL_PRES_STAT,0,1594870614.945062
CYL_PRES_STAT,0,1594870614.9777448
CYL_PRES_STAT,0,1594870615.0273466
CYL_PRES_STAT,0,1594870615.059822
CYL_PRES_STAT,0,1594870615.0889568
CYL_PRES_STAT,0,1594870615.112948
CYL_PRES_STAT,0,1594870615.174508
CYL_PRES_STAT,0,1594870615.1949449
CYL_PRES_STAT,0,1594870615.3178198
CYL_PRES_STAT,0,1594870615.37109
CYL_PRES_STAT,0,1594870615.4207609
CYL_PRES_STAT,0,1594870615.444914
CYL_PRES_STAT,0,1594870615.4857225
CYL_PRES_STAT,0,1594870615.575922
CYL_PRES_STAT,0,1594870615.5964382
CYL_PRES_STAT,0,1594870615.608583
CYL_PRES_STAT,0,1594870615.629235
CYL_PRES_STAT,0,1594870615.6905632
CYL_PRES_STAT,0,1594870615.711366
CYL_PRES_STAT,0,1594870615.723305
CYL_PRES_STAT,0,1594870615.731519
CYL_PRES_STAT,0,1594870615.7524636
CYL_PRES_STAT,0,1594870615.8051732
CYL_PRES_STAT,0,1594870615.8461142
CYL_PRES_STAT,0,1594870616.04283
CYL_PRES_STAT,0,1594870616.051381
CYL_PRES_STAT,0,1594870616.063301
CYL_PRES_STAT,0,1594870616.083767
CYL_PRES_STAT,0,1594870616.1659439
CYL_PRES_STAT,0,1594870616.207284
CYL_PRES_STAT,0,1594870616.2597818
CYL_PRES_STAT,0,1594870616.292597
CYL_PRES_STAT,0,1594870616.301291
CYL_PRES_STAT,0,1594870616.313349
CYL_PRES_STAT,0,1594870616.354042
CYL_PRES_STAT,0,1594870616.374532
CYL_PRES_STAT,0,1594870616.4033651
CYL_PRES_STAT,0,1594870616.477249
CYL_PRES_STAT,0,1594870616.4977288
CYL_PRES_STAT,0,1594870616.506062
CYL_PRES_STAT,0,1594870616.518067
CYL_PRES_STAT,0,1594870616.580081
CYL_PRES_STAT,0,1594870616.6038651
CYL_PRES_STAT,0,1594870616.6207721
CYL_PRES_STAT,0,1594870616.65301
CYL_PRES_STAT,0,1594870616.66169
CYL_PRES_STAT,0,1594870616.7025466
CYL_PRES_STAT,0,1594870616.808769
CYL_PRES_STAT,0,1594870616.8254988
CYL_PRES_STAT,0,1594870616.8585842
CYL_PRES_STAT,0,1594870616.870184
CYL_PRES_STAT,0,1594870616.879065
CYL_PRES_STAT,0,1594870616.890604
CYL_PRES_STAT,0,1594870616.931576
CYL_PRES_STAT,0,1594870616.9524949
CYL_PRES_STAT,0,1594870617.005218
CYL_PRES_STAT,0,1594870617.034304
CYL_PRES_STAT,0,1594870617.046209
CYL_PRES_STAT,0,1594870617.0789962
CYL_PRES_STAT,0,1594870617.099552
CYL_PRES_STAT,0,1594870617.119931
CYL_PRES_STAT,0,1594870617.128148
CYL_PRES_STAT,0,1594870617.13675
CYL_PRES_STAT,0,1594870617.1691618
CYL_PRES_STAT,0,1594870617.1813812
CYL_PRES_STAT,0,1594870617.2019331
CYL_PRES_STAT,0,1594870617.210479
CYL_PRES_STAT,0,1594870617.251495
CYL_PRES_STAT,0,1594870617.366459
CYL_PRES_STAT,0,1594870617.378037
CYL_PRES_STAT,0,1594870617.386673
CYL_PRES_STAT,0,1594870617.492735
CYL_PRES_STAT,0,1594870617.5095382
CYL_PRES_STAT,0,1594870617.574569
CYL_PRES_STAT,0,1594870617.595115
CYL_PRES_STAT,0,1594870617.6772132
CYL_PRES_STAT,0,1594870617.6974769
CYL_PRES_STAT,0,1594870617.709735
CYL_PRES_STAT,0,1594870617.779576
CYL_PRES_STAT,0,1594870617.7918134
CYL_PRES_STAT,0,1594870617.7998722
CYL_PRES_STAT,0,1594870617.820736
CYL_PRES_STAT,0,1594870617.873787
CYL_PRES_STAT,0,1594870617.8826349
CYL_PRES_STAT,0,1594870617.976
CYL_PRES_STAT,0,1594870617.988226
CYL_PRES_STAT,0,1594870618.008878
CYL_PRES_STAT,0,1594870618.0169642
CYL_PRES_STAT,0,1594870618.0496788
CYL_PRES_STAT,0,1594870618.070175
CYL_PRES_STAT,0,1594870618.090743
CYL_PRES_STAT,0,1594870618.111784
CYL_PRES_STAT,0,1594870618.1323466
CYL_PRES_STAT,0,1594870618.1522071
CYL_PRES_STAT,0,1594870618.172936
CYL_PRES_STAT,0,1594870618.295726
CYL_PRES_STAT,0,1594870618.3487349
CYL_PRES_STAT,0,1594870618.373354
CYL_PRES_STAT,0,1594870618.3817248
CYL_PRES_STAT,0,1594870618.442899
CYL_PRES_STAT,0,1594870618.4516082
CYL_PRES_STAT,0,1594870618.4634922
CYL_PRES_STAT,0,1594870618.5044231
CYL_PRES_STAT,0,1594870618.565865
CYL_PRES_STAT,0,1594870618.58671
CYL_PRES_STAT,0,1594870618.6073546
CYL_PRES_STAT,0,1594870618.619026
CYL_PRES_STAT,0,1594870618.6927636
CYL_PRES_STAT,0,1594870618.713351
CYL_PRES_STAT,0,1594870618.733689
CYL_PRES_STAT,0,1594870618.7541199
CYL_PRES_STAT,0,1594870618.8771992
CYL_PRES_STAT,0,1594870618.897619
CYL_PRES_STAT,0,1594870618.9507034
CYL_PRES_STAT,0,1594870619.0040019
CYL_PRES_STAT,0,1594870619.102726
CYL_PRES_STAT,0,1594870619.135083
CYL_PRES_STAT,0,1594870619.143668
CYL_PRES_STAT,0,1594870619.1882892
CYL_PRES_STAT,0,1594870619.208832
CYL_PRES_STAT,0,1594870619.270292
CYL_PRES_STAT,0,1594870619.311293
CYL_PRES_STAT,0,1594870619.332077
CYL_PRES_STAT,0,1594870619.352253
CYL_PRES_STAT,0,1594870619.364477
CYL_PRES_STAT,0,1594870619.3731751
CYL_PRES_STAT,0,1594870619.3934891
CYL_PRES_STAT,0,1594870619.479187
CYL_PRES_STAT,0,1594870619.516505
CYL_PRES_STAT,0,1594870619.581557
CYL_PRES_STAT,0,1594870619.602008
CYL_PRES_STAT,0,1594870619.61085
CYL_PRES_STAT,0,1594870619.62247
CYL_PRES_STAT,0,1594870619.643286
CYL_PRES_STAT,0,1594870619.683928
CYL_PRES_STAT,0,1594870619.692548
CYL_PRES_STAT,0,1594870619.733622
CYL_PRES_STAT,0,1594870619.7662258
CYL_PRES_STAT,0,1594870619.8073046
CYL_PRES_STAT,0,1594870619.9424498
CYL_PRES_STAT,0,1594870619.97492
CYL_PRES_STAT,0,1594870620.077178
CYL_PRES_STAT,0,1594870620.097684
CYL_PRES_STAT,0,1594870620.1099386
CYL_PRES_STAT,0,1594870620.191804
CYL_PRES_STAT,0,1594870620.200557
CYL_PRES_STAT,0,1594870620.224549
CYL_PRES_STAT,0,1594870620.245118
CYL_PRES_STAT,0,1594870620.265546
CYL_PRES_STAT,0,1594870620.2740688
CYL_PRES_STAT,0,1594870620.367944
CYL_PRES_STAT,0,1594870620.388352
CYL_PRES_STAT,0,1594870620.417463
CYL_PRES_STAT,0,1594870620.4294136
CYL_PRES_STAT,0,1594870620.4703932
CYL_PRES_STAT,0,1594870620.4909801
CYL_PRES_STAT,0,1594870620.5117538
CYL_PRES_STAT,0,1594870620.523536
CYL_PRES_STAT,0,1594870620.695909
CYL_PRES_STAT,0,1594870620.76983
CYL_PRES_STAT,0,1594870620.7815528
CYL_PRES_STAT,0,1594870620.810497
CYL_PRES_STAT,0,1594870620.8225029
CYL_PRES_STAT,0,1594870620.8430429
CYL_PRES_STAT,0,1594870620.852073
CYL_PRES_STAT,0,1594870620.8635142
CYL_PRES_STAT,0,1594870620.904466
CYL_PRES_STAT,0,1594870620.9541368
CYL_PRES_STAT,0,1594870620.9659069
CYL_PRES_STAT,0,1594870620.974646
CYL_PRES_STAT,0,1594870620.998723
CYL_PRES_STAT,0,1594870621.007555
CYL_PRES_STAT,0,1594870621.027937
CYL_PRES_STAT,0,1594870621.0891259
CYL_PRES_STAT,0,1594870621.101064
CYL_PRES_STAT,0,1594870621.113339
CYL_PRES_STAT,0,1594870621.133924
CYL_PRES_STAT,0,1594870621.1420634
CYL_PRES_STAT,0,1594870621.150571
CYL_PRES_STAT,0,1594870621.195456
CYL_PRES_STAT,0,1594870621.268939
CYL_PRES_STAT,0,1594870621.2772882
CYL_PRES_STAT,0,1594870621.3269591
CYL_PRES_STAT,0,1594870621.379688
CYL_PRES_STAT,0,1594870621.4006011
CYL_PRES_STAT,0,1594870621.4452689
CYL_PRES_STAT,0,1594870621.608943
CYL_PRES_STAT,0,1594870621.658544
CYL_PRES_STAT,0,1594870621.7120352
CYL_PRES_STAT,0,1594870621.752348
CYL_PRES_STAT,0,1594870621.764641
CYL_PRES_STAT,0,1594870621.773275
CYL_PRES_STAT,0,1594870621.867031
CYL_PRES_STAT,0,1594870622.002178
CYL_PRES_STAT,0,1594870622.0144188
CYL_PRES_STAT,0,1594870622.0227606
CYL_PRES_STAT,0,1594870622.0518382
CYL_PRES_STAT,0,1594870622.2192206
CYL_PRES_STAT,0,1594870622.2276359
CYL_PRES_STAT,0,1594870622.2724018
CYL_PRES_STAT,0,1594870622.2928839
CYL_PRES_STAT,0,1594870622.3340259
CYL_PRES_STAT,0,1594870622.342412
CYL_PRES_STAT,0,1594870622.350761
CYL_PRES_STAT,0,1594870622.375072
CYL_PRES_STAT,0,1594870622.436318
CYL_PRES_STAT,0,1594870622.527215
CYL_PRES_STAT,0,1594870622.592033
CYL_PRES_STAT,0,1594870622.604128
CYL_PRES_STAT,0,1594870622.624712
CYL_PRES_STAT,0,1594870622.6534462
CYL_PRES_STAT,0,1594870622.6619918
CYL_PRES_STAT,0,1594870622.673984
CYL_PRES_STAT,0,1594870622.768267
CYL_PRES_STAT,0,1594870622.788457
CYL_PRES_STAT,0,1594870622.817248
CYL_PRES_STAT,0,1594870622.870527
CYL_PRES_STAT,0,1594870622.890986
CYL_PRES_STAT,0,1594870622.9118762
CYL_PRES_STAT,0,1594870622.952785
CYL_PRES_STAT,0,1594870622.973011
CYL_PRES_STAT,0,1594870623.0876648
CYL_PRES_STAT,0,1594870623.099784
CYL_PRES_STAT,0,1594870623.2227108
CYL_PRES_STAT,0,1594870623.243224
CYL_PRES_STAT,0,1594870623.2517688
CYL_PRES_STAT,0,1594870623.263653
CYL_PRES_STAT,0,1594870623.366454
CYL_PRES_STAT,0,1594870623.4724698
CYL_PRES_STAT,0,1594870623.4929712
CYL_PRES_STAT,0,1594870623.5015948
CYL_PRES_STAT,0,1594870623.513651
CYL_PRES_STAT,0,1594870623.554419
CYL_PRES_STAT,0,1594870623.669091
CYL_PRES_STAT,0,1594870623.771372
CYL_PRES_STAT,0,1594870623.779867
CYL_PRES_STAT,0,1594870623.935426
CYL_PRES_STAT,0,1594870623.9558556
CYL_PRES_STAT,0,1594870623.988605
CYL_PRES_STAT,0,1594870623.9972448
CYL_PRES_STAT,0,1594870624.07057
CYL_PRES_STAT,0,1594870624.091705
CYL_PRES_STAT,0,1594870624.1320028
CYL_PRES_STAT,0,1594870624.164638
CYL_PRES_STAT,0,1594870624.2795641
CYL_PRES_STAT,0,1594870624.299852
CYL_PRES_STAT,0,1594870624.3167622
CYL_PRES_STAT,0,1594870624.3285928
CYL_PRES_STAT,0,1594870624.361292
CYL_PRES_STAT,0,1594870624.369685
CYL_PRES_STAT,0,1594870624.3816981
CYL_PRES_STAT,0,1594870624.402283
CYL_PRES_STAT,0,1594870624.411155
CYL_PRES_STAT,0,1594870624.42277
CYL_PRES_STAT,0,1594870624.5661
CYL_PRES_STAT,0,1594870624.6074462
CYL_PRES_STAT,0,1594870624.672666
CYL_PRES_STAT,0,1594870624.721738
CYL_PRES_STAT,0,1594870624.730539
CYL_PRES_STAT,0,1594870624.742242
CYL_PRES_STAT,0,1594870624.7832286
CYL_PRES_STAT,0,1594870624.824854
CYL_PRES_STAT,0,1594870624.8651662
CYL_PRES_STAT,0,1594870624.9183528
CYL_PRES_STAT,0,1594870624.9388092
CYL_PRES_STAT,0,1594870624.9838452
CYL_PRES_STAT,0,1594870625.0043259
CYL_PRES_STAT,0,1594870625.01255
CYL_PRES_STAT,0,1594870625.0210829
CYL_PRES_STAT,0,1594870625.041965
CYL_PRES_STAT,0,1594870625.062413
CYL_PRES_STAT,0,1594870625.0740778
CYL_PRES_STAT,0,1594870625.168184
CYL_PRES_STAT,0,1594870625.18865
CYL_PRES_STAT,0,1594870625.217476
CYL_PRES_STAT,0,1594870625.270653
CYL_PRES_STAT,0,1594870625.2998571
CYL_PRES_STAT,0,1594870625.311615
CYL_PRES_STAT,0,1594870625.3528802
CYL_PRES_STAT,0,1594870625.3730562
CYL_PRES_STAT,0,1594870625.385221
CYL_PRES_STAT,0,1594870625.434752
CYL_PRES_STAT,0,1594870625.528812
CYL_PRES_STAT,0,1594870625.561414
CYL_PRES_STAT,0,1594870625.581913
CYL_PRES_STAT,0,1594870625.602273
CYL_PRES_STAT,0,1594870625.622766
CYL_PRES_STAT,0,1594870625.64345
CYL_PRES_STAT,0,1594870625.6555252
CYL_PRES_STAT,0,1594870625.68431
CYL_PRES_STAT,0,1594870625.7867992
CYL_PRES_STAT,0,1594870625.9013839
CYL_PRES_STAT,0,1594870625.934058
CYL_PRES_STAT,0,1594870625.9545028
CYL_PRES_STAT,0,1594870625.98335
CYL_PRES_STAT,0,1594870626.0159302
CYL_PRES_STAT,0,1594870626.024717
CYL_PRES_STAT,0,1594870626.069209
CYL_PRES_STAT,0,1594870626.106573
CYL_PRES_STAT,0,1594870626.118516
CYL_PRES_STAT,0,1594870626.1598456
CYL_PRES_STAT,0,1594870626.183902
CYL_PRES_STAT,0,1594870626.233161
CYL_PRES_STAT,0,1594870626.242089
CYL_PRES_STAT,0,1594870626.274048
CYL_PRES_STAT,0,1594870626.282667
CYL_PRES_STAT,0,1594870626.3560588
CYL_PRES_STAT,0,1594870626.3682039
CYL_PRES_STAT,0,1594870626.388728
CYL_PRES_STAT,0,1594870626.48296
CYL_PRES_STAT,0,1594870626.499884
CYL_PRES_STAT,0,1594870626.5117528
CYL_PRES_STAT,0,1594870626.532855
CYL_PRES_STAT,0,1594870626.5408056
CYL_PRES_STAT,0,1594870626.552606
CYL_PRES_STAT,0,1594870626.5647502
CYL_PRES_STAT,0,1594870626.573548
CYL_PRES_STAT,0,1594870626.66726
CYL_PRES_STAT,0,1594870626.675776
CYL_PRES_STAT,0,1594870626.696597
CYL_PRES_STAT,0,1594870626.781971
CYL_PRES_STAT,0,1594870626.8023741
CYL_PRES_STAT,0,1594870626.822885
CYL_PRES_STAT,0,1594870626.863918
CYL_PRES_STAT,0,1594870627.007364
CYL_PRES_STAT,0,1594870627.0398774
CYL_PRES_STAT,0,1594870627.060669
CYL_PRES_STAT,0,1594870627.1137214
CYL_PRES_STAT,0,1594870627.1341472
CYL_PRES_STAT,0,1594870627.1427212
CYL_PRES_STAT,0,1594870627.16291
CYL_PRES_STAT,0,1594870627.175072
CYL_PRES_STAT,0,1594870627.195555
CYL_PRES_STAT,0,1594870627.244801
CYL_PRES_STAT,0,1594870627.347614
CYL_PRES_STAT,0,1594870627.380047
CYL_PRES_STAT,0,1594870627.388561
CYL_PRES_STAT,0,1594870627.4044008
CYL_PRES_STAT,0,1594870627.412867
CYL_PRES_STAT,0,1594870627.424948
CYL_PRES_STAT,0,1594870627.441441
CYL_PRES_STAT,0,1594870627.462456
CYL_PRES_STAT,0,1594870627.5355039
CYL_PRES_STAT,0,1594870627.564646
CYL_PRES_STAT,0,1594870627.588774
CYL_PRES_STAT,0,1594870627.6296759
CYL_PRES_STAT,0,1594870627.691284
CYL_PRES_STAT,0,1594870627.7117598
CYL_PRES_STAT,0,1594870627.72047
CYL_PRES_STAT,0,1594870627.741086
CYL_PRES_STAT,0,1594870627.7527838
CYL_PRES_STAT,0,1594870627.781608
CYL_PRES_STAT,0,1594870627.9787352
CYL_PRES_STAT,0,1594870628.0025432
CYL_PRES_STAT,0,1594870628.0229962
CYL_PRES_STAT,0,1594870628.0435562
CYL_PRES_STAT,0,1594870628.0641382
CYL_PRES_STAT,0,1594870628.0844471
CYL_PRES_STAT,0,1594870628.186899
CYL_PRES_STAT,0,1594870628.2073998
CYL_PRES_STAT,0,1594870628.248262
CYL_PRES_STAT,0,1594870628.269141
CYL_PRES_STAT,0,1594870628.289809
CYL_PRES_STAT,0,1594870628.301507
CYL_PRES_STAT,0,1594870628.31393
CYL_PRES_STAT,0,1594870628.331142
CYL_PRES_STAT,0,1594870628.3751519
CYL_PRES_STAT,0,1594870628.403947
CYL_PRES_STAT,0,1594870628.4980822
CYL_PRES_STAT,0,1594870628.51869
CYL_PRES_STAT,0,1594870628.5599306
CYL_PRES_STAT,0,1594870628.568151
CYL_PRES_STAT,0,1594870628.579954
CYL_PRES_STAT,0,1594870628.6212811
CYL_PRES_STAT,0,1594870628.6332052
CYL_PRES_STAT,0,1594870628.642159
CYL_PRES_STAT,0,1594870628.662369
CYL_PRES_STAT,0,1594870628.683197
CYL_PRES_STAT,0,1594870628.723916
CYL_PRES_STAT,0,1594870628.85877
CYL_PRES_STAT,0,1594870628.8912554
CYL_PRES_STAT,0,1594870628.9118578
CYL_PRES_STAT,0,1594870628.932354
CYL_PRES_STAT,0,1594870628.952822
CYL_PRES_STAT,0,1594870628.9650881
CYL_PRES_STAT,0,1594870629.075959
CYL_PRES_STAT,0,1594870629.096709
CYL_PRES_STAT,0,1594870629.161737
CYL_PRES_STAT,0,1594870629.202583
CYL_PRES_STAT,0,1594870629.211366
CYL_PRES_STAT,0,1594870629.264019
CYL_PRES_STAT,0,1594870629.2844632
CYL_PRES_STAT,0,1594870629.469195
CYL_PRES_STAT,0,1594870629.51051
CYL_PRES_STAT,0,1594870629.531185
CYL_PRES_STAT,0,1594870629.542614
CYL_PRES_STAT,0,1594870629.5546398
CYL_PRES_STAT,0,1594870629.653601
CYL_PRES_STAT,0,1594870629.677778
CYL_PRES_STAT,0,1594870629.7477288
CYL_PRES_STAT,0,1594870629.7804382
CYL_PRES_STAT,0,1594870629.788682
CYL_PRES_STAT,0,1594870629.800637
CYL_PRES_STAT,0,1594870629.821009
CYL_PRES_STAT,0,1594870629.841716
CYL_PRES_STAT,0,1594870629.8624902
CYL_PRES_STAT,0,1594870629.883063
CYL_PRES_STAT,0,1594870629.923455
CYL_PRES_STAT,0,1594870629.988854
CYL_PRES_STAT,0,1594870630.0262618
CYL_PRES_STAT,0,1594870630.0709
CYL_PRES_STAT,0,1594870630.091501
CYL_PRES_STAT,0,1594870630.140883
CYL_PRES_STAT,0,1594870630.1528454
CYL_PRES_STAT,0,1594870630.193745
CYL_PRES_STAT,0,1594870630.287952
CYL_PRES_STAT,0,1594870630.329071
CYL_PRES_STAT,0,1594870630.358361
CYL_PRES_STAT,0,1594870630.4027061
CYL_PRES_STAT,0,1594870630.4231439
CYL_PRES_STAT,0,1594870630.443542
CYL_PRES_STAT,0,1594870630.4521909
CYL_PRES_STAT,0,1594870630.464093
CYL_PRES_STAT,0,1594870630.492948
CYL_PRES_STAT,0,1594870630.5255492
CYL_PRES_STAT,0,1594870630.545942
CYL_PRES_STAT,0,1594870630.6571212
CYL_PRES_STAT,0,1594870630.668917
CYL_PRES_STAT,0,1594870630.689963
CYL_PRES_STAT,0,1594870630.701637
CYL_PRES_STAT,0,1594870630.7106268
CYL_PRES_STAT,0,1594870630.7307868
CYL_PRES_STAT,0,1594870630.7715158
CYL_PRES_STAT,0,1594870630.783572
CYL_PRES_STAT,0,1594870630.79233
CYL_PRES_STAT,0,1594870630.8537538
CYL_PRES_STAT,0,1594870630.959754
CYL_PRES_STAT,0,1594870630.980162
CYL_PRES_STAT,0,1594870631.041558
CYL_PRES_STAT,0,1594870631.0622811
CYL_PRES_STAT,0,1594870631.091417
CYL_PRES_STAT,0,1594870631.1031132
CYL_PRES_STAT,0,1594870631.1153548
CYL_PRES_STAT,0,1594870631.205688
CYL_PRES_STAT,0,1594870631.287689
CYL_PRES_STAT,0,1594870631.3119402
CYL_PRES_STAT,0,1594870631.332474
CYL_PRES_STAT,0,1594870631.352936
CYL_PRES_STAT,0,1594870631.373328
CYL_PRES_STAT,0,1594870631.4843688
CYL_PRES_STAT,0,1594870631.5256672
CYL_PRES_STAT,0,1594870631.5372381
CYL_PRES_STAT,0,1594870631.5990634
CYL_PRES_STAT,0,1594870631.610941
CYL_PRES_STAT,0,1594870631.6195068
CYL_PRES_STAT,0,1594870631.681173
CYL_PRES_STAT,0,1594870631.692776
CYL_PRES_STAT,0,1594870631.701511
CYL_PRES_STAT,0,1594870631.815835
CYL_PRES_STAT,0,1594870631.8280141
CYL_PRES_STAT,0,1594870631.84847
CYL_PRES_STAT,0,1594870631.856867
CYL_PRES_STAT,0,1594870631.9183328
CYL_PRES_STAT,0,1594870631.942694
CYL_PRES_STAT,0,1594870631.950804
CYL_PRES_STAT,0,1594870632.0123699
CYL_PRES_STAT,0,1594870632.06181
CYL_PRES_STAT,0,1594870632.0822852
CYL_PRES_STAT,0,1594870632.241863
CYL_PRES_STAT,0,1594870632.262089
CYL_PRES_STAT,0,1594870632.270615
CYL_PRES_STAT,0,1594870632.372709
CYL_PRES_STAT,0,1594870632.384947
CYL_PRES_STAT,0,1594870632.466909
CYL_PRES_STAT,0,1594870632.5697188
CYL_PRES_STAT,0,1594870632.590087
CYL_PRES_STAT,0,1594870632.6142569
CYL_PRES_STAT,0,1594870632.6314461
CYL_PRES_STAT,0,1594870632.6517448
CYL_PRES_STAT,0,1594870632.7250931
CYL_PRES_STAT,0,1594870632.745485
CYL_PRES_STAT,0,1594870632.778306
CYL_PRES_STAT,0,1594870632.786539
CYL_PRES_STAT,0,1594870632.8485632
CYL_PRES_STAT,0,1594870632.860259
CYL_PRES_STAT,0,1594870632.889096
CYL_PRES_STAT,0,1594870632.901024
CYL_PRES_STAT,0,1594870632.983071
CYL_PRES_STAT,0,1594870633.0858526
CYL_PRES_STAT,0,1594870633.1713722
CYL_PRES_STAT,0,1594870633.212262
CYL_PRES_STAT,0,1594870633.232758
CYL_PRES_STAT,0,1594870633.2533894
CYL_PRES_STAT,0,1594870633.2820392
CYL_PRES_STAT,0,1594870633.294413
CYL_PRES_STAT,0,1594870633.417151
CYL_PRES_STAT,0,1594870633.425812
CYL_PRES_STAT,0,1594870633.4787252
CYL_PRES_STAT,0,1594870633.499529
CYL_PRES_STAT,0,1594870633.511435
CYL_PRES_STAT,0,1594870633.5933251
CYL_PRES_STAT,0,1594870633.602026
CYL_PRES_STAT,0,1594870633.728373
CYL_PRES_STAT,0,1594870633.7902858
CYL_PRES_STAT,0,1594870633.8513439
CYL_PRES_STAT,0,1594870633.8598561
CYL_PRES_STAT,0,1594870633.8806381
CYL_PRES_STAT,0,1594870633.8923142
CYL_PRES_STAT,0,1594870633.912811
CYL_PRES_STAT,0,1594870633.9249544
CYL_PRES_STAT,0,1594870633.93322
CYL_PRES_STAT,0,1594870634.015439
CYL_PRES_STAT,0,1594870634.036056
CYL_PRES_STAT,0,1594870634.1503944
CYL_PRES_STAT,0,1594870634.183076
CYL_PRES_STAT,0,1594870634.4290922
CYL_PRES_STAT,0,1594870634.4492958
CYL_PRES_STAT,0,1594870634.502526
CYL_PRES_STAT,0,1594870634.5112386
CYL_PRES_STAT,0,1594870634.535182
CYL_PRES_STAT,0,1594870634.6255221
CYL_PRES_STAT,0,1594870634.633915
CYL_PRES_STAT,0,1594870634.645827
CYL_PRES_STAT,0,1594870634.6582608
CYL_PRES_STAT,0,1594870634.698987
CYL_PRES_STAT,0,1594870634.707735
CYL_PRES_STAT,0,1594870634.7281954
CYL_PRES_STAT,0,1594870634.748766
CYL_PRES_STAT,0,1594870634.781568
CYL_PRES_STAT,0,1594870634.801589
CYL_PRES_STAT,0,1594870634.822274
CYL_PRES_STAT,0,1594870634.854651
CYL_PRES_STAT,0,1594870634.863004
CYL_PRES_STAT,0,1594870634.925009
CYL_PRES_STAT,0,1594870634.94539
CYL_PRES_STAT,0,1594870634.965858
CYL_PRES_STAT,0,1594870635.0513556
CYL_PRES_STAT,0,1594870635.0808902
CYL_PRES_STAT,0,1594870635.092202
CYL_PRES_STAT,0,1594870635.1333349
CYL_PRES_STAT,0,1594870635.153729
CYL_PRES_STAT,0,1594870635.1742759
CYL_PRES_STAT,0,1594870635.25632
CYL_PRES_STAT,0,1594870635.2772858
CYL_PRES_STAT,0,1594870635.338597
CYL_PRES_STAT,0,1594870635.3795938
CYL_PRES_STAT,0,1594870635.403611
CYL_PRES_STAT,0,1594870635.424196
CYL_PRES_STAT,0,1594870635.4411032
CYL_PRES_STAT,0,1594870635.473313
CYL_PRES_STAT,0,1594870635.546934
CYL_PRES_STAT,0,1594870635.55549
CYL_PRES_STAT,0,1594870635.567412
CYL_PRES_STAT,0,1594870635.576086
CYL_PRES_STAT,0,1594870635.587976
CYL_PRES_STAT,0,1594870635.649413
CYL_PRES_STAT,0,1594870635.6617026
CYL_PRES_STAT,0,1594870635.6739688
CYL_PRES_STAT,0,1594870635.682055
CYL_PRES_STAT,0,1594870635.690572
CYL_PRES_STAT,0,1594870635.711377
CYL_PRES_STAT,0,1594870635.752086
CYL_PRES_STAT,0,1594870635.784584
CYL_PRES_STAT,0,1594870635.878677
CYL_PRES_STAT,0,1594870635.948817
CYL_PRES_STAT,0,1594870635.960681
CYL_PRES_STAT,0,1594870636.0016582
CYL_PRES_STAT,0,1594870636.022045
CYL_PRES_STAT,0,1594870636.042559
CYL_PRES_STAT,0,1594870636.0632188
CYL_PRES_STAT,0,1594870636.1042461
CYL_PRES_STAT,0,1594870636.1162794
CYL_PRES_STAT,0,1594870636.136787
CYL_PRES_STAT,0,1594870636.145403
CYL_PRES_STAT,0,1594870636.157268
CYL_PRES_STAT,0,1594870636.1659572
CYL_PRES_STAT,0,1594870636.271851
CYL_PRES_STAT,0,1594870636.29239
CYL_PRES_STAT,0,1594870636.333348
CYL_PRES_STAT,0,1594870636.353785
CYL_PRES_STAT,0,1594870636.5592706
CYL_PRES_STAT,0,1594870636.570956
CYL_PRES_STAT,0,1594870636.583097
CYL_PRES_STAT,0,1594870636.6447198
CYL_PRES_STAT,0,1594870636.66139
CYL_PRES_STAT,0,1594870636.767578
CYL_PRES_STAT,0,1594870636.787964
CYL_PRES_STAT,0,1594870636.8498828
CYL_PRES_STAT,0,1594870636.870006
CYL_PRES_STAT,0,1594870636.894364
CYL_PRES_STAT,0,1594870636.9031339
CYL_PRES_STAT,0,1594870636.9108968
CYL_PRES_STAT,0,1594870636.932179
CYL_PRES_STAT,0,1594870637.025703
CYL_PRES_STAT,0,1594870637.045969
CYL_PRES_STAT,0,1594870637.078774
CYL_PRES_STAT,0,1594870637.095988
CYL_PRES_STAT,0,1594870637.16091
CYL_PRES_STAT,0,1594870637.18187
CYL_PRES_STAT,0,1594870637.2020822
CYL_PRES_STAT,0,1594870637.222192
CYL_PRES_STAT,0,1594870637.230964
CYL_PRES_STAT,0,1594870637.263374
CYL_PRES_STAT,0,1594870637.365891
CYL_PRES_STAT,0,1594870637.3864222
CYL_PRES_STAT,0,1594870637.398313
CYL_PRES_STAT,0,1594870637.4514651
CYL_PRES_STAT,0,1594870637.45991
CYL_PRES_STAT,0,1594870637.4719028
CYL_PRES_STAT,0,1594870637.5130029
CYL_PRES_STAT,0,1594870637.533342
CYL_PRES_STAT,0,1594870637.5538912
CYL_PRES_STAT,0,1594870637.5625381
CYL_PRES_STAT,0,1594870637.603483
CYL_PRES_STAT,0,1594870637.665209
CYL_PRES_STAT,0,1594870637.6771774
CYL_PRES_STAT,0,1594870637.783224
CYL_PRES_STAT,0,1594870637.8001812
CYL_PRES_STAT,0,1594870637.824398
CYL_PRES_STAT,0,1594870637.841092
CYL_PRES_STAT,0,1594870637.865216
CYL_PRES_STAT,0,1594870637.947173
CYL_PRES_STAT,0,1594870637.987999
CYL_PRES_STAT,0,1594870638.06185
CYL_PRES_STAT,0,1594870638.070384
CYL_PRES_STAT,0,1594870638.094656
CYL_PRES_STAT,0,1594870638.099366
CYL_PRES_STAT,0,1594870638.131458
CYL_PRES_STAT,0,1594870638.143698
CYL_PRES_STAT,0,1594870638.152264
CYL_PRES_STAT,0,1594870638.172365
CYL_PRES_STAT,0,1594870638.319823
CYL_PRES_STAT,0,1594870638.3403769
CYL_PRES_STAT,0,1594870638.401781
CYL_PRES_STAT,0,1594870638.4222238
CYL_PRES_STAT,0,1594870638.4427161
CYL_PRES_STAT,0,1594870638.5778651
CYL_PRES_STAT,0,1594870638.5865831
CYL_PRES_STAT,0,1594870638.607098
CYL_PRES_STAT,0,1594870638.6187801
CYL_PRES_STAT,0,1594870638.6480398
CYL_PRES_STAT,0,1594870638.668416
CYL_PRES_STAT,0,1594870638.692497
CYL_PRES_STAT,0,1594870638.713187
CYL_PRES_STAT,0,1594870638.721522
CYL_PRES_STAT,0,1594870638.733536
CYL_PRES_STAT,0,1594870638.7744472
CYL_PRES_STAT,0,1594870638.8973296
CYL_PRES_STAT,0,1594870638.959185
CYL_PRES_STAT,0,1594870638.97104
CYL_PRES_STAT,0,1594870638.9832802
CYL_PRES_STAT,0,1594870639.024238
CYL_PRES_STAT,0,1594870639.0413759
CYL_PRES_STAT,0,1594870639.0529811
CYL_PRES_STAT,0,1594870639.0736198
CYL_PRES_STAT,0,1594870639.0856802
CYL_PRES_STAT,0,1594870639.1758552
CYL_PRES_STAT,0,1594870639.197016
CYL_PRES_STAT,0,1594870639.2086382
CYL_PRES_STAT,0,1594870639.237778
CYL_PRES_STAT,0,1594870639.2946901
CYL_PRES_STAT,0,1594870639.299003
CYL_PRES_STAT,0,1594870639.311079
CYL_PRES_STAT,0,1594870639.3320909
CYL_PRES_STAT,0,1594870639.45837
CYL_PRES_STAT,0,1594870639.478967
CYL_PRES_STAT,0,1594870639.507651
CYL_PRES_STAT,0,1594870639.528159
CYL_PRES_STAT,0,1594870639.5608199
CYL_PRES_STAT,0,1594870639.581373
CYL_PRES_STAT,0,1594870639.6018882
CYL_PRES_STAT,0,1594870639.622306
CYL_PRES_STAT,0,1594870639.786489
CYL_PRES_STAT,0,1594870639.7985141
CYL_PRES_STAT,0,1594870639.847899
CYL_PRES_STAT,0,1594870639.8684428
CYL_PRES_STAT,0,1594870639.8802722
CYL_PRES_STAT,0,1594870639.900904
CYL_PRES_STAT,0,1594870639.9212546
CYL_PRES_STAT,0,1594870639.933574
CYL_PRES_STAT,0,1594870640.056725
CYL_PRES_STAT,0,1594870640.085526
CYL_PRES_STAT,0,1594870640.097538
CYL_PRES_STAT,0,1594870640.1178482
CYL_PRES_STAT,0,1594870640.130314
CYL_PRES_STAT,0,1594870640.179732
CYL_PRES_STAT,0,1594870640.203754
CYL_PRES_STAT,0,1594870640.224437
CYL_PRES_STAT,0,1594870640.2618508
CYL_PRES_STAT,0,1594870640.334976
CYL_PRES_STAT,0,1594870640.347188
CYL_PRES_STAT,0,1594870640.3677619
CYL_PRES_STAT,0,1594870640.3764231
CYL_PRES_STAT,0,1594870640.461859
CYL_PRES_STAT,0,1594870640.560551
CYL_PRES_STAT,0,1594870640.675461
CYL_PRES_STAT,0,1594870640.6994169
CYL_PRES_STAT,0,1594870640.801828
CYL_PRES_STAT,0,1594870640.842842
CYL_PRES_STAT,0,1594870640.883796
CYL_PRES_STAT,0,1594870640.9453962
CYL_PRES_STAT,0,1594870640.966209
CYL_PRES_STAT,0,1594870640.9866712
CYL_PRES_STAT,0,1594870640.998465
CYL_PRES_STAT,0,1594870641.059947
CYL_PRES_STAT,0,1594870641.068701
CYL_PRES_STAT,0,1594870641.088921
CYL_PRES_STAT,0,1594870641.100868
CYL_PRES_STAT,0,1594870641.11325
CYL_PRES_STAT,0,1594870641.121431
CYL_PRES_STAT,0,1594870641.133579
CYL_PRES_STAT,0,1594870641.17474
CYL_PRES_STAT,0,1594870641.2243788
CYL_PRES_STAT,0,1594870641.297503
CYL_PRES_STAT,0,1594870641.359201
CYL_PRES_STAT,0,1594870641.379909
CYL_PRES_STAT,0,1594870641.4206018
CYL_PRES_STAT,0,1594870641.4412131
CYL_PRES_STAT,0,1594870641.461716
CYL_PRES_STAT,0,1594870641.4737294
CYL_PRES_STAT,0,1594870641.482353
CYL_PRES_STAT,0,1594870641.535035
CYL_PRES_STAT,0,1594870641.56774
CYL_PRES_STAT,0,1594870641.617285
CYL_PRES_STAT,0,1594870641.658254
CYL_PRES_STAT,0,1594870641.6787028
CYL_PRES_STAT,0,1594870641.690707
CYL_PRES_STAT,0,1594870641.7028532
CYL_PRES_STAT,0,1594870641.71124
CYL_PRES_STAT,0,1594870641.7320774
CYL_PRES_STAT,0,1594870641.752434
CYL_PRES_STAT,0,1594870641.8588948
CYL_PRES_STAT,0,1594870641.8755894
CYL_PRES_STAT,0,1594870641.907815
CYL_PRES_STAT,0,1594870641.960999
CYL_PRES_STAT,0,1594870641.982027
CYL_PRES_STAT,0,1594870642.01045
CYL_PRES_STAT,0,1594870642.0429301
CYL_PRES_STAT,0,1594870642.083874
CYL_PRES_STAT,0,1594870642.1780338
CYL_PRES_STAT,0,1594870642.186754
CYL_PRES_STAT,0,1594870642.198642
CYL_PRES_STAT,0,1594870642.268725
CYL_PRES_STAT,0,1594870642.3009632
CYL_PRES_STAT,0,1594870642.313153
CYL_PRES_STAT,0,1594870642.342068
CYL_PRES_STAT,0,1594870642.354093
CYL_PRES_STAT,0,1594870642.362609
CYL_PRES_STAT,0,1594870642.403625
CYL_PRES_STAT,0,1594870642.444673
CYL_PRES_STAT,0,1594870642.53038
CYL_PRES_STAT,0,1594870642.550739
CYL_PRES_STAT,0,1594870642.5593786
CYL_PRES_STAT,0,1594870642.579492
CYL_PRES_STAT,0,1594870642.6039631
CYL_PRES_STAT,0,1594870642.612682
CYL_PRES_STAT,0,1594870642.6326232
CYL_PRES_STAT,0,1594870642.641258
CYL_PRES_STAT,0,1594870642.747367
CYL_PRES_STAT,0,1594870642.7763784
CYL_PRES_STAT,0,1594870642.837815
CYL_PRES_STAT,0,1594870642.86201
CYL_PRES_STAT,0,1594870642.870359
CYL_PRES_STAT,0,1594870642.8909461
CYL_PRES_STAT,0,1594870642.932234
CYL_PRES_STAT,0,1594870642.943896
CYL_PRES_STAT,0,1594870642.9525409
CYL_PRES_STAT,0,1594870643.014137
CYL_PRES_STAT,0,1594870643.0789769
CYL_PRES_STAT,0,1594870643.1815321
CYL_PRES_STAT,0,1594870643.190193
CYL_PRES_STAT,0,1594870643.202067
CYL_PRES_STAT,0,1594870643.2224839
CYL_PRES_STAT,0,1594870643.2429311
CYL_PRES_STAT,0,1594870643.2961118
CYL_PRES_STAT,0,1594870643.345649
CYL_PRES_STAT,0,1594870643.357753
CYL_PRES_STAT,0,1594870643.448431
CYL_PRES_STAT,0,1594870643.472306
CYL_PRES_STAT,0,1594870643.492928
CYL_PRES_STAT,0,1594870643.513207
CYL_PRES_STAT,0,1594870643.5337126
CYL_PRES_STAT,0,1594870643.554174
CYL_PRES_STAT,0,1594870643.6568189
CYL_PRES_STAT,0,1594870643.697649
CYL_PRES_STAT,0,1594870643.759349
CYL_PRES_STAT,0,1594870643.771328
CYL_PRES_STAT,0,1594870643.820875
CYL_PRES_STAT,0,1594870643.844872
CYL_PRES_STAT,0,1594870644.05877
CYL_PRES_STAT,0,1594870644.070318
CYL_PRES_STAT,0,1594870644.09113
CYL_PRES_STAT,0,1594870644.1031392
CYL_PRES_STAT,0,1594870644.1152241
CYL_PRES_STAT,0,1594870644.1323302
CYL_PRES_STAT,0,1594870644.1525981
CYL_PRES_STAT,0,1594870644.258816
CYL_PRES_STAT,0,1594870644.275765
CYL_PRES_STAT,0,1594870644.349501
CYL_PRES_STAT,0,1594870644.390552
CYL_PRES_STAT,0,1594870644.402061
CYL_PRES_STAT,0,1594870644.4347641
CYL_PRES_STAT,0,1594870644.5663512
CYL_PRES_STAT,0,1594870644.619092
CYL_PRES_STAT,0,1594870644.6928372
CYL_PRES_STAT,0,1594870644.713233
CYL_PRES_STAT,0,1594870644.733801
CYL_PRES_STAT,0,1594870644.7831054
CYL_PRES_STAT,0,1594870644.8572538
CYL_PRES_STAT,0,1594870644.959127
CYL_PRES_STAT,0,1594870644.9799402
CYL_PRES_STAT,0,1594870645.000604
CYL_PRES_STAT,0,1594870645.0124722
CYL_PRES_STAT,0,1594870645.02455
CYL_PRES_STAT,0,1594870645.1352751
CYL_PRES_STAT,0,1594870645.1883788
CYL_PRES_STAT,0,1594870645.249861
CYL_PRES_STAT,0,1594870645.262109
CYL_PRES_STAT,0,1594870645.270335
CYL_PRES_STAT,0,1594870645.2792802
CYL_PRES_STAT,0,1594870645.290818
CYL_PRES_STAT,0,1594870645.3153381
CYL_PRES_STAT,0,1594870645.3201194
CYL_PRES_STAT,0,1594870645.331924
CYL_PRES_STAT,0,1594870645.340636
CYL_PRES_STAT,0,1594870645.364759
CYL_PRES_STAT,0,1594870645.373149
CYL_PRES_STAT,0,1594870645.393821
CYL_PRES_STAT,0,1594870645.405524
CYL_PRES_STAT,0,1594870645.44643
CYL_PRES_STAT,0,1594870645.455096
CYL_PRES_STAT,0,1594870645.4793978
CYL_PRES_STAT,0,1594870645.4996932
CYL_PRES_STAT,0,1594870645.5489528
CYL_PRES_STAT,0,1594870645.5823328
CYL_PRES_STAT,0,1594870645.5941088
CYL_PRES_STAT,0,1594870645.6021519
CYL_PRES_STAT,0,1594870645.6226912
CYL_PRES_STAT,0,1594870645.643063
CYL_PRES_STAT,0,1594870645.757756
CYL_PRES_STAT,0,1594870645.770037
CYL_PRES_STAT,0,1594870645.7868981
CYL_PRES_STAT,0,1594870645.851965
CYL_PRES_STAT,0,1594870645.8724768
CYL_PRES_STAT,0,1594870645.892931
CYL_PRES_STAT,0,1594870645.954303
CYL_PRES_STAT,0,1594870645.983495
CYL_PRES_STAT,0,1594870646.077441
CYL_PRES_STAT,0,1594870646.089492
CYL_PRES_STAT,0,1594870646.204166
CYL_PRES_STAT,0,1594870646.220599
CYL_PRES_STAT,0,1594870646.2328992
CYL_PRES_STAT,0,1594870646.2416296
CYL_PRES_STAT,0,1594870646.2619562
CYL_PRES_STAT,0,1594870646.3148742
CYL_PRES_STAT,0,1594870646.491634
CYL_PRES_STAT,0,1594870646.5032
CYL_PRES_STAT,0,1594870646.5117068
CYL_PRES_STAT,0,1594870646.532458
CYL_PRES_STAT,0,1594870646.593618
CYL_PRES_STAT,0,1594870646.646696
CYL_PRES_STAT,0,1594870646.6551971
CYL_PRES_STAT,0,1594870646.6670911
CYL_PRES_STAT,0,1594870646.7407858
CYL_PRES_STAT,0,1594870646.7530284
CYL_PRES_STAT,0,1594870646.782044
CYL_PRES_STAT,0,1594870646.8226461
CYL_PRES_STAT,0,1594870646.834877
CYL_PRES_STAT,0,1594870646.966462
CYL_PRES_STAT,0,1594870647.039923
CYL_PRES_STAT,0,1594870647.072616
CYL_PRES_STAT,0,1594870647.0929222
CYL_PRES_STAT,0,1594870647.113656
CYL_PRES_STAT,0,1594870647.2246509
CYL_PRES_STAT,0,1594870647.236346
CYL_PRES_STAT,0,1594870647.2570002
CYL_PRES_STAT,0,1594870647.2773306
CYL_PRES_STAT,0,1594870647.342766
CYL_PRES_STAT,0,1594870647.3804991
CYL_PRES_STAT,0,1594870647.4329169
CYL_PRES_STAT,0,1594870647.441951
CYL_PRES_STAT,0,1594870647.482597
CYL_PRES_STAT,0,1594870647.51509
CYL_PRES_STAT,0,1594870647.527215
CYL_PRES_STAT,0,1594870647.547694
CYL_PRES_STAT,0,1594870647.5766964
CYL_PRES_STAT,0,1594870647.5884988
CYL_PRES_STAT,0,1594870647.650551
CYL_PRES_STAT,0,1594870647.732552
CYL_PRES_STAT,0,1594870647.744472
CYL_PRES_STAT,0,1594870647.855196
CYL_PRES_STAT,0,1594870647.8794508
CYL_PRES_STAT,0,1594870648.0226731
CYL_PRES_STAT,0,1594870648.031674
CYL_PRES_STAT,0,1594870648.043226
CYL_PRES_STAT,0,1594870648.129303
CYL_PRES_STAT,0,1594870648.146106
CYL_PRES_STAT,0,1594870648.158041
CYL_PRES_STAT,0,1594870648.1661482
CYL_PRES_STAT,0,1594870648.248527
CYL_PRES_STAT,0,1594870648.280784
CYL_PRES_STAT,0,1594870648.2929769
CYL_PRES_STAT,0,1594870648.333981
CYL_PRES_STAT,0,1594870648.4159482
CYL_PRES_STAT,0,1594870648.456943
CYL_PRES_STAT,0,1594870648.530558
CYL_PRES_STAT,0,1594870648.5392716
CYL_PRES_STAT,0,1594870648.5510259
CYL_PRES_STAT,0,1594870648.559791
CYL_PRES_STAT,0,1594870648.600816
CYL_PRES_STAT,0,1594870648.6213179
CYL_PRES_STAT,0,1594870648.706657
CYL_PRES_STAT,0,1594870648.7278874
CYL_PRES_STAT,0,1594870648.7395449
CYL_PRES_STAT,0,1594870648.747742
CYL_PRES_STAT,0,1594870648.768158
CYL_PRES_STAT,0,1594870648.8178449
CYL_PRES_STAT,0,1594870648.850592
CYL_PRES_STAT,0,1594870648.870969
CYL_PRES_STAT,0,1594870648.891409
CYL_PRES_STAT,0,1594870648.903353
CYL_PRES_STAT,0,1594870648.9120119
CYL_PRES_STAT,0,1594870649.038433
CYL_PRES_STAT,0,1594870649.05885
CYL_PRES_STAT,0,1594870649.079298
CYL_PRES_STAT,0,1594870649.149707
CYL_PRES_STAT,0,1594870649.2228322
CYL_PRES_STAT,0,1594870649.2434206
CYL_PRES_STAT,0,1594870649.284331
CYL_PRES_STAT,0,1594870649.3579311
CYL_PRES_STAT,0,1594870649.3665118
CYL_PRES_STAT,0,1594870649.472759
CYL_PRES_STAT,0,1594870649.4822
CYL_PRES_STAT,0,1594870649.4932039
CYL_PRES_STAT,0,1594870649.51367
CYL_PRES_STAT,0,1594870649.534205
CYL_PRES_STAT,0,1594870649.6243849
CYL_PRES_STAT,0,1594870649.637074
CYL_PRES_STAT,0,1594870649.657094
CYL_PRES_STAT,0,1594870649.759785
CYL_PRES_STAT,0,1594870649.783914
CYL_PRES_STAT,0,1594870649.8043149
CYL_PRES_STAT,0,1594870649.927333
CYL_PRES_STAT,0,1594870650.0300622
CYL_PRES_STAT,0,1594870650.0914216
CYL_PRES_STAT,0,1594870650.111893
CYL_PRES_STAT,0,1594870650.234806
CYL_PRES_STAT,0,1594870650.394316
CYL_PRES_STAT,0,1594870650.525617
CYL_PRES_STAT,0,1594870650.5462122
CYL_PRES_STAT,0,1594870650.5669198
CYL_PRES_STAT,0,1594870650.640832
CYL_PRES_STAT,0,1594870650.652255
CYL_PRES_STAT,0,1594870650.672689
CYL_PRES_STAT,0,1594870650.72189
CYL_PRES_STAT,0,1594870650.7341912
CYL_PRES_STAT,0,1594870650.930728
CYL_PRES_STAT,0,1594870650.971701
CYL_PRES_STAT,0,1594870650.980278
CYL_PRES_STAT,0,1594870651.001018
CYL_PRES_STAT,0,1594870651.0251124
CYL_PRES_STAT,0,1594870651.086435
CYL_PRES_STAT,0,1594870651.1275444
CYL_PRES_STAT,0,1594870651.1478348
CYL_PRES_STAT,0,1594870651.23001
CYL_PRES_STAT,0,1594870651.250613
CYL_PRES_STAT,0,1594870651.259042
CYL_PRES_STAT,0,1594870651.2706306
CYL_PRES_STAT,0,1594870651.291366
CYL_PRES_STAT,0,1594870651.303513
CYL_PRES_STAT,0,1594870651.312104
CYL_PRES_STAT,0,1594870651.479605
CYL_PRES_STAT,0,1594870651.5205274
CYL_PRES_STAT,0,1594870651.541131
CYL_PRES_STAT,0,1594870651.553308
CYL_PRES_STAT,0,1594870651.6025238
CYL_PRES_STAT,0,1594870651.623035
CYL_PRES_STAT,0,1594870651.6318562
CYL_PRES_STAT,0,1594870651.643483
CYL_PRES_STAT,0,1594870651.725837
CYL_PRES_STAT,0,1594870651.7669098
CYL_PRES_STAT,0,1594870651.8281949
CYL_PRES_STAT,0,1594870651.8523352
CYL_PRES_STAT,0,1594870651.8726811
CYL_PRES_STAT,0,1594870651.8813374
CYL_PRES_STAT,0,1594870651.913849
CYL_PRES_STAT,0,1594870651.9342248
CYL_PRES_STAT,0,1594870652.04556
CYL_PRES_STAT,0,1594870652.0571706
CYL_PRES_STAT,0,1594870652.118902
CYL_PRES_STAT,0,1594870652.1307368
CYL_PRES_STAT,0,1594870652.1395252
CYL_PRES_STAT,0,1594870652.159987
CYL_PRES_STAT,0,1594870652.183986
CYL_PRES_STAT,0,1594870652.2009668
CYL_PRES_STAT,0,1594870652.429831
CYL_PRES_STAT,0,1594870652.450297
CYL_PRES_STAT,0,1594870652.492065
CYL_PRES_STAT,0,1594870652.512238
CYL_PRES_STAT,0,1594870652.564982
CYL_PRES_STAT,0,1594870652.6349359
CYL_PRES_STAT,0,1594870652.659327
CYL_PRES_STAT,0,1594870652.741305
CYL_PRES_STAT,0,1594870652.761908
CYL_PRES_STAT,0,1594870652.770195
CYL_PRES_STAT,0,1594870652.7820966
CYL_PRES_STAT,0,1594870652.790741
CYL_PRES_STAT,0,1594870652.8026311
CYL_PRES_STAT,0,1594870652.905039
CYL_PRES_STAT,0,1594870652.917144
CYL_PRES_STAT,0,1594870652.925787
CYL_PRES_STAT,0,1594870652.9463232
CYL_PRES_STAT,0,1594870652.958165
CYL_PRES_STAT,0,1594870653.031849
CYL_PRES_STAT,0,1594870653.0409226
CYL_PRES_STAT,0,1594870653.052477
CYL_PRES_STAT,0,1594870653.060534
CYL_PRES_STAT,0,1594870653.0727966
CYL_PRES_STAT,0,1594870653.114038
CYL_PRES_STAT,0,1594870653.1223931
CYL_PRES_STAT,0,1594870653.1752448
CYL_PRES_STAT,0,1594870653.245516
CYL_PRES_STAT,0,1594870653.25719
CYL_PRES_STAT,0,1594870653.3104286
CYL_PRES_STAT,0,1594870653.318974
CYL_PRES_STAT,0,1594870653.330958
CYL_PRES_STAT,0,1594870653.3636289
CYL_PRES_STAT,0,1594870653.401178
CYL_PRES_STAT,0,1594870653.4538062
CYL_PRES_STAT,0,1594870653.506967
CYL_PRES_STAT,0,1594870653.527775
CYL_PRES_STAT,0,1594870653.5361712
CYL_PRES_STAT,0,1594870653.54814
CYL_PRES_STAT,0,1594870653.6216948
CYL_PRES_STAT,0,1594870653.6301274
CYL_PRES_STAT,0,1594870653.650869
CYL_PRES_STAT,0,1594870653.671167
CYL_PRES_STAT,0,1594870653.6917071
CYL_PRES_STAT,0,1594870653.7241752
CYL_PRES_STAT,0,1594870653.7329102
CYL_PRES_STAT,0,1594870653.7944052
CYL_PRES_STAT,0,1594870653.818191
CYL_PRES_STAT,0,1594870653.8798368
CYL_PRES_STAT,0,1594870653.920722
CYL_PRES_STAT,0,1594870653.941757
CYL_PRES_STAT,0,1594870654.117265
CYL_PRES_STAT,0,1594870654.129559
CYL_PRES_STAT,0,1594870654.1582801
CYL_PRES_STAT,0,1594870654.248662
CYL_PRES_STAT,0,1594870654.2933838
CYL_PRES_STAT,0,1594870654.354746
CYL_PRES_STAT,0,1594870654.4168
CYL_PRES_STAT,0,1594870654.4580321
CYL_PRES_STAT,0,1594870654.4899962
CYL_PRES_STAT,0,1594870654.5190024
CYL_PRES_STAT,0,1594870654.5309298
CYL_PRES_STAT,0,1594870654.5395682
CYL_PRES_STAT,0,1594870654.56371
CYL_PRES_STAT,0,1594870654.584265
CYL_PRES_STAT,0,1594870654.6216052
CYL_PRES_STAT,0,1594870654.666081
CYL_PRES_STAT,0,1594870654.707075
CYL_PRES_STAT,0,1594870654.7362561
CYL_PRES_STAT,0,1594870654.748076
CYL_PRES_STAT,0,1594870654.8099186
CYL_PRES_STAT,0,1594870654.8302698
CYL_PRES_STAT,0,1594870654.8710024
CYL_PRES_STAT,0,1594870654.912183
CYL_PRES_STAT,0,1594870654.953374
CYL_PRES_STAT,0,1594870655.014533
CYL_PRES_STAT,0,1594870655.0266418
CYL_PRES_STAT,0,1594870655.038753
CYL_PRES_STAT,0,1594870655.1207619
CYL_PRES_STAT,0,1594870655.1412618
CYL_PRES_STAT,0,1594870655.161839
CYL_PRES_STAT,0,1594870655.18255
CYL_PRES_STAT,0,1594870655.2031472
CYL_PRES_STAT,0,1594870655.305492
CYL_PRES_STAT,0,1594870655.3260949
CYL_PRES_STAT,0,1594870655.4116638
CYL_PRES_STAT,0,1594870655.432074
CYL_PRES_STAT,0,1594870655.440848
CYL_PRES_STAT,0,1594870655.481142
CYL_PRES_STAT,0,1594870655.493515
CYL_PRES_STAT,0,1594870655.514001
CYL_PRES_STAT,0,1594870655.52221
CYL_PRES_STAT,0,1594870655.542915
CYL_PRES_STAT,0,1594870655.636868
CYL_PRES_STAT,0,1594870655.719218
CYL_PRES_STAT,0,1594870655.7311099
CYL_PRES_STAT,0,1594870655.739703
CYL_PRES_STAT,0,1594870655.751468
CYL_PRES_STAT,0,1594870655.760062
CYL_PRES_STAT,0,1594870655.7841198
CYL_PRES_STAT,0,1594870655.8046482
CYL_PRES_STAT,0,1594870655.907209
CYL_PRES_STAT,0,1594870655.9276822
CYL_PRES_STAT,0,1594870655.948201
CYL_PRES_STAT,0,1594870655.9976711
CYL_PRES_STAT,0,1594870656.0096
CYL_PRES_STAT,0,1594870656.018168
CYL_PRES_STAT,0,1594870656.029986
CYL_PRES_STAT,0,1594870656.071372
CYL_PRES_STAT,0,1594870656.0918322
CYL_PRES_STAT,0,1594870656.2880378
CYL_PRES_STAT,0,1594870656.341557
CYL_PRES_STAT,0,1594870656.382255
CYL_PRES_STAT,0,1594870656.4235039
CYL_PRES_STAT,0,1594870656.455864
CYL_PRES_STAT,0,1594870656.484695
CYL_PRES_STAT,0,1594870656.526073
CYL_PRES_STAT,0,1594870656.546586
CYL_PRES_STAT,0,1594870656.607934
CYL_PRES_STAT,0,1594870656.652587
CYL_PRES_STAT,0,1594870656.6731489
CYL_PRES_STAT,0,1594870656.693745
CYL_PRES_STAT,0,1594870656.713919
CYL_PRES_STAT,0,1594870656.81693
CYL_PRES_STAT,0,1594870656.8901
CYL_PRES_STAT,0,1594870656.898753
CYL_PRES_STAT,0,1594870656.9193132
CYL_PRES_STAT,0,1594870656.943368
CYL_PRES_STAT,0,1594870656.9638796
CYL_PRES_STAT,0,1594870656.972102
CYL_PRES_STAT,0,1594870656.980851
CYL_PRES_STAT,0,1594870657.004787
CYL_PRES_STAT,0,1594870657.0870519
CYL_PRES_STAT,0,1594870657.107203
CYL_PRES_STAT,0,1594870657.127674
CYL_PRES_STAT,0,1594870657.218339
CYL_PRES_STAT,0,1594870657.28323
CYL_PRES_STAT,0,1594870657.292012
CYL_PRES_STAT,0,1594870657.365269
CYL_PRES_STAT,0,1594870657.385776
CYL_PRES_STAT,0,1594870657.394571
CYL_PRES_STAT,0,1594870657.418446
CYL_PRES_STAT,0,1594870657.4270134
CYL_PRES_STAT,0,1594870657.520927
CYL_PRES_STAT,0,1594870657.5413704
CYL_PRES_STAT,0,1594870657.562221
CYL_PRES_STAT,0,1594870657.582397
CYL_PRES_STAT,0,1594870657.5913768
CYL_PRES_STAT,0,1594870657.602921
CYL_PRES_STAT,0,1594870657.697057
CYL_PRES_STAT,0,1594870657.705615
CYL_PRES_STAT,0,1594870657.726079
CYL_PRES_STAT,0,1594870657.758492
CYL_PRES_STAT,0,1594870657.8079839
CYL_PRES_STAT,0,1594870657.832083
CYL_PRES_STAT,0,1594870657.8409688
CYL_PRES_STAT,0,1594870657.893684
CYL_PRES_STAT,0,1594870658.016584
CYL_PRES_STAT,0,1594870658.036972
CYL_PRES_STAT,0,1594870658.09887
CYL_PRES_STAT,0,1594870658.1107268
CYL_PRES_STAT,0,1594870658.160285
CYL_PRES_STAT,0,1594870658.172108
CYL_PRES_STAT,0,1594870658.410253
CYL_PRES_STAT,0,1594870658.421967
CYL_PRES_STAT,0,1594870658.434155
CYL_PRES_STAT,0,1594870658.4389029
CYL_PRES_STAT,0,1594870658.471433
CYL_PRES_STAT,0,1594870658.512769
CYL_PRES_STAT,0,1594870658.5862482
CYL_PRES_STAT,0,1594870658.615165
CYL_PRES_STAT,0,1594870658.6389275
CYL_PRES_STAT,0,1594870658.700533
CYL_PRES_STAT,0,1594870658.7209609
CYL_PRES_STAT,0,1594870658.7296062
CYL_PRES_STAT,0,1594870658.762125
CYL_PRES_STAT,0,1594870658.843889
CYL_PRES_STAT,0,1594870658.9175632
CYL_PRES_STAT,0,1594870658.958477
CYL_PRES_STAT,0,1594870658.999548
CYL_PRES_STAT,0,1594870659.01999
CYL_PRES_STAT,0,1594870659.032127
CYL_PRES_STAT,0,1594870659.0526788
CYL_PRES_STAT,0,1594870659.07321
CYL_PRES_STAT,0,1594870659.081965
CYL_PRES_STAT,0,1594870659.093837
CYL_PRES_STAT,0,1594870659.102157
CYL_PRES_STAT,0,1594870659.1226811
CYL_PRES_STAT,0,1594870659.175552
CYL_PRES_STAT,0,1594870659.196598
CYL_PRES_STAT,0,1594870659.2577634
CYL_PRES_STAT,0,1594870659.302597
CYL_PRES_STAT,0,1594870659.310934
CYL_PRES_STAT,0,1594870659.319405
CYL_PRES_STAT,0,1594870659.331128
CYL_PRES_STAT,0,1594870659.3400302
CYL_PRES_STAT,0,1594870659.363971
CYL_PRES_STAT,0,1594870659.486788
CYL_PRES_STAT,0,1594870659.577342
CYL_PRES_STAT,0,1594870659.6507056
CYL_PRES_STAT,0,1594870659.662983
CYL_PRES_STAT,0,1594870659.6712599
CYL_PRES_STAT,0,1594870659.7038786
CYL_PRES_STAT,0,1594870659.712798
CYL_PRES_STAT,0,1594870659.7858946
CYL_PRES_STAT,0,1594870659.794643
CYL_PRES_STAT,0,1594870659.818553
CYL_PRES_STAT,0,1594870659.827289
CYL_PRES_STAT,0,1594870659.909589
CYL_PRES_STAT,0,1594870659.9210641
CYL_PRES_STAT,0,1594870659.929683
CYL_PRES_STAT,0,1594870659.941646
CYL_PRES_STAT,0,1594870659.9620929
CYL_PRES_STAT,0,1594870659.982516
CYL_PRES_STAT,0,1594870660.2412698
CYL_PRES_STAT,0,1594870660.314155
CYL_PRES_STAT,0,1594870660.4084294
CYL_PRES_STAT,0,1594870660.41709
CYL_PRES_STAT,0,1594870660.4903288
CYL_PRES_STAT,0,1594870660.499136
CYL_PRES_STAT,0,1594870660.5436108
CYL_PRES_STAT,0,1594870660.581287
CYL_PRES_STAT,0,1594870660.621896
CYL_PRES_STAT,0,1594870660.687006
CYL_PRES_STAT,0,1594870660.716247
CYL_PRES_STAT,0,1594870660.727926
CYL_PRES_STAT,0,1594870660.7365918
CYL_PRES_STAT,0,1594870660.748398
CYL_PRES_STAT,0,1594870660.777452
CYL_PRES_STAT,0,1594870660.7894619
CYL_PRES_STAT,0,1594870660.810236
CYL_PRES_STAT,0,1594870660.8220954
CYL_PRES_STAT,0,1594870660.8310359
CYL_PRES_STAT,0,1594870660.854767
CYL_PRES_STAT,0,1594870660.883491
CYL_PRES_STAT,0,1594870660.9039848
CYL_PRES_STAT,0,1594870660.933219
CYL_PRES_STAT,0,1594870660.9450788
CYL_PRES_STAT,0,1594870660.974176
CYL_PRES_STAT,0,1594870660.9859948
CYL_PRES_STAT,0,1594870660.998059
CYL_PRES_STAT,0,1594870661.039099
CYL_PRES_STAT,0,1594870661.1005912
CYL_PRES_STAT,0,1594870661.182532
CYL_PRES_STAT,0,1594870661.2563572
CYL_PRES_STAT,0,1594870661.276721
CYL_PRES_STAT,0,1594870661.285236
CYL_PRES_STAT,0,1594870661.3262331
CYL_PRES_STAT,0,1594870661.3468008
CYL_PRES_STAT,0,1594870661.41206
CYL_PRES_STAT,0,1594870661.432317
CYL_PRES_STAT,0,1594870661.453133
CYL_PRES_STAT,0,1594870661.461304
CYL_PRES_STAT,0,1594870661.4734118
CYL_PRES_STAT,0,1594870661.4823732
CYL_PRES_STAT,0,1594870661.522857
CYL_PRES_STAT,0,1594870661.5758529
CYL_PRES_STAT,0,1594870661.596549
CYL_PRES_STAT,0,1594870661.6172466
CYL_PRES_STAT,0,1594870661.7195141
CYL_PRES_STAT,0,1594870661.731395
CYL_PRES_STAT,0,1594870661.7399092
CYL_PRES_STAT,0,1594870661.866588
CYL_PRES_STAT,0,1594870661.907547
CYL_PRES_STAT,0,1594870661.989627
CYL_PRES_STAT,0,1594870662.030659
CYL_PRES_STAT,0,1594870662.051308
CYL_PRES_STAT,0,1594870662.063168
CYL_PRES_STAT,0,1594870662.0717802
CYL_PRES_STAT,0,1594870662.1247132
CYL_PRES_STAT,0,1594870662.165441
CYL_PRES_STAT,0,1594870662.1741278
CYL_PRES_STAT,0,1594870662.300709
CYL_PRES_STAT,0,1594870662.3092556
CYL_PRES_STAT,0,1594870662.3211598
CYL_PRES_STAT,0,1594870662.3826306
CYL_PRES_STAT,0,1594870662.468561
CYL_PRES_STAT,0,1594870662.47714
CYL_PRES_STAT,0,1594870662.4852939
CYL_PRES_STAT,0,1594870662.505754
CYL_PRES_STAT,0,1594870662.538157
CYL_PRES_STAT,0,1594870662.5915751
CYL_PRES_STAT,0,1594870662.6120162
CYL_PRES_STAT,0,1594870662.6612132
CYL_PRES_STAT,0,1594870662.673413
CYL_PRES_STAT,0,1594870662.796574
CYL_PRES_STAT,0,1594870662.808523
CYL_PRES_STAT,0,1594870662.8788018
CYL_PRES_STAT,0,1594870662.890501
CYL_PRES_STAT,0,1594870662.899176
CYL_PRES_STAT,0,1594870662.9197671
CYL_PRES_STAT,0,1594870662.9809551
CYL_PRES_STAT,0,1594870663.0017009
CYL_PRES_STAT,0,1594870663.0461779
CYL_PRES_STAT,0,1594870663.054649
CYL_PRES_STAT,0,1594870663.0665529
CYL_PRES_STAT,0,1594870663.107643
CYL_PRES_STAT,0,1594870663.128225
CYL_PRES_STAT,0,1594870663.157245
CYL_PRES_STAT,0,1594870663.1895099
CYL_PRES_STAT,0,1594870663.1985471
CYL_PRES_STAT,0,1594870663.2100039
CYL_PRES_STAT,0,1594870663.2305658
CYL_PRES_STAT,0,1594870663.251204
CYL_PRES_STAT,0,1594870663.377833
CYL_PRES_STAT,0,1594870663.418931
CYL_PRES_STAT,0,1594870663.500747
CYL_PRES_STAT,0,1594870663.542034
CYL_PRES_STAT,0,1594870663.553927
CYL_PRES_STAT,0,1594870663.56245
CYL_PRES_STAT,0,1594870663.611849
CYL_PRES_STAT,0,1594870663.6974258
CYL_PRES_STAT,0,1594870663.7058618
CYL_PRES_STAT,0,1594870663.717842
CYL_PRES_STAT,0,1594870663.726624
CYL_PRES_STAT,0,1594870663.779508
CYL_PRES_STAT,0,1594870663.81204
CYL_PRES_STAT,0,1594870663.8324008
CYL_PRES_STAT,0,1594870663.853062
CYL_PRES_STAT,0,1594870663.967687
CYL_PRES_STAT,0,1594870663.9758859
CYL_PRES_STAT,0,1594870663.9965386
CYL_PRES_STAT,0,1594870664.004908
CYL_PRES_STAT,0,1594870664.0168679
CYL_PRES_STAT,0,1594870664.0788891
CYL_PRES_STAT,0,1594870664.152085
CYL_PRES_STAT,0,1594870664.1605608
CYL_PRES_STAT,0,1594870664.2544372
CYL_PRES_STAT,0,1594870664.295708
CYL_PRES_STAT,0,1594870664.307706
CYL_PRES_STAT,0,1594870664.328133
CYL_PRES_STAT,0,1594870664.377867
CYL_PRES_STAT,0,1594870664.4309359
CYL_PRES_STAT,0,1594870664.471846
CYL_PRES_STAT,0,1594870664.577948
CYL_PRES_STAT,0,1594870664.598463
CYL_PRES_STAT,0,1594870664.639593
CYL_PRES_STAT,0,1594870664.688858
CYL_PRES_STAT,0,1594870664.7008884
CYL_PRES_STAT,0,1594870664.709344
CYL_PRES_STAT,0,1594870664.721287
CYL_PRES_STAT,0,1594870664.74224
CYL_PRES_STAT,0,1594870664.782792
CYL_PRES_STAT,0,1594870664.8236966
CYL_PRES_STAT,0,1594870664.868769
CYL_PRES_STAT,0,1594870664.8855438
CYL_PRES_STAT,0,1594870664.9265609
CYL_PRES_STAT,0,1594870664.9917178
CYL_PRES_STAT,0,1594870664.999862
CYL_PRES_STAT,0,1594870665.012047
CYL_PRES_STAT,0,1594870665.0415099
CYL_PRES_STAT,0,1594870665.053061
CYL_PRES_STAT,0,1594870665.143738
CYL_PRES_STAT,0,1594870665.176374
CYL_PRES_STAT,0,1594870665.2169151
CYL_PRES_STAT,0,1594870665.278759
CYL_PRES_STAT,0,1594870665.302857
CYL_PRES_STAT,0,1594870665.3235161
CYL_PRES_STAT,0,1594870665.3315358
CYL_PRES_STAT,0,1594870665.340332
CYL_PRES_STAT,0,1594870665.3642962
CYL_PRES_STAT,0,1594870665.3847814
CYL_PRES_STAT,0,1594870665.4667711
CYL_PRES_STAT,0,1594870665.487273
CYL_PRES_STAT,0,1594870665.5282462
CYL_PRES_STAT,0,1594870665.557614
CYL_PRES_STAT,0,1594870665.5692108
CYL_PRES_STAT,0,1594870665.590195
CYL_PRES_STAT,0,1594870665.6105669
CYL_PRES_STAT,0,1594870665.622493
CYL_PRES_STAT,0,1594870665.634562
CYL_PRES_STAT,0,1594870665.663206
CYL_PRES_STAT,0,1594870665.683808
CYL_PRES_STAT,0,1594870665.8189359
CYL_PRES_STAT,0,1594870665.8805928
CYL_PRES_STAT,0,1594870666.056551
CYL_PRES_STAT,0,1594870666.065268
CYL_PRES_STAT,0,1594870666.0857446
CYL_PRES_STAT,0,1594870666.1676009
CYL_PRES_STAT,0,1594870666.199896
CYL_PRES_STAT,0,1594870666.2121458
CYL_PRES_STAT,0,1594870666.232734
CYL_PRES_STAT,0,1594870666.253108
CYL_PRES_STAT,0,1594870666.273757
CYL_PRES_STAT,0,1594870666.367826
CYL_PRES_STAT,0,1594870666.478796
CYL_PRES_STAT,0,1594870666.5029492
CYL_PRES_STAT,0,1594870666.523471
CYL_PRES_STAT,0,1594870666.560711
CYL_PRES_STAT,0,1594870666.76976
CYL_PRES_STAT,0,1594870666.781419
CYL_PRES_STAT,0,1594870666.789793
CYL_PRES_STAT,0,1594870666.810551
CYL_PRES_STAT,0,1594870666.831389
CYL_PRES_STAT,0,1594870666.8838909
CYL_PRES_STAT,0,1594870666.965769
CYL_PRES_STAT,0,1594870667.0069818
CYL_PRES_STAT,0,1594870667.01906
CYL_PRES_STAT,0,1594870667.081166
CYL_PRES_STAT,0,1594870667.1011431
CYL_PRES_STAT,0,1594870667.121669
CYL_PRES_STAT,0,1594870667.150721
CYL_PRES_STAT,0,1594870667.162704
CYL_PRES_STAT,0,1594870667.224046
CYL_PRES_STAT,0,1594870667.265484
CYL_PRES_STAT,0,1594870667.285723
CYL_PRES_STAT,0,1594870667.3180091
CYL_PRES_STAT,0,1594870667.3266294
CYL_PRES_STAT,0,1594870667.37119
CYL_PRES_STAT,0,1594870667.391689
CYL_PRES_STAT,0,1594870667.45309
CYL_PRES_STAT,0,1594870667.482427
CYL_PRES_STAT,0,1594870667.576568
CYL_PRES_STAT,0,1594870667.617107
CYL_PRES_STAT,0,1594870667.69085
CYL_PRES_STAT,0,1594870667.7029178
CYL_PRES_STAT,0,1594870667.7438939
CYL_PRES_STAT,0,1594870667.7646024
CYL_PRES_STAT,0,1594870667.772682
CYL_PRES_STAT,0,1594870667.834177
CYL_PRES_STAT,0,1594870667.846236
CYL_PRES_STAT,0,1594870667.8672788
CYL_PRES_STAT,0,1594870667.875335
CYL_PRES_STAT,0,1594870667.8874118
CYL_PRES_STAT,0,1594870667.969368
CYL_PRES_STAT,0,1594870667.9904802
CYL_PRES_STAT,0,1594870668.022496
CYL_PRES_STAT,0,1594870668.0312312
CYL_PRES_STAT,0,1594870668.0721226
CYL_PRES_STAT,0,1594870668.124925
CYL_PRES_STAT,0,1594870668.198564
CYL_PRES_STAT,0,1594870668.272418
CYL_PRES_STAT,0,1594870668.321526
CYL_PRES_STAT,0,1594870668.342016
CYL_PRES_STAT,0,1594870668.350512
CYL_PRES_STAT,0,1594870668.362583
CYL_PRES_STAT,0,1594870668.391596
CYL_PRES_STAT,0,1594870668.403528
CYL_PRES_STAT,0,1594870668.4361851
CYL_PRES_STAT,0,1594870668.468889
CYL_PRES_STAT,0,1594870668.526687
CYL_PRES_STAT,0,1594870668.591864
CYL_PRES_STAT,0,1594870668.6040368
CYL_PRES_STAT,0,1594870668.608521
CYL_PRES_STAT,0,1594870668.632771
CYL_PRES_STAT,0,1594870668.653285
CYL_PRES_STAT,0,1594870668.7233658
CYL_PRES_STAT,0,1594870668.7557068
CYL_PRES_STAT,0,1594870668.7678368
CYL_PRES_STAT,0,1594870668.77626
CYL_PRES_STAT,0,1594870668.796747
CYL_PRES_STAT,0,1594870668.878859
CYL_PRES_STAT,0,1594870668.9030454
CYL_PRES_STAT,0,1594870668.993438
CYL_PRES_STAT,0,1594870669.087431
CYL_PRES_STAT,0,1594870669.1694381
CYL_PRES_STAT,0,1594870669.211199
CYL_PRES_STAT,0,1594870669.231318
CYL_PRES_STAT,0,1594870669.263438
CYL_PRES_STAT,0,1594870669.3461359
CYL_PRES_STAT,0,1594870669.3577461
CYL_PRES_STAT,0,1594870669.3659348
CYL_PRES_STAT,0,1594870669.3781152
CYL_PRES_STAT,0,1594870669.3988118
CYL_PRES_STAT,0,1594870669.427644
CYL_PRES_STAT,0,1594870669.4478679
CYL_PRES_STAT,0,1594870669.4602602
CYL_PRES_STAT,0,1594870669.4805448
CYL_PRES_STAT,0,1594870669.5011759
CYL_PRES_STAT,0,1594870669.513417
CYL_PRES_STAT,0,1594870669.5216286
CYL_PRES_STAT,0,1594870669.6362636
CYL_PRES_STAT,0,1594870669.644725
CYL_PRES_STAT,0,1594870669.665347
CYL_PRES_STAT,0,1594870669.706312
CYL_PRES_STAT,0,1594870669.7591226
CYL_PRES_STAT,0,1594870669.771439
CYL_PRES_STAT,0,1594870669.7796214
CYL_PRES_STAT,0,1594870669.791855
CYL_PRES_STAT,0,1594870669.832834
CYL_PRES_STAT,0,1594870669.841467
CYL_PRES_STAT,0,1594870669.955908
CYL_PRES_STAT,0,1594870669.976251
CYL_PRES_STAT,0,1594870670.091619
CYL_PRES_STAT,0,1594870670.2342448
CYL_PRES_STAT,0,1594870670.24668
CYL_PRES_STAT,0,1594870670.255083
CYL_PRES_STAT,0,1594870670.267045
CYL_PRES_STAT,0,1594870670.287426
CYL_PRES_STAT,0,1594870670.3165262
CYL_PRES_STAT,0,1594870670.3695312
CYL_PRES_STAT,0,1594870670.390265
CYL_PRES_STAT,0,1594870670.4431481
CYL_PRES_STAT,0,1594870670.4517179
CYL_PRES_STAT,0,1594870670.4927306
CYL_PRES_STAT,0,1594870670.586771
CYL_PRES_STAT,0,1594870670.6601849
CYL_PRES_STAT,0,1594870670.6688828
CYL_PRES_STAT,0,1594870670.72188
CYL_PRES_STAT,0,1594870670.7542772
CYL_PRES_STAT,0,1594870670.7626288
CYL_PRES_STAT,0,1594870670.815816
CYL_PRES_STAT,0,1594870670.844909
CYL_PRES_STAT,0,1594870670.8656259
CYL_PRES_STAT,0,1594870671.020686
CYL_PRES_STAT,0,1594870671.032871
CYL_PRES_STAT,0,1594870671.053392
CYL_PRES_STAT,0,1594870671.123878
CYL_PRES_STAT,0,1594870671.1565828
CYL_PRES_STAT,0,1594870671.1680331
CYL_PRES_STAT,0,1594870671.176256
CYL_PRES_STAT,0,1594870671.1849241
CYL_PRES_STAT,0,1594870671.208965
CYL_PRES_STAT,0,1594870671.258533
CYL_PRES_STAT,0,1594870671.2827046
CYL_PRES_STAT,0,1594870671.340873
CYL_PRES_STAT,0,1594870671.434248
CYL_PRES_STAT,0,1594870671.4671538
CYL_PRES_STAT,0,1594870671.516667
CYL_PRES_STAT,0,1594870671.6109526
CYL_PRES_STAT,0,1594870671.634882
CYL_PRES_STAT,0,1594870671.684268
CYL_PRES_STAT,0,1594870671.692915
CYL_PRES_STAT,0,1594870671.745707
CYL_PRES_STAT,0,1594870671.7578971
CYL_PRES_STAT,0,1594870671.778626
CYL_PRES_STAT,0,1594870671.798835
CYL_PRES_STAT,0,1594870671.860291
CYL_PRES_STAT,0,1594870671.8807838
CYL_PRES_STAT,0,1594870671.921709
CYL_PRES_STAT,0,1594870671.942077
CYL_PRES_STAT,0,1594870671.96261
CYL_PRES_STAT,0,1594870672.00354
CYL_PRES_STAT,0,1594870672.044832
CYL_PRES_STAT,0,1594870672.1597838
CYL_PRES_STAT,0,1594870672.171453
CYL_PRES_STAT,0,1594870672.2329102
CYL_PRES_STAT,0,1594870672.241555
CYL_PRES_STAT,0,1594870672.3031418
CYL_PRES_STAT,0,1594870672.3565369
CYL_PRES_STAT,0,1594870672.384945
CYL_PRES_STAT,0,1594870672.396822
CYL_PRES_STAT,0,1594870672.438102
CYL_PRES_STAT,0,1594870672.482857
CYL_PRES_STAT,0,1594870672.4917364
CYL_PRES_STAT,0,1594870672.4996722
CYL_PRES_STAT,0,1594870672.5236852
CYL_PRES_STAT,0,1594870672.6466029
CYL_PRES_STAT,0,1594870672.655188
CYL_PRES_STAT,0,1594870672.667207
CYL_PRES_STAT,0,1594870672.6875598
CYL_PRES_STAT,0,1594870672.7579362
CYL_PRES_STAT,0,1594870672.769669
CYL_PRES_STAT,0,1594870672.794132
CYL_PRES_STAT,0,1594870672.810726
CYL_PRES_STAT,0,1594870672.822766
CYL_PRES_STAT,0,1594870672.8518429
CYL_PRES_STAT,0,1594870672.884196
CYL_PRES_STAT,0,1594870672.9339519
CYL_PRES_STAT,0,1594870672.9785519
CYL_PRES_STAT,0,1594870672.9868891
CYL_PRES_STAT,0,1594870673.101349
CYL_PRES_STAT,0,1594870673.1217852
CYL_PRES_STAT,0,1594870673.162932
CYL_PRES_STAT,0,1594870673.183311
CYL_PRES_STAT,0,1594870673.2036948
CYL_PRES_STAT,0,1594870673.248696
CYL_PRES_STAT,0,1594870673.286162
CYL_PRES_STAT,0,1594870673.318424
CYL_PRES_STAT,0,1594870673.3716018
CYL_PRES_STAT,0,1594870673.3920481
CYL_PRES_STAT,0,1594870673.400655
CYL_PRES_STAT,0,1594870673.412643
CYL_PRES_STAT,0,1594870673.433048
CYL_PRES_STAT,0,1594870673.5029626
CYL_PRES_STAT,0,1594870673.536028
CYL_PRES_STAT,0,1594870673.544137
CYL_PRES_STAT,0,1594870673.555982
CYL_PRES_STAT,0,1594870673.588581
CYL_PRES_STAT,0,1594870673.59701
CYL_PRES_STAT,0,1594870673.609086
CYL_PRES_STAT,0,1594870673.629587
CYL_PRES_STAT,0,1594870673.650029
CYL_PRES_STAT,0,1594870673.658742
CYL_PRES_STAT,0,1594870673.682776
CYL_PRES_STAT,0,1594870673.723732
CYL_PRES_STAT,0,1594870673.752598
CYL_PRES_STAT,0,1594870673.76464
CYL_PRES_STAT,0,1594870673.94909
CYL_PRES_STAT,0,1594870673.981845
CYL_PRES_STAT,0,1594870674.0637689
CYL_PRES_STAT,0,1594870674.084255
CYL_PRES_STAT,0,1594870674.137481
CYL_PRES_STAT,0,1594870674.1580288
CYL_PRES_STAT,0,1594870674.186699
CYL_PRES_STAT,0,1594870674.260621
CYL_PRES_STAT,0,1594870674.281419
CYL_PRES_STAT,0,1594870674.3018858
CYL_PRES_STAT,0,1594870674.3218591
CYL_PRES_STAT,0,1594870674.4245892
CYL_PRES_STAT,0,1594870674.4775689
CYL_PRES_STAT,0,1594870674.5388482
CYL_PRES_STAT,0,1594870674.551088
CYL_PRES_STAT,0,1594870674.559553
CYL_PRES_STAT,0,1594870674.571583
CYL_PRES_STAT,0,1594870674.6128142
CYL_PRES_STAT,0,1594870674.633038
CYL_PRES_STAT,0,1594870674.6417546
CYL_PRES_STAT,0,1594870674.7150238
CYL_PRES_STAT,0,1594870674.7443662
CYL_PRES_STAT,0,1594870674.756074
CYL_PRES_STAT,0,1594870674.776531
CYL_PRES_STAT,0,1594870674.862598
CYL_PRES_STAT,0,1594870674.8706508
CYL_PRES_STAT,0,1594870674.879508
CYL_PRES_STAT,0,1594870674.8911624
CYL_PRES_STAT,0,1594870674.90333
CYL_PRES_STAT,0,1594870674.923869
CYL_PRES_STAT,0,1594870674.9525726
CYL_PRES_STAT,0,1594870675.034524
CYL_PRES_STAT,0,1594870675.047518
CYL_PRES_STAT,0,1594870675.087728
CYL_PRES_STAT,0,1594870675.173704
CYL_PRES_STAT,0,1594870675.1788778
CYL_PRES_STAT,0,1594870675.190358
CYL_PRES_STAT,0,1594870675.2316842
CYL_PRES_STAT,0,1594870675.3580546
CYL_PRES_STAT,0,1594870675.407299
CYL_PRES_STAT,0,1594870675.4281018
CYL_PRES_STAT,0,1594870675.440115
CYL_PRES_STAT,0,1594870675.448651
CYL_PRES_STAT,0,1594870675.460673
CYL_PRES_STAT,0,1594870675.50142
CYL_PRES_STAT,0,1594870675.522335
CYL_PRES_STAT,0,1594870675.648816
CYL_PRES_STAT,0,1594870675.677488
CYL_PRES_STAT,0,1594870675.686223
CYL_PRES_STAT,0,1594870675.707051
CYL_PRES_STAT,0,1594870675.739019
CYL_PRES_STAT,0,1594870675.7512364
CYL_PRES_STAT,0,1594870675.771724
CYL_PRES_STAT,0,1594870675.792235
CYL_PRES_STAT,0,1594870675.8008351
CYL_PRES_STAT,0,1594870675.8126788
CYL_PRES_STAT,0,1594870675.8622909
CYL_PRES_STAT,0,1594870675.874093
CYL_PRES_STAT,0,1594870675.882787
CYL_PRES_STAT,0,1594870676.009355
CYL_PRES_STAT,0,1594870676.050459
CYL_PRES_STAT,0,1594870676.124007
CYL_PRES_STAT,0,1594870676.173248
CYL_PRES_STAT,0,1594870676.2058609
CYL_PRES_STAT,0,1594870676.246866
CYL_PRES_STAT,0,1594870676.3288631
CYL_PRES_STAT,0,1594870676.370076
CYL_PRES_STAT,0,1594870676.3819444
CYL_PRES_STAT,0,1594870676.391008
CYL_PRES_STAT,0,1594870676.411181
CYL_PRES_STAT,0,1594870676.50486
CYL_PRES_STAT,0,1594870676.5253382
CYL_PRES_STAT,0,1594870676.558054
CYL_PRES_STAT,0,1594870676.578536
CYL_PRES_STAT,0,1594870676.5868
CYL_PRES_STAT,0,1594870676.639994
CYL_PRES_STAT,0,1594870676.6605349
CYL_PRES_STAT,0,1594870676.681776
CYL_PRES_STAT,0,1594870676.701602
CYL_PRES_STAT,0,1594870676.713711
CYL_PRES_STAT,0,1594870676.783485
CYL_PRES_STAT,0,1594870676.795808
CYL_PRES_STAT,0,1594870676.816218
CYL_PRES_STAT,0,1594870676.8249118
CYL_PRES_STAT,0,1594870676.845186
CYL_PRES_STAT,0,1594870676.869428
CYL_PRES_STAT,0,1594870676.9514642
CYL_PRES_STAT,0,1594870676.992372
CYL_PRES_STAT,0,1594870677.012851
CYL_PRES_STAT,0,1594870677.0626922
CYL_PRES_STAT,0,1594870677.1357882
CYL_PRES_STAT,0,1594870677.15662
CYL_PRES_STAT,0,1594870677.21794
CYL_PRES_STAT,0,1594870677.262644
CYL_PRES_STAT,0,1594870677.279308
CYL_PRES_STAT,0,1594870677.291703
CYL_PRES_STAT,0,1594870677.332341
CYL_PRES_STAT,0,1594870677.3444722
CYL_PRES_STAT,0,1594870677.426518
CYL_PRES_STAT,0,1594870677.447062
CYL_PRES_STAT,0,1594870677.4591188
CYL_PRES_STAT,0,1594870677.496822
CYL_PRES_STAT,0,1594870677.541224
CYL_PRES_STAT,0,1594870677.549709
CYL_PRES_STAT,0,1594870677.570142
CYL_PRES_STAT,0,1594870677.591243
CYL_PRES_STAT,0,1594870677.673003
CYL_PRES_STAT,0,1594870677.6844742
CYL_PRES_STAT,0,1594870677.717209
CYL_PRES_STAT,0,1594870677.7459538
CYL_PRES_STAT,0,1594870677.758152
CYL_PRES_STAT,0,1594870677.7788632
CYL_PRES_STAT,0,1594870677.840076
CYL_PRES_STAT,0,1594870677.8730118
CYL_PRES_STAT,0,1594870677.8812082
CYL_PRES_STAT,0,1594870677.9629078
CYL_PRES_STAT,0,1594870678.0162358
CYL_PRES_STAT,0,1594870678.036695
CYL_PRES_STAT,0,1594870678.045611
CYL_PRES_STAT,0,1594870678.1310544
CYL_PRES_STAT,0,1594870678.151351
CYL_PRES_STAT,0,1594870678.171963
CYL_PRES_STAT,0,1594870678.180133
CYL_PRES_STAT,0,1594870678.192363
CYL_PRES_STAT,0,1594870678.2128448
CYL_PRES_STAT,0,1594870678.2950091
CYL_PRES_STAT,0,1594870678.315896
CYL_PRES_STAT,0,1594870678.336187
CYL_PRES_STAT,0,1594870678.3770142
CYL_PRES_STAT,0,1594870678.4508932
CYL_PRES_STAT,0,1594870678.5240474
CYL_PRES_STAT,0,1594870678.532445
CYL_PRES_STAT,0,1594870678.6266546
CYL_PRES_STAT,0,1594870678.6471
CYL_PRES_STAT,0,1594870678.667487
CYL_PRES_STAT,0,1594870678.749449
CYL_PRES_STAT,0,1594870678.7698848
CYL_PRES_STAT,0,1594870678.782101
CYL_PRES_STAT,0,1594870678.791017
CYL_PRES_STAT,0,1594870678.811179
CYL_PRES_STAT,0,1594870678.917283
CYL_PRES_STAT,0,1594870678.9584398
CYL_PRES_STAT,0,1594870679.040221
CYL_PRES_STAT,0,1594870679.0810962
CYL_PRES_STAT,0,1594870679.1426618
CYL_PRES_STAT,0,1594870679.204283
CYL_PRES_STAT,0,1594870679.224894
CYL_PRES_STAT,0,1594870679.257359
CYL_PRES_STAT,0,1594870679.2658598
CYL_PRES_STAT,0,1594870679.2779784
CYL_PRES_STAT,0,1594870679.298321
CYL_PRES_STAT,0,1594870679.306868
CYL_PRES_STAT,0,1594870679.3309731
CYL_PRES_STAT,0,1594870679.351424
CYL_PRES_STAT,0,1594870679.3924446
CYL_PRES_STAT,0,1594870679.412832
CYL_PRES_STAT,0,1594870679.503348
CYL_PRES_STAT,0,1594870679.5275831
CYL_PRES_STAT,0,1594870679.536122
CYL_PRES_STAT,0,1594870679.556962
CYL_PRES_STAT,0,1594870679.6505089
CYL_PRES_STAT,0,1594870679.6594071
CYL_PRES_STAT,0,1594870679.683248
CYL_PRES_STAT,0,1594870679.7002301
CYL_PRES_STAT,0,1594870679.732459
CYL_PRES_STAT,0,1594870679.773555
CYL_PRES_STAT,0,1594870679.793886
CYL_PRES_STAT,0,1594870679.814857
CYL_PRES_STAT,0,1594870679.826658
CYL_PRES_STAT,0,1594870679.941308
CYL_PRES_STAT,0,1594870680.043641
CYL_PRES_STAT,0,1594870680.093257
CYL_PRES_STAT,0,1594870680.137872
CYL_PRES_STAT,0,1594870680.228401
CYL_PRES_STAT,0,1594870680.260842
CYL_PRES_STAT,0,1594870680.272998
CYL_PRES_STAT,0,1594870680.281754
CYL_PRES_STAT,0,1594870680.301682
CYL_PRES_STAT,0,1594870680.32224
CYL_PRES_STAT,0,1594870680.383668
CYL_PRES_STAT,0,1594870680.404526
CYL_PRES_STAT,0,1594870680.4249544
CYL_PRES_STAT,0,1594870680.436909
CYL_PRES_STAT,0,1594870680.5310466
CYL_PRES_STAT,0,1594870680.551556
CYL_PRES_STAT,0,1594870680.5721712
CYL_PRES_STAT,0,1594870680.5926359
CYL_PRES_STAT,0,1594870680.6012619
CYL_PRES_STAT,0,1594870680.6420171
CYL_PRES_STAT,0,1594870680.715755
CYL_PRES_STAT,0,1594870680.789079
CYL_PRES_STAT,0,1594870680.818318
CYL_PRES_STAT,0,1594870680.8389704
CYL_PRES_STAT,0,1594870680.8504992
CYL_PRES_STAT,0,1594870680.891565
CYL_PRES_STAT,0,1594870680.90365
CYL_PRES_STAT,0,1594870680.9242618
CYL_PRES_STAT,0,1594870681.0352108
CYL_PRES_STAT,0,1594870681.0472069
CYL_PRES_STAT,0,1594870681.067691
CYL_PRES_STAT,0,1594870681.117415
CYL_PRES_STAT,0,1594870681.149792
CYL_PRES_STAT,0,1594870681.182257
CYL_PRES_STAT,0,1594870681.1908524
CYL_PRES_STAT,0,1594870681.284694
CYL_PRES_STAT,0,1594870681.305156
CYL_PRES_STAT,0,1594870681.3173602
CYL_PRES_STAT,0,1594870681.337923
CYL_PRES_STAT,0,1594870681.346859
CYL_PRES_STAT,0,1594870681.419882
CYL_PRES_STAT,0,1594870681.4321
CYL_PRES_STAT,0,1594870681.440604
CYL_PRES_STAT,0,1594870681.461251
CYL_PRES_STAT,0,1594870681.481368
CYL_PRES_STAT,0,1594870681.522274
CYL_PRES_STAT,0,1594870681.551232
CYL_PRES_STAT,0,1594870681.57552
CYL_PRES_STAT,0,1594870681.60447
CYL_PRES_STAT,0,1594870681.751541
CYL_PRES_STAT,0,1594870681.760125
CYL_PRES_STAT,0,1594870681.7721279
CYL_PRES_STAT,0,1594870681.792507
CYL_PRES_STAT,0,1594870681.9035678
CYL_PRES_STAT,0,1594870681.915497
CYL_PRES_STAT,0,1594870681.927841
CYL_PRES_STAT,0,1594870682.018185
CYL_PRES_STAT,0,1594870682.0387466
CYL_PRES_STAT,0,1594870682.062953
CYL_PRES_STAT,0,1594870682.083319
CYL_PRES_STAT,0,1594870682.092132
CYL_PRES_STAT,0,1594870682.206353
CYL_PRES_STAT,0,1594870682.227057
CYL_PRES_STAT,0,1594870682.267775
CYL_PRES_STAT,0,1594870682.308973
CYL_PRES_STAT,0,1594870682.341365
CYL_PRES_STAT,0,1594870682.353601
CYL_PRES_STAT,0,1594870682.3823938
CYL_PRES_STAT,0,1594870682.4027786
CYL_PRES_STAT,0,1594870682.4114962
CYL_PRES_STAT,0,1594870682.579155
CYL_PRES_STAT,0,1594870682.6199
CYL_PRES_STAT,0,1594870682.660896
CYL_PRES_STAT,0,1594870682.669612
CYL_PRES_STAT,0,1594870682.6813538
CYL_PRES_STAT,0,1594870682.702242
CYL_PRES_STAT,0,1594870682.763624
CYL_PRES_STAT,0,1594870682.808473
CYL_PRES_STAT,0,1594870682.845941
CYL_PRES_STAT,0,1594870682.8984098
CYL_PRES_STAT,0,1594870682.9108179
CYL_PRES_STAT,0,1594870682.951793
CYL_PRES_STAT,0,1594870682.972384
CYL_PRES_STAT,0,1594870682.992718
CYL_PRES_STAT,0,1594870683.115861
CYL_PRES_STAT,0,1594870683.157078
CYL_PRES_STAT,0,1594870683.189285
CYL_PRES_STAT,0,1594870683.2183619
CYL_PRES_STAT,0,1594870683.2425098
CYL_PRES_STAT,0,1594870683.283421
CYL_PRES_STAT,0,1594870683.300256
CYL_PRES_STAT,0,1594870683.3244832
CYL_PRES_STAT,0,1594870683.406368
CYL_PRES_STAT,0,1594870683.418535
CYL_PRES_STAT,0,1594870683.455797
CYL_PRES_STAT,0,1594870683.500482
CYL_PRES_STAT,0,1594870683.508806
CYL_PRES_STAT,0,1594870683.553727
CYL_PRES_STAT,0,1594870683.5706508
CYL_PRES_STAT,0,1594870683.6115391
CYL_PRES_STAT,0,1594870683.7176056
CYL_PRES_STAT,0,1594870683.849206
CYL_PRES_STAT,0,1594870683.8609712
CYL_PRES_STAT,0,1594870683.914162
CYL_PRES_STAT,0,1594870684.045831
CYL_PRES_STAT,0,1594870684.1110444
CYL_PRES_STAT,0,1594870684.1605759
CYL_PRES_STAT,0,1594870684.1721349
CYL_PRES_STAT,0,1594870684.1927462
CYL_PRES_STAT,0,1594870684.263108
CYL_PRES_STAT,0,1594870684.274636
CYL_PRES_STAT,0,1594870684.286824
CYL_PRES_STAT,0,1594870684.3159301
CYL_PRES_STAT,0,1594870684.3280618
CYL_PRES_STAT,0,1594870684.4223206
CYL_PRES_STAT,0,1594870684.4425652
CYL_PRES_STAT,0,1594870684.4629722
CYL_PRES_STAT,0,1594870684.4798698
CYL_PRES_STAT,0,1594870684.491742
CYL_PRES_STAT,0,1594870684.5038886
CYL_PRES_STAT,0,1594870684.6064472
CYL_PRES_STAT,0,1594870684.626875
CYL_PRES_STAT,0,1594870684.7093492
CYL_PRES_STAT,0,1594870684.7415318
CYL_PRES_STAT,0,1594870684.7501712
CYL_PRES_STAT,0,1594870684.8768358
CYL_PRES_STAT,0,1594870684.917656
CYL_PRES_STAT,0,1594870684.938105
CYL_PRES_STAT,0,1594870684.999568
CYL_PRES_STAT,0,1594870685.040558
CYL_PRES_STAT,0,1594870685.061505
CYL_PRES_STAT,0,1594870685.1346679
CYL_PRES_STAT,0,1594870685.187896
CYL_PRES_STAT,0,1594870685.2084858
CYL_PRES_STAT,0,1594870685.2664902
CYL_PRES_STAT,0,1594870685.310962
CYL_PRES_STAT,0,1594870685.319065
CYL_PRES_STAT,0,1594870685.331438
CYL_PRES_STAT,0,1594870685.360357
CYL_PRES_STAT,0,1594870685.372342
CYL_PRES_STAT,0,1594870685.486968
CYL_PRES_STAT,0,1594870685.495243
CYL_PRES_STAT,0,1594870685.515906
CYL_PRES_STAT,0,1594870685.5364509
CYL_PRES_STAT,0,1594870685.5983279
CYL_PRES_STAT,0,1594870685.6220539
CYL_PRES_STAT,0,1594870685.663295
CYL_PRES_STAT,0,1594870685.683558
CYL_PRES_STAT,0,1594870685.703958
CYL_PRES_STAT,0,1594870685.7534454
CYL_PRES_STAT,0,1594870685.794781
CYL_PRES_STAT,0,1594870685.8068051
CYL_PRES_STAT,0,1594870685.81504
CYL_PRES_STAT,0,1594870685.9501274
CYL_PRES_STAT,0,1594870685.9708278
CYL_PRES_STAT,0,1594870685.9826071
CYL_PRES_STAT,0,1594870686.032187
CYL_PRES_STAT,0,1594870686.117769
CYL_PRES_STAT,0,1594870686.1671698
CYL_PRES_STAT,0,1594870686.200022
CYL_PRES_STAT,0,1594870686.2206109
CYL_PRES_STAT,0,1594870686.241099
CYL_PRES_STAT,0,1594870686.2495294
CYL_PRES_STAT,0,1594870686.2610312
CYL_PRES_STAT,0,1594870686.302183
CYL_PRES_STAT,0,1594870686.510911
CYL_PRES_STAT,0,1594870686.5519402
CYL_PRES_STAT,0,1594870686.560498
CYL_PRES_STAT,0,1594870686.5723991
CYL_PRES_STAT,0,1594870686.6013699
CYL_PRES_STAT,0,1594870686.633871
CYL_PRES_STAT,0,1594870686.654314
CYL_PRES_STAT,0,1594870686.6869562
CYL_PRES_STAT,0,1594870686.716395
CYL_PRES_STAT,0,1594870686.818547
CYL_PRES_STAT,0,1594870686.838939
CYL_PRES_STAT,0,1594870686.8631759
CYL_PRES_STAT,0,1594870686.883543
CYL_PRES_STAT,0,1594870686.974313
CYL_PRES_STAT,0,1594870686.9859898
CYL_PRES_STAT,0,1594870687.0071301
CYL_PRES_STAT,0,1594870687.0356462
CYL_PRES_STAT,0,1594870687.047599
CYL_PRES_STAT,0,1594870687.1743748
CYL_PRES_STAT,0,1594870687.24416
CYL_PRES_STAT,0,1594870687.305938
CYL_PRES_STAT,0,1594870687.317816
CYL_PRES_STAT,0,1594870687.379325
CYL_PRES_STAT,0,1594870687.440768
CYL_PRES_STAT,0,1594870687.4617534
CYL_PRES_STAT,0,1594870687.473593
CYL_PRES_STAT,0,1594870687.5143614
CYL_PRES_STAT,0,1594870687.5435786
CYL_PRES_STAT,0,1594870687.567652
CYL_PRES_STAT,0,1594870687.588002
CYL_PRES_STAT,0,1594870687.604943
CYL_PRES_STAT,0,1594870687.63727
CYL_PRES_STAT,0,1594870687.645822
CYL_PRES_STAT,0,1594870687.711012
CYL_PRES_STAT,0,1594870687.781358
CYL_PRES_STAT,0,1594870687.7929752
CYL_PRES_STAT,0,1594870687.8339386
CYL_PRES_STAT,0,1594870687.8630886
CYL_PRES_STAT,0,1594870687.887056
CYL_PRES_STAT,0,1594870687.895712
CYL_PRES_STAT,0,1594870687.927943
CYL_PRES_STAT,0,1594870687.936612
CYL_PRES_STAT,0,1594870687.998044
CYL_PRES_STAT,0,1594870688.050964
CYL_PRES_STAT,0,1594870688.063199
CYL_PRES_STAT,0,1594870688.0837364
CYL_PRES_STAT,0,1594870688.186481
CYL_PRES_STAT,0,1594870688.206584
CYL_PRES_STAT,0,1594870688.215223
CYL_PRES_STAT,0,1594870688.227183
CYL_PRES_STAT,0,1594870688.301218
CYL_PRES_STAT,0,1594870688.3094988
CYL_PRES_STAT,0,1594870688.3297126
CYL_PRES_STAT,0,1594870688.3505142
CYL_PRES_STAT,0,1594870688.374443
CYL_PRES_STAT,0,1594870688.382671
CYL_PRES_STAT,0,1594870688.391241
CYL_PRES_STAT,0,1594870688.4650428
CYL_PRES_STAT,0,1594870688.4770901
CYL_PRES_STAT,0,1594870688.497418
CYL_PRES_STAT,0,1594870688.526219
CYL_PRES_STAT,0,1594870688.538352
CYL_PRES_STAT,0,1594870688.620661
CYL_PRES_STAT,0,1594870688.640735
CYL_PRES_STAT,0,1594870688.6821918
CYL_PRES_STAT,0,1594870688.77583
CYL_PRES_STAT,0,1594870688.8050408
CYL_PRES_STAT,0,1594870688.816828
CYL_PRES_STAT,0,1594870688.890524
CYL_PRES_STAT,0,1594870688.8987806
CYL_PRES_STAT,0,1594870688.9111972
CYL_PRES_STAT,0,1594870688.9315732
CYL_PRES_STAT,0,1594870688.9812634
CYL_PRES_STAT,0,1594870688.9930398
CYL_PRES_STAT,0,1594870689.075289
CYL_PRES_STAT,0,1594870689.096052
CYL_PRES_STAT,0,1594870689.13658
CYL_PRES_STAT,0,1594870689.1485682
CYL_PRES_STAT,0,1594870689.1982431
CYL_PRES_STAT,0,1594870689.210779
CYL_PRES_STAT,0,1594870689.2223306
CYL_PRES_STAT,0,1594870689.242849
CYL_PRES_STAT,0,1594870689.263317
CYL_PRES_STAT,0,1594870689.365707
CYL_PRES_STAT,0,1594870689.3781052
CYL_PRES_STAT,0,1594870689.4890294
CYL_PRES_STAT,0,1594870689.509384
CYL_PRES_STAT,0,1594870689.65662
CYL_PRES_STAT,0,1594870689.68524
CYL_PRES_STAT,0,1594870689.697453
CYL_PRES_STAT,0,1594870689.7061632
CYL_PRES_STAT,0,1594870689.7179382
CYL_PRES_STAT,0,1594870689.779309
CYL_PRES_STAT,0,1594870689.861661
CYL_PRES_STAT,0,1594870689.943867
CYL_PRES_STAT,0,1594870689.955633
CYL_PRES_STAT,0,1594870690.090627
CYL_PRES_STAT,0,1594870690.1110961
CYL_PRES_STAT,0,1594870690.1234438
CYL_PRES_STAT,0,1594870690.1316466
CYL_PRES_STAT,0,1594870690.1606114
CYL_PRES_STAT,0,1594870690.172715
CYL_PRES_STAT,0,1594870690.1932304
CYL_PRES_STAT,0,1594870690.222583
CYL_PRES_STAT,0,1594870690.2754052
CYL_PRES_STAT,0,1594870690.381357
CYL_PRES_STAT,0,1594870690.442828
CYL_PRES_STAT,0,1594870690.451432
CYL_PRES_STAT,0,1594870690.4633422
CYL_PRES_STAT,0,1594870690.595114
CYL_PRES_STAT,0,1594870690.60675
CYL_PRES_STAT,0,1594870690.618933
CYL_PRES_STAT,0,1594870690.6892116
CYL_PRES_STAT,0,1594870690.713284
CYL_PRES_STAT,0,1594870690.730283
CYL_PRES_STAT,0,1594870690.762385
CYL_PRES_STAT,0,1594870690.771179
CYL_PRES_STAT,0,1594870690.8237784
CYL_PRES_STAT,0,1594870690.852874
CYL_PRES_STAT,0,1594870690.865304
CYL_PRES_STAT,0,1594870690.877106
CYL_PRES_STAT,0,1594870690.8974998
CYL_PRES_STAT,0,1594870690.917984
CYL_PRES_STAT,0,1594870690.979812
CYL_PRES_STAT,0,1594870691.000389
CYL_PRES_STAT,0,1594870691.020523
CYL_PRES_STAT,0,1594870691.0326462
CYL_PRES_STAT,0,1594870691.082316
CYL_PRES_STAT,0,1594870691.123293
CYL_PRES_STAT,0,1594870691.196585
CYL_PRES_STAT,0,1594870691.208823
CYL_PRES_STAT,0,1594870691.216976
CYL_PRES_STAT,0,1594870691.2292302
CYL_PRES_STAT,0,1594870691.270205
CYL_PRES_STAT,0,1594870691.2789671
CYL_PRES_STAT,0,1594870691.2906294
CYL_PRES_STAT,0,1594870691.331649
CYL_PRES_STAT,0,1594870691.352208
CYL_PRES_STAT,0,1594870691.360806
CYL_PRES_STAT,0,1594870691.372679
CYL_PRES_STAT,0,1594870691.413658
CYL_PRES_STAT,0,1594870691.446527
CYL_PRES_STAT,0,1594870691.47544
CYL_PRES_STAT,0,1594870691.581378
CYL_PRES_STAT,0,1594870691.601918
CYL_PRES_STAT,0,1594870691.622373
CYL_PRES_STAT,0,1594870691.643115
CYL_PRES_STAT,0,1594870691.6838489
CYL_PRES_STAT,0,1594870691.7454898
CYL_PRES_STAT,0,1594870691.778196
CYL_PRES_STAT,0,1594870691.8927689
CYL_PRES_STAT,0,1594870691.9505546
CYL_PRES_STAT,0,1594870692.0772748
CYL_PRES_STAT,0,1594870692.12687
CYL_PRES_STAT,0,1594870692.1590722
CYL_PRES_STAT,0,1594870692.2000961
CYL_PRES_STAT,0,1594870692.220789
CYL_PRES_STAT,0,1594870692.2497852
CYL_PRES_STAT,0,1594870692.2613971
CYL_PRES_STAT,0,1594870692.2738972
CYL_PRES_STAT,0,1594870692.3437922
CYL_PRES_STAT,0,1594870692.355737
CYL_PRES_STAT,0,1594870692.367928
CYL_PRES_STAT,0,1594870692.388374
CYL_PRES_STAT,0,1594870692.437808
CYL_PRES_STAT,0,1594870692.4702456
CYL_PRES_STAT,0,1594870692.490855
CYL_PRES_STAT,0,1594870692.511256
CYL_PRES_STAT,0,1594870692.519823
CYL_PRES_STAT,0,1594870692.531796
CYL_PRES_STAT,0,1594870692.6551359
CYL_PRES_STAT,0,1594870692.781573
CYL_PRES_STAT,0,1594870692.8102472
CYL_PRES_STAT,0,1594870692.843144
CYL_PRES_STAT,0,1594870692.85131
CYL_PRES_STAT,0,1594870692.8717039
CYL_PRES_STAT,0,1594870692.883944
CYL_PRES_STAT,0,1594870692.966306
CYL_PRES_STAT,0,1594870692.9949038
CYL_PRES_STAT,0,1594870693.0071318
CYL_PRES_STAT,0,1594870693.019053
CYL_PRES_STAT,0,1594870693.047945
CYL_PRES_STAT,0,1594870693.089262
CYL_PRES_STAT,0,1594870693.113261
CYL_PRES_STAT,0,1594870693.142211
CYL_PRES_STAT,0,1594870693.150537
CYL_PRES_STAT,0,1594870693.170947
CYL_PRES_STAT,0,1594870693.244479
CYL_PRES_STAT,0,1594870693.2566981
CYL_PRES_STAT,0,1594870693.268987
CYL_PRES_STAT,0,1594870693.2772524
CYL_PRES_STAT,0,1594870693.3059402
CYL_PRES_STAT,0,1594870693.4086561
CYL_PRES_STAT,0,1594870693.4205275
CYL_PRES_STAT,0,1594870693.4327312
CYL_PRES_STAT,0,1594870693.461974
CYL_PRES_STAT,0,1594870693.494234
CYL_PRES_STAT,0,1594870693.502986
CYL_PRES_STAT,0,1594870693.54754
CYL_PRES_STAT,0,1594870693.5847402
CYL_PRES_STAT,0,1594870693.596826
CYL_PRES_STAT,0,1594870693.609062
CYL_PRES_STAT,0,1594870693.670318
CYL_PRES_STAT,0,1594870693.6908581
CYL_PRES_STAT,0,1594870693.876082
CYL_PRES_STAT,0,1594870693.989931
CYL_PRES_STAT,0,1594870694.01075
CYL_PRES_STAT,0,1594870694.030835
CYL_PRES_STAT,0,1594870694.04295
CYL_PRES_STAT,0,1594870694.063673
CYL_PRES_STAT,0,1594870694.1338284
CYL_PRES_STAT,0,1594870694.146239
CYL_PRES_STAT,0,1594870694.1864278
CYL_PRES_STAT,0,1594870694.272388
CYL_PRES_STAT,0,1594870694.292959
CYL_PRES_STAT,0,1594870694.350652
CYL_PRES_STAT,0,1594870694.4772182
CYL_PRES_STAT,0,1594870694.4976768
CYL_PRES_STAT,0,1594870694.506454
CYL_PRES_STAT,0,1594870694.518317
CYL_PRES_STAT,0,1594870694.588486
CYL_PRES_STAT,0,1594870694.600036
CYL_PRES_STAT,0,1594870694.6414359
CYL_PRES_STAT,0,1594870694.7027938
CYL_PRES_STAT,0,1594870694.7475488
CYL_PRES_STAT,0,1594870694.764812
CYL_PRES_STAT,0,1594870694.7849312
CYL_PRES_STAT,0,1594870694.808949
CYL_PRES_STAT,0,1594870694.866942
CYL_PRES_STAT,0,1594870694.891122
CYL_PRES_STAT,0,1594870694.9120069
CYL_PRES_STAT,0,1594870694.93176
CYL_PRES_STAT,0,1594870694.9610689
CYL_PRES_STAT,0,1594870694.972851
CYL_PRES_STAT,0,1594870695.055205
CYL_PRES_STAT,0,1594870695.095986
CYL_PRES_STAT,0,1594870695.169868
CYL_PRES_STAT,0,1594870695.2228189
CYL_PRES_STAT,0,1594870695.243361
CYL_PRES_STAT,0,1594870695.25148
CYL_PRES_STAT,0,1594870695.263707
CYL_PRES_STAT,0,1594870695.3660328
CYL_PRES_STAT,0,1594870695.3865528
CYL_PRES_STAT,0,1594870695.493174
CYL_PRES_STAT,0,1594870695.5012422
CYL_PRES_STAT,0,1594870695.510049
CYL_PRES_STAT,0,1594870695.554301
CYL_PRES_STAT,0,1594870695.603614
CYL_PRES_STAT,0,1594870695.624015
CYL_PRES_STAT,0,1594870695.65678
CYL_PRES_STAT,0,1594870695.665083
CYL_PRES_STAT,0,1594870695.677291
CYL_PRES_STAT,0,1594870695.726785
CYL_PRES_STAT,0,1594870695.800658
CYL_PRES_STAT,0,1594870695.841277
CYL_PRES_STAT,0,1594870695.902925
CYL_PRES_STAT,0,1594870695.944134
CYL_PRES_STAT,0,1594870695.976267
CYL_PRES_STAT,0,1594870695.984884
CYL_PRES_STAT,0,1594870695.996814
CYL_PRES_STAT,0,1594870696.009094
CYL_PRES_STAT,0,1594870696.070435
CYL_PRES_STAT,0,1594870696.111423
CYL_PRES_STAT,0,1594870696.13203
CYL_PRES_STAT,0,1594870696.161109
CYL_PRES_STAT,0,1594870696.246716
CYL_PRES_STAT,0,1594870696.255407
CYL_PRES_STAT,0,1594870696.378012
CYL_PRES_STAT,0,1594870696.389909
CYL_PRES_STAT,0,1594870696.402297
CYL_PRES_STAT,0,1594870696.410944
CYL_PRES_STAT,0,1594870696.430947
CYL_PRES_STAT,0,1594870696.443202
CYL_PRES_STAT,0,1594870696.471916
CYL_PRES_STAT,0,1594870696.492503
CYL_PRES_STAT,0,1594870696.504551
CYL_PRES_STAT,0,1594870696.5128992
CYL_PRES_STAT,0,1594870696.525236
CYL_PRES_STAT,0,1594870696.54561
CYL_PRES_STAT,0,1594870696.56618
CYL_PRES_STAT,0,1594870696.615816
CYL_PRES_STAT,0,1594870696.6277351
CYL_PRES_STAT,0,1594870696.672508
CYL_PRES_STAT,0,1594870696.6891048
CYL_PRES_STAT,0,1594870696.730724
CYL_PRES_STAT,0,1594870696.856819
CYL_PRES_STAT,0,1594870696.979702
CYL_PRES_STAT,0,1594870696.988545
CYL_PRES_STAT,0,1594870697.0003312
CYL_PRES_STAT,0,1594870697.00879
CYL_PRES_STAT,0,1594870697.020705
CYL_PRES_STAT,0,1594870697.041278
CYL_PRES_STAT,0,1594870697.143853
CYL_PRES_STAT,0,1594870697.164521
CYL_PRES_STAT,0,1594870697.1886091
CYL_PRES_STAT,0,1594870697.217325
CYL_PRES_STAT,0,1594870697.250096
CYL_PRES_STAT,0,1594870697.270474
CYL_PRES_STAT,0,1594870697.291127
CYL_PRES_STAT,0,1594870697.311614
CYL_PRES_STAT,0,1594870697.32009
CYL_PRES_STAT,0,1594870697.361312
CYL_PRES_STAT,0,1594870697.37302
CYL_PRES_STAT,0,1594870697.41405
CYL_PRES_STAT,0,1594870697.557881
CYL_PRES_STAT,0,1594870697.569546
CYL_PRES_STAT,0,1594870697.578384
CYL_PRES_STAT,0,1594870697.6105542
CYL_PRES_STAT,0,1594870697.6193314
CYL_PRES_STAT,0,1594870697.6432369
CYL_PRES_STAT,0,1594870697.872694
CYL_PRES_STAT,0,1594870697.880758
CYL_PRES_STAT,0,1594870697.889089
CYL_PRES_STAT,0,1594870697.90167
CYL_PRES_STAT,0,1594870697.9095461
CYL_PRES_STAT,0,1594870697.942239
CYL_PRES_STAT,0,1594870697.950867
CYL_PRES_STAT,0,1594870698.044897
CYL_PRES_STAT,0,1594870698.056851
CYL_PRES_STAT,0,1594870698.0656672
CYL_PRES_STAT,0,1594870698.0775099
CYL_PRES_STAT,0,1594870698.1598868
CYL_PRES_STAT,0,1594870698.180374
CYL_PRES_STAT,0,1594870698.200448
CYL_PRES_STAT,0,1594870698.24139
CYL_PRES_STAT,0,1594870698.2620552
CYL_PRES_STAT,0,1594870698.3239172
CYL_PRES_STAT,0,1594870698.3648589
CYL_PRES_STAT,0,1594870698.3886821
CYL_PRES_STAT,0,1594870698.397038
CYL_PRES_STAT,0,1594870698.491199
CYL_PRES_STAT,0,1594870698.5115552
CYL_PRES_STAT,0,1594870698.5321288
CYL_PRES_STAT,0,1594870698.655642
CYL_PRES_STAT,0,1594870698.74914
CYL_PRES_STAT,0,1594870698.757848
CYL_PRES_STAT,0,1594870698.778494
CYL_PRES_STAT,0,1594870698.8024619
CYL_PRES_STAT,0,1594870698.8191204
CYL_PRES_STAT,0,1594870698.8432882
CYL_PRES_STAT,0,1594870698.893179
CYL_PRES_STAT,0,1594870698.946016
CYL_PRES_STAT,0,1594870699.0605118
CYL_PRES_STAT,0,1594870699.069095
CYL_PRES_STAT,0,1594870699.130582
CYL_PRES_STAT,0,1594870699.142559
CYL_PRES_STAT,0,1594870699.2570932
CYL_PRES_STAT,0,1594870699.2652302
CYL_PRES_STAT,0,1594870699.27751
CYL_PRES_STAT,0,1594870699.297966
CYL_PRES_STAT,0,1594870699.380173
CYL_PRES_STAT,0,1594870699.392368
CYL_PRES_STAT,0,1594870699.400767
CYL_PRES_STAT,0,1594870699.421366
CYL_PRES_STAT,0,1594870699.441494
CYL_PRES_STAT,0,1594870699.515061
CYL_PRES_STAT,0,1594870699.5566444
CYL_PRES_STAT,0,1594870699.564842
CYL_PRES_STAT,0,1594870699.5970929
CYL_PRES_STAT,0,1594870699.6584868
CYL_PRES_STAT,0,1594870699.670638
CYL_PRES_STAT,0,1594870699.7200792
CYL_PRES_STAT,0,1594870699.7525961
CYL_PRES_STAT,0,1594870699.7817302
CYL_PRES_STAT,0,1594870699.8230278
CYL_PRES_STAT,0,1594870699.876089
CYL_PRES_STAT,0,1594870699.8877392
CYL_PRES_STAT,0,1594870699.896513
CYL_PRES_STAT,0,1594870699.9579046
CYL_PRES_STAT,0,1594870700.002341
CYL_PRES_STAT,0,1594870700.022861
CYL_PRES_STAT,0,1594870700.06401
CYL_PRES_STAT,0,1594870700.145809
CYL_PRES_STAT,0,1594870700.174839
CYL_PRES_STAT,0,1594870700.186799
CYL_PRES_STAT,0,1594870700.227912
CYL_PRES_STAT,0,1594870700.240275
CYL_PRES_STAT,0,1594870700.260656
CYL_PRES_STAT,0,1594870700.2687054
CYL_PRES_STAT,0,1594870700.301556
CYL_PRES_STAT,0,1594870700.342442
CYL_PRES_STAT,0,1594870700.350961
CYL_PRES_STAT,0,1594870700.43661
CYL_PRES_STAT,0,1594870700.457104
CYL_PRES_STAT,0,1594870700.465803
CYL_PRES_STAT,0,1594870700.5595632
CYL_PRES_STAT,0,1594870700.5806391
CYL_PRES_STAT,0,1594870700.6498802
CYL_PRES_STAT,0,1594870700.703097
CYL_PRES_STAT,0,1594870700.8056278
CYL_PRES_STAT,0,1594870700.838068
CYL_PRES_STAT,0,1594870700.858602
CYL_PRES_STAT,0,1594870700.88314
CYL_PRES_STAT,0,1594870700.891362
CYL_PRES_STAT,0,1594870700.9322731
CYL_PRES_STAT,0,1594870701.034695
CYL_PRES_STAT,0,1594870701.055555
CYL_PRES_STAT,0,1594870701.075978
CYL_PRES_STAT,0,1594870701.096478
CYL_PRES_STAT,0,1594870701.1581054
CYL_PRES_STAT,0,1594870701.1784186
CYL_PRES_STAT,0,1594870701.2025301
CYL_PRES_STAT,0,1594870701.223114
CYL_PRES_STAT,0,1594870701.2722
CYL_PRES_STAT,0,1594870701.325444
CYL_PRES_STAT,0,1594870701.345933
CYL_PRES_STAT,0,1594870701.386852
CYL_PRES_STAT,0,1594870701.460593
CYL_PRES_STAT,0,1594870701.469034
CYL_PRES_STAT,0,1594870701.5014641
CYL_PRES_STAT,0,1594870701.5101812
CYL_PRES_STAT,0,1594870701.53071
CYL_PRES_STAT,0,1594870701.54255
CYL_PRES_STAT,0,1594870701.5958114
CYL_PRES_STAT,0,1594870701.603909
CYL_PRES_STAT,0,1594870701.7476742
CYL_PRES_STAT,0,1594870701.780116
CYL_PRES_STAT,0,1594870701.7922661
CYL_PRES_STAT,0,1594870701.800535
CYL_PRES_STAT,0,1594870701.821708
CYL_PRES_STAT,0,1594870701.927375
CYL_PRES_STAT,0,1594870701.947926
CYL_PRES_STAT,0,1594870701.964983
CYL_PRES_STAT,0,1594870702.0791428
CYL_PRES_STAT,0,1594870702.091315
CYL_PRES_STAT,0,1594870702.111734
CYL_PRES_STAT,0,1594870702.141283
CYL_PRES_STAT,0,1594870702.152719
CYL_PRES_STAT,0,1594870702.276014
CYL_PRES_STAT,0,1594870702.287951
CYL_PRES_STAT,0,1594870702.3580608
CYL_PRES_STAT,0,1594870702.378817
CYL_PRES_STAT,0,1594870702.3989296
CYL_PRES_STAT,0,1594870702.423093
CYL_PRES_STAT,0,1594870702.4435148
CYL_PRES_STAT,0,1594870702.537655
CYL_PRES_STAT,0,1594870702.5463848
CYL_PRES_STAT,0,1594870702.575117
CYL_PRES_STAT,0,1594870702.586924
CYL_PRES_STAT,0,1594870702.607414
CYL_PRES_STAT,0,1594870702.6483982
CYL_PRES_STAT,0,1594870702.672811
CYL_PRES_STAT,0,1594870702.693354
CYL_PRES_STAT,0,1594870702.710401
CYL_PRES_STAT,0,1594870702.836624
CYL_PRES_STAT,0,1594870702.8572102
CYL_PRES_STAT,0,1594870702.8981206
CYL_PRES_STAT,0,1594870702.9599626
CYL_PRES_STAT,0,1594870703.021156
CYL_PRES_STAT,0,1594870703.033277
CYL_PRES_STAT,0,1594870703.094861
CYL_PRES_STAT,0,1594870703.103225
CYL_PRES_STAT,0,1594870703.144531
CYL_PRES_STAT,0,1594870703.168473
CYL_PRES_STAT,0,1594870703.189049
CYL_PRES_STAT,0,1594870703.246929
CYL_PRES_STAT,0,1594870703.283188
CYL_PRES_STAT,0,1594870703.291814
CYL_PRES_STAT,0,1594870703.299655
CYL_PRES_STAT,0,1594870703.31196
CYL_PRES_STAT,0,1594870703.435209
CYL_PRES_STAT,0,1594870703.447156
CYL_PRES_STAT,0,1594870703.4559329
CYL_PRES_STAT,0,1594870703.476089
CYL_PRES_STAT,0,1594870703.4970722
CYL_PRES_STAT,0,1594870703.558173
CYL_PRES_STAT,0,1594870703.59057
CYL_PRES_STAT,0,1594870703.5991502
CYL_PRES_STAT,0,1594870703.6110132
CYL_PRES_STAT,0,1594870703.62309
CYL_PRES_STAT,0,1594870703.664002
CYL_PRES_STAT,0,1594870703.7138462
CYL_PRES_STAT,0,1594870703.734102
CYL_PRES_STAT,0,1594870703.7545948
CYL_PRES_STAT,0,1594870703.766457
CYL_PRES_STAT,0,1594870703.775233
CYL_PRES_STAT,0,1594870703.8488052
CYL_PRES_STAT,0,1594870703.8569741
CYL_PRES_STAT,0,1594870703.910357
CYL_PRES_STAT,0,1594870703.9310238
CYL_PRES_STAT,0,1594870703.9427588
CYL_PRES_STAT,0,1594870704.077897
CYL_PRES_STAT,0,1594870704.1477962
CYL_PRES_STAT,0,1594870704.1599169
CYL_PRES_STAT,0,1594870704.1800802
CYL_PRES_STAT,0,1594870704.192482
CYL_PRES_STAT,0,1594870704.2006874
CYL_PRES_STAT,0,1594870704.221549
CYL_PRES_STAT,0,1594870704.242284
CYL_PRES_STAT,0,1594870704.3239172
CYL_PRES_STAT,0,1594870704.34483
CYL_PRES_STAT,0,1594870704.3564749
CYL_PRES_STAT,0,1594870704.43824
CYL_PRES_STAT,0,1594870704.450526
CYL_PRES_STAT,0,1594870704.458679
CYL_PRES_STAT,0,1594870704.47087
CYL_PRES_STAT,0,1594870704.4914749
CYL_PRES_STAT,0,1594870704.532436
CYL_PRES_STAT,0,1594870704.6349912
CYL_PRES_STAT,0,1594870704.663852
CYL_PRES_STAT,0,1594870704.675984
CYL_PRES_STAT,0,1594870704.6966
CYL_PRES_STAT,0,1594870704.7375839
CYL_PRES_STAT,0,1594870704.78218
CYL_PRES_STAT,0,1594870704.8027148
CYL_PRES_STAT,0,1594870704.8231769
CYL_PRES_STAT,0,1594870704.872407
CYL_PRES_STAT,0,1594870704.8846269
CYL_PRES_STAT,0,1594870704.937842
CYL_PRES_STAT,0,1594870704.975214
CYL_PRES_STAT,0,1594870704.987102
CYL_PRES_STAT,0,1594870705.048544
CYL_PRES_STAT,0,1594870705.06933
CYL_PRES_STAT,0,1594870705.093697
CYL_PRES_STAT,0,1594870705.110695
CYL_PRES_STAT,0,1594870705.1311991
CYL_PRES_STAT,0,1594870705.236944
CYL_PRES_STAT,0,1594870705.245306
CYL_PRES_STAT,0,1594870705.2573311
CYL_PRES_STAT,0,1594870705.2982929
CYL_PRES_STAT,0,1594870705.351639
CYL_PRES_STAT,0,1594870705.3605409
CYL_PRES_STAT,0,1594870705.368473
CYL_PRES_STAT,0,1594870705.4212232
CYL_PRES_STAT,0,1594870705.4298172
CYL_PRES_STAT,0,1594870705.450434
CYL_PRES_STAT,0,1594870705.49496
CYL_PRES_STAT,0,1594870705.5032609
CYL_PRES_STAT,0,1594870705.5444882
CYL_PRES_STAT,0,1594870705.565133
CYL_PRES_STAT,0,1594870705.683249
CYL_PRES_STAT,0,1594870705.835339
CYL_PRES_STAT,0,1594870705.8472726
CYL_PRES_STAT,0,1594870705.856443
CYL_PRES_STAT,0,1594870705.8764758
CYL_PRES_STAT,0,1594870705.941359
CYL_PRES_STAT,0,1594870705.9617279
CYL_PRES_STAT,0,1594870705.982307
CYL_PRES_STAT,0,1594870706.043831
CYL_PRES_STAT,0,1594870706.1665988
CYL_PRES_STAT,0,1594870706.175342
CYL_PRES_STAT,0,1594870706.249005
CYL_PRES_STAT,0,1594870706.2610161
CYL_PRES_STAT,0,1594870706.290283
CYL_PRES_STAT,0,1594870706.3312528
CYL_PRES_STAT,0,1594870706.4370801
CYL_PRES_STAT,0,1594870706.48619
CYL_PRES_STAT,0,1594870706.498417
CYL_PRES_STAT,0,1594870706.5481331
CYL_PRES_STAT,0,1594870706.5597794
CYL_PRES_STAT,0,1594870706.580276
CYL_PRES_STAT,0,1594870706.609442
CYL_PRES_STAT,0,1594870706.621257
CYL_PRES_STAT,0,1594870706.727916
CYL_PRES_STAT,0,1594870706.748189
CYL_PRES_STAT,0,1594870706.7566762
CYL_PRES_STAT,0,1594870706.806564
CYL_PRES_STAT,0,1594870706.839177
CYL_PRES_STAT,0,1594870706.850843
CYL_PRES_STAT,0,1594870706.871209
CYL_PRES_STAT,0,1594870706.982204
CYL_PRES_STAT,0,1594870707.002739
CYL_PRES_STAT,0,1594870707.0561721
CYL_PRES_STAT,0,1594870707.075968
CYL_PRES_STAT,0,1594870707.088094
CYL_PRES_STAT,0,1594870707.17022
CYL_PRES_STAT,0,1594870707.182376
CYL_PRES_STAT,0,1594870707.219768
CYL_PRES_STAT,0,1594870707.27263
CYL_PRES_STAT,0,1594870707.3259869
CYL_PRES_STAT,0,1594870707.334311
CYL_PRES_STAT,0,1594870707.346252
CYL_PRES_STAT,0,1594870707.4486868
CYL_PRES_STAT,0,1594870707.489957
CYL_PRES_STAT,0,1594870707.501948
CYL_PRES_STAT,0,1594870707.5106518
CYL_PRES_STAT,0,1594870707.624727
CYL_PRES_STAT,0,1594870707.6663208
CYL_PRES_STAT,0,1594870707.7402284
CYL_PRES_STAT,0,1594870707.751742
CYL_PRES_STAT,0,1594870707.842015
CYL_PRES_STAT,0,1594870707.927792
CYL_PRES_STAT,0,1594870707.956511
CYL_PRES_STAT,0,1594870707.9652119
CYL_PRES_STAT,0,1594870708.0507212
CYL_PRES_STAT,0,1594870708.071187
CYL_PRES_STAT,0,1594870708.0920491
CYL_PRES_STAT,0,1594870708.112119
CYL_PRES_STAT,0,1594870708.120996
CYL_PRES_STAT,0,1594870708.1326401
CYL_PRES_STAT,0,1594870708.141234
CYL_PRES_STAT,0,1594870708.214995
CYL_PRES_STAT,0,1594870708.2353878
CYL_PRES_STAT,0,1594870708.2473
CYL_PRES_STAT,0,1594870708.2560158
CYL_PRES_STAT,0,1594870708.267761
CYL_PRES_STAT,0,1594870708.276372
CYL_PRES_STAT,0,1594870708.3379169
CYL_PRES_STAT,0,1594870708.370133
CYL_PRES_STAT,0,1594870708.379065
CYL_PRES_STAT,0,1594870708.423465
CYL_PRES_STAT,0,1594870708.484868
CYL_PRES_STAT,0,1594870708.5053198
CYL_PRES_STAT,0,1594870708.514125
CYL_PRES_STAT,0,1594870708.566775
CYL_PRES_STAT,0,1594870708.5961046
CYL_PRES_STAT,0,1594870708.669513
CYL_PRES_STAT,0,1594870708.69034
CYL_PRES_STAT,0,1594870708.763454
CYL_PRES_STAT,0,1594870708.8165429
CYL_PRES_STAT,0,1594870708.825212
CYL_PRES_STAT,0,1594870708.8371382
CYL_PRES_STAT,0,1594870708.8658822
CYL_PRES_STAT,0,1594870708.878175
CYL_PRES_STAT,0,1594870708.9396422
CYL_PRES_STAT,0,1594870708.989318
CYL_PRES_STAT,0,1594870709.0009859
CYL_PRES_STAT,0,1594870709.0745099
CYL_PRES_STAT,0,1594870709.1075392
CYL_PRES_STAT,0,1594870709.11555
CYL_PRES_STAT,0,1594870709.1242812
CYL_PRES_STAT,0,1594870709.1483269
CYL_PRES_STAT,0,1594870709.250859
CYL_PRES_STAT,0,1594870709.271321
CYL_PRES_STAT,0,1594870709.2800386
CYL_PRES_STAT,0,1594870709.300342
CYL_PRES_STAT,0,1594870709.3122401
CYL_PRES_STAT,0,1594870709.320744
CYL_PRES_STAT,0,1594870709.4355998
CYL_PRES_STAT,0,1594870709.529204
CYL_PRES_STAT,0,1594870709.549736
CYL_PRES_STAT,0,1594870709.570576
CYL_PRES_STAT,0,1594870709.611427
CYL_PRES_STAT,0,1594870709.705854
CYL_PRES_STAT,0,1594870709.7258348
CYL_PRES_STAT,0,1594870709.738136
CYL_PRES_STAT,0,1594870709.746721
CYL_PRES_STAT,0,1594870709.8288789
CYL_PRES_STAT,0,1594870709.849099
CYL_PRES_STAT,0,1594870709.86957
CYL_PRES_STAT,0,1594870710.0251188
CYL_PRES_STAT,0,1594870710.0370462
CYL_PRES_STAT,0,1594870710.057796
CYL_PRES_STAT,0,1594870710.06645
CYL_PRES_STAT,0,1594870710.0866199
CYL_PRES_STAT,0,1594870710.140191
CYL_PRES_STAT,0,1594870710.180521
CYL_PRES_STAT,0,1594870710.201035
CYL_PRES_STAT,0,1594870710.307521
CYL_PRES_STAT,0,1594870710.316328
CYL_PRES_STAT,0,1594870710.324367
CYL_PRES_STAT,0,1594870710.3483572
CYL_PRES_STAT,0,1594870710.368874
CYL_PRES_STAT,0,1594870710.450918
CYL_PRES_STAT,0,1594870710.4713411
CYL_PRES_STAT,0,1594870710.500505
CYL_PRES_STAT,0,1594870710.5123909
CYL_PRES_STAT,0,1594870710.615125
CYL_PRES_STAT,0,1594870710.65615
CYL_PRES_STAT,0,1594870710.729613
CYL_PRES_STAT,0,1594870710.7417939
CYL_PRES_STAT,0,1594870710.762078
CYL_PRES_STAT,0,1594870710.823589
CYL_PRES_STAT,0,1594870710.946483
CYL_PRES_STAT,0,1594870710.995936
CYL_PRES_STAT,0,1594870711.061311
CYL_PRES_STAT,0,1594870711.0696962
CYL_PRES_STAT,0,1594870711.090322
CYL_PRES_STAT,0,1594870711.216741
CYL_PRES_STAT,0,1594870711.225301
CYL_PRES_STAT,0,1594870711.339725
CYL_PRES_STAT,0,1594870711.3603818
CYL_PRES_STAT,0,1594870711.381253
CYL_PRES_STAT,0,1594870711.421574
CYL_PRES_STAT,0,1594870711.4746962
CYL_PRES_STAT,0,1594870711.5037858
CYL_PRES_STAT,0,1594870711.630544
CYL_PRES_STAT,0,1594870711.642717
CYL_PRES_STAT,0,1594870711.691832
CYL_PRES_STAT,0,1594870711.814799
CYL_PRES_STAT,0,1594870711.941809
CYL_PRES_STAT,0,1594870711.962328
CYL_PRES_STAT,0,1594870711.970755
CYL_PRES_STAT,0,1594870711.9826822
CYL_PRES_STAT,0,1594870712.011261
CYL_PRES_STAT,0,1594870712.03174
CYL_PRES_STAT,0,1594870712.085113
CYL_PRES_STAT,0,1594870712.1465259
CYL_PRES_STAT,0,1594870712.179347
CYL_PRES_STAT,0,1594870712.2082632
CYL_PRES_STAT,0,1594870712.220177
CYL_PRES_STAT,0,1594870712.229136
CYL_PRES_STAT,0,1594870712.2496
CYL_PRES_STAT,0,1594870712.27337
CYL_PRES_STAT,0,1594870712.32267
CYL_PRES_STAT,0,1594870712.4578822
CYL_PRES_STAT,0,1594870712.519681
CYL_PRES_STAT,0,1594870712.581161
CYL_PRES_STAT,0,1594870712.703887
CYL_PRES_STAT,0,1594870712.715741
CYL_PRES_STAT,0,1594870712.7279642
CYL_PRES_STAT,0,1594870712.797847
CYL_PRES_STAT,0,1594870712.8309689
CYL_PRES_STAT,0,1594870712.8509722
CYL_PRES_STAT,0,1594870712.8715641
CYL_PRES_STAT,0,1594870712.9124944
CYL_PRES_STAT,0,1594870712.933006
CYL_PRES_STAT,0,1594870713.015116
CYL_PRES_STAT,0,1594870713.035702
CYL_PRES_STAT,0,1594870713.121254
CYL_PRES_STAT,0,1594870713.133517
CYL_PRES_STAT,0,1594870713.141784
CYL_PRES_STAT,0,1594870713.16241
CYL_PRES_STAT,0,1594870713.191217
CYL_PRES_STAT,0,1594870713.203219
CYL_PRES_STAT,0,1594870713.244092
CYL_PRES_STAT,0,1594870713.28514
CYL_PRES_STAT,0,1594870713.326192
CYL_PRES_STAT,0,1594870713.3467839
CYL_PRES_STAT,0,1594870713.3552198
CYL_PRES_STAT,0,1594870713.3671439
CYL_PRES_STAT,0,1594870713.3997118
CYL_PRES_STAT,0,1594870713.408451
CYL_PRES_STAT,0,1594870713.4612849
CYL_PRES_STAT,0,1594870713.502249
CYL_PRES_STAT,0,1594870713.592983
CYL_PRES_STAT,0,1594870713.707573
CYL_PRES_STAT,0,1594870713.7193446
CYL_PRES_STAT,0,1594870713.740122
CYL_PRES_STAT,0,1594870713.760568
CYL_PRES_STAT,0,1594870713.813342
CYL_PRES_STAT,0,1594870713.8872151
CYL_PRES_STAT,0,1594870713.928261
CYL_PRES_STAT,0,1594870713.948543
CYL_PRES_STAT,0,1594870714.0103369
CYL_PRES_STAT,0,1594870714.0310998
CYL_PRES_STAT,0,1594870714.071554
CYL_PRES_STAT,0,1594870714.100584
CYL_PRES_STAT,0,1594870714.206707
CYL_PRES_STAT,0,1594870714.21887
CYL_PRES_STAT,0,1594870714.2475562
CYL_PRES_STAT,0,1594870714.341921
CYL_PRES_STAT,0,1594870714.382704
CYL_PRES_STAT,0,1594870714.4851332
CYL_PRES_STAT,0,1594870714.5057788
CYL_PRES_STAT,0,1594870714.5265071
CYL_PRES_STAT,0,1594870714.546632
CYL_PRES_STAT,0,1594870714.579566
CYL_PRES_STAT,0,1594870714.6085172
CYL_PRES_STAT,0,1594870714.620331
CYL_PRES_STAT,0,1594870714.62922
CYL_PRES_STAT,0,1594870714.653007
CYL_PRES_STAT,0,1594870714.681777
CYL_PRES_STAT,0,1594870714.776126
CYL_PRES_STAT,0,1594870714.7882812
CYL_PRES_STAT,0,1594870714.8373706
CYL_PRES_STAT,0,1594870714.8991194
CYL_PRES_STAT,0,1594870714.9193866
CYL_PRES_STAT,0,1594870714.960701
CYL_PRES_STAT,0,1594870714.9808252
CYL_PRES_STAT,0,1594870714.993206
CYL_PRES_STAT,0,1594870715.001937
CYL_PRES_STAT,0,1594870715.054517
CYL_PRES_STAT,0,1594870715.087216
CYL_PRES_STAT,0,1594870715.1041422
CYL_PRES_STAT,0,1594870715.1160178
CYL_PRES_STAT,0,1594870715.128151
CYL_PRES_STAT,0,1594870715.2102802
CYL_PRES_STAT,0,1594870715.230609
CYL_PRES_STAT,0,1594870715.2511768
CYL_PRES_STAT,0,1594870715.283816
CYL_PRES_STAT,0,1594870715.36574
CYL_PRES_STAT,0,1594870715.521508
CYL_PRES_STAT,0,1594870715.5296211
CYL_PRES_STAT,0,1594870715.5419366
CYL_PRES_STAT,0,1594870715.6444008
CYL_PRES_STAT,0,1594870715.664798
CYL_PRES_STAT,0,1594870715.705729
CYL_PRES_STAT,0,1594870715.7264378
CYL_PRES_STAT,0,1594870715.7881322
CYL_PRES_STAT,0,1594870715.808618
CYL_PRES_STAT,0,1594870715.829294
CYL_PRES_STAT,0,1594870715.8613398
CYL_PRES_STAT,0,1594870715.8736992
CYL_PRES_STAT,0,1594870715.9762838
CYL_PRES_STAT,0,1594870715.996793
CYL_PRES_STAT,0,1594870716.016982
CYL_PRES_STAT,0,1594870716.037577
CYL_PRES_STAT,0,1594870716.046067
CYL_PRES_STAT,0,1594870716.098912
CYL_PRES_STAT,0,1594870716.1198199
CYL_PRES_STAT,0,1594870716.140331
CYL_PRES_STAT,0,1594870716.2423966
CYL_PRES_STAT,0,1594870716.263629
CYL_PRES_STAT,0,1594870716.2874398
CYL_PRES_STAT,0,1594870716.295516
CYL_PRES_STAT,0,1594870716.3162699
CYL_PRES_STAT,0,1594870716.328445
CYL_PRES_STAT,0,1594870716.3897538
CYL_PRES_STAT,0,1594870716.480444
CYL_PRES_STAT,0,1594870716.492239
CYL_PRES_STAT,0,1594870716.5949562
CYL_PRES_STAT,0,1594870716.606847
CYL_PRES_STAT,0,1594870716.6477962
CYL_PRES_STAT,0,1594870716.676855
CYL_PRES_STAT,0,1594870716.697311
CYL_PRES_STAT,0,1594870716.721484
CYL_PRES_STAT,0,1594870716.742063
CYL_PRES_STAT,0,1594870716.791445
CYL_PRES_STAT,0,1594870716.8652966
CYL_PRES_STAT,0,1594870716.885699
CYL_PRES_STAT,0,1594870716.914463
CYL_PRES_STAT,0,1594870716.926332
CYL_PRES_STAT,0,1594870716.938483
CYL_PRES_STAT,0,1594870716.967598
CYL_PRES_STAT,0,1594870717.02058
CYL_PRES_STAT,0,1594870717.032748
CYL_PRES_STAT,0,1594870717.0496054
CYL_PRES_STAT,0,1594870717.14343
CYL_PRES_STAT,0,1594870717.1761901
CYL_PRES_STAT,0,1594870717.184862
CYL_PRES_STAT,0,1594870717.287093
CYL_PRES_STAT,0,1594870717.299069
CYL_PRES_STAT,0,1594870717.35224
CYL_PRES_STAT,0,1594870717.393165
CYL_PRES_STAT,0,1594870717.487552
CYL_PRES_STAT,0,1594870717.528307
CYL_PRES_STAT,0,1594870717.60204
CYL_PRES_STAT,0,1594870717.610181
CYL_PRES_STAT,0,1594870717.63126
CYL_PRES_STAT,0,1594870717.660007
CYL_PRES_STAT,0,1594870717.6718268
CYL_PRES_STAT,0,1594870717.6922274
CYL_PRES_STAT,0,1594870717.724885
CYL_PRES_STAT,0,1594870717.754001
CYL_PRES_STAT,0,1594870717.765989
CYL_PRES_STAT,0,1594870717.774558
CYL_PRES_STAT,0,1594870717.7951062
CYL_PRES_STAT,0,1594870717.815477
CYL_PRES_STAT,0,1594870717.877276
CYL_PRES_STAT,0,1594870717.9010382
CYL_PRES_STAT,0,1594870717.921566
CYL_PRES_STAT,0,1594870717.9303126
CYL_PRES_STAT,0,1594870717.9830241
CYL_PRES_STAT,0,1594870718.0649412
CYL_PRES_STAT,0,1594870718.097758
CYL_PRES_STAT,0,1594870718.105982
CYL_PRES_STAT,0,1594870718.179808
CYL_PRES_STAT,0,1594870718.191895
CYL_PRES_STAT,0,1594870718.232857
CYL_PRES_STAT,0,1594870718.37624
CYL_PRES_STAT,0,1594870718.3967562
CYL_PRES_STAT,0,1594870718.478624
CYL_PRES_STAT,0,1594870718.499119
CYL_PRES_STAT,0,1594870718.511245
CYL_PRES_STAT,0,1594870718.519946
CYL_PRES_STAT,0,1594870718.5406778
CYL_PRES_STAT,0,1594870718.63431
CYL_PRES_STAT,0,1594870718.6430972
CYL_PRES_STAT,0,1594870718.6632152
CYL_PRES_STAT,0,1594870718.6752539
CYL_PRES_STAT,0,1594870718.687364
CYL_PRES_STAT,0,1594870718.7900882
CYL_PRES_STAT,0,1594870718.851358
CYL_PRES_STAT,0,1594870718.9744859
CYL_PRES_STAT,0,1594870718.9952114
CYL_PRES_STAT,0,1594870719.015517
CYL_PRES_STAT,0,1594870719.0769188
CYL_PRES_STAT,0,1594870719.121717
CYL_PRES_STAT,0,1594870719.1421
CYL_PRES_STAT,0,1594870719.16272
CYL_PRES_STAT,0,1594870719.256808
CYL_PRES_STAT,0,1594870719.26546
CYL_PRES_STAT,0,1594870719.3679206
CYL_PRES_STAT,0,1594870719.4206948
CYL_PRES_STAT,0,1594870719.482076
CYL_PRES_STAT,0,1594870719.535342
CYL_PRES_STAT,0,1594870719.555871
CYL_PRES_STAT,0,1594870719.5763898
CYL_PRES_STAT,0,1594870719.617219
CYL_PRES_STAT,0,1594870719.682683
CYL_PRES_STAT,0,1594870719.7196689
CYL_PRES_STAT,0,1594870719.740447
CYL_PRES_STAT,0,1594870719.7523608
CYL_PRES_STAT,0,1594870719.761193
CYL_PRES_STAT,0,1594870719.948936
CYL_PRES_STAT,0,1594870719.989989
CYL_PRES_STAT,0,1594870720.0112221
CYL_PRES_STAT,0,1594870720.039636
CYL_PRES_STAT,0,1594870720.0514538
CYL_PRES_STAT,0,1594870720.071935
CYL_PRES_STAT,0,1594870720.0929391
CYL_PRES_STAT,0,1594870720.15779
CYL_PRES_STAT,0,1594870720.178186
CYL_PRES_STAT,0,1594870720.198796
CYL_PRES_STAT,0,1594870720.236038
CYL_PRES_STAT,0,1594870720.2807212
CYL_PRES_STAT,0,1594870720.321694
CYL_PRES_STAT,0,1594870720.444602
CYL_PRES_STAT,0,1594870720.485818
CYL_PRES_STAT,0,1594870720.568085
CYL_PRES_STAT,0,1594870720.579708
CYL_PRES_STAT,0,1594870720.588397
CYL_PRES_STAT,0,1594870720.612405
CYL_PRES_STAT,0,1594870720.620702
CYL_PRES_STAT,0,1594870720.629354
CYL_PRES_STAT,0,1594870720.6533492
CYL_PRES_STAT,0,1594870720.755887
CYL_PRES_STAT,0,1594870720.776438
CYL_PRES_STAT,0,1594870720.796927
CYL_PRES_STAT,0,1594870720.8173409
CYL_PRES_STAT,0,1594870720.846983
CYL_PRES_STAT,0,1594870720.85826
CYL_PRES_STAT,0,1594870720.8788528
CYL_PRES_STAT,0,1594870720.903166
CYL_PRES_STAT,0,1594870720.9117038
CYL_PRES_STAT,0,1594870720.9201226
CYL_PRES_STAT,0,1594870720.940595
CYL_PRES_STAT,0,1594870720.972877
CYL_PRES_STAT,0,1594870721.0344331
CYL_PRES_STAT,0,1594870721.067112
CYL_PRES_STAT,0,1594870721.075681
CYL_PRES_STAT,0,1594870721.1286056
CYL_PRES_STAT,0,1594870721.169554
CYL_PRES_STAT,0,1594870721.190049
CYL_PRES_STAT,0,1594870721.251497
CYL_PRES_STAT,0,1594870721.4274828
CYL_PRES_STAT,0,1594870721.457088
CYL_PRES_STAT,0,1594870721.4898539
CYL_PRES_STAT,0,1594870721.5013
CYL_PRES_STAT,0,1594870721.5422368
CYL_PRES_STAT,0,1594870721.571193
CYL_PRES_STAT,0,1594870721.63295
CYL_PRES_STAT,0,1594870721.6569226
CYL_PRES_STAT,0,1594870721.665458
CYL_PRES_STAT,0,1594870721.6861498
CYL_PRES_STAT,0,1594870721.706817
CYL_PRES_STAT,0,1594870721.718258
CYL_PRES_STAT,0,1594870721.768154
CYL_PRES_STAT,0,1594870721.7922294
CYL_PRES_STAT,0,1594870721.812667
CYL_PRES_STAT,0,1594870721.829951
CYL_PRES_STAT,0,1594870721.9354599
CYL_PRES_STAT,0,1594870721.9968796
CYL_PRES_STAT,0,1594870722.058963
CYL_PRES_STAT,0,1594870722.070695
CYL_PRES_STAT,0,1594870722.131967
CYL_PRES_STAT,0,1594870722.14034
CYL_PRES_STAT,0,1594870722.1614711
CYL_PRES_STAT,0,1594870722.2140858
CYL_PRES_STAT,0,1594870722.2227972
CYL_PRES_STAT,0,1594870722.234477
CYL_PRES_STAT,0,1594870722.26721
CYL_PRES_STAT,0,1594870722.370003
CYL_PRES_STAT,0,1594870722.390686
CYL_PRES_STAT,0,1594870722.4023318
CYL_PRES_STAT,0,1594870722.4111302
CYL_PRES_STAT,0,1594870722.4399328
CYL_PRES_STAT,0,1594870722.4515948
CYL_PRES_STAT,0,1594870722.5374248
CYL_PRES_STAT,0,1594870722.5579731
CYL_PRES_STAT,0,1594870722.566227
CYL_PRES_STAT,0,1594870722.5785658
CYL_PRES_STAT,0,1594870722.6602821
CYL_PRES_STAT,0,1594870722.680875
CYL_PRES_STAT,0,1594870722.701504
CYL_PRES_STAT,0,1594870722.750924
CYL_PRES_STAT,0,1594870722.824821
CYL_PRES_STAT,0,1594870722.865208
CYL_PRES_STAT,0,1594870722.885835
CYL_PRES_STAT,0,1594870722.8979578
CYL_PRES_STAT,0,1594870722.906343
CYL_PRES_STAT,0,1594870723.0089214
CYL_PRES_STAT,0,1594870723.0330858
CYL_PRES_STAT,0,1594870723.05347
CYL_PRES_STAT,0,1594870723.1477392
CYL_PRES_STAT,0,1594870723.156251
CYL_PRES_STAT,0,1594870723.226305
CYL_PRES_STAT,0,1594870723.258517
CYL_PRES_STAT,0,1594870723.3115351
CYL_PRES_STAT,0,1594870723.373256
CYL_PRES_STAT,0,1594870723.3817658
CYL_PRES_STAT,0,1594870723.3935552
CYL_PRES_STAT,0,1594870723.4469812
CYL_PRES_STAT,0,1594870723.487786
CYL_PRES_STAT,0,1594870723.508196
CYL_PRES_STAT,0,1594870723.5579114
CYL_PRES_STAT,0,1594870723.56973
CYL_PRES_STAT,0,1594870723.590168
CYL_PRES_STAT,0,1594870723.631192
CYL_PRES_STAT,0,1594870723.6515641
CYL_PRES_STAT,0,1594870723.660049
CYL_PRES_STAT,0,1594870723.7132149
CYL_PRES_STAT,0,1594870723.754347
CYL_PRES_STAT,0,1594870723.778424
CYL_PRES_STAT,0,1594870723.827862
CYL_PRES_STAT,0,1594870723.893232
CYL_PRES_STAT,0,1594870723.9097002
CYL_PRES_STAT,0,1594870723.921956
CYL_PRES_STAT,0,1594870723.942378
CYL_PRES_STAT,0,1594870723.9833758
CYL_PRES_STAT,0,1594870723.9921641
CYL_PRES_STAT,0,1594870724.024726
CYL_PRES_STAT,0,1594870724.0451
CYL_PRES_STAT,0,1594870724.0571618
CYL_PRES_STAT,0,1594870724.0657141
CYL_PRES_STAT,0,1594870724.0860832
CYL_PRES_STAT,0,1594870724.097951
CYL_PRES_STAT,0,1594870724.106884
CYL_PRES_STAT,0,1594870724.147629
CYL_PRES_STAT,0,1594870724.16821
CYL_PRES_STAT,0,1594870724.1921954
CYL_PRES_STAT,0,1594870724.21266
CYL_PRES_STAT,0,1594870724.2536
CYL_PRES_STAT,0,1594870724.282358
CYL_PRES_STAT,0,1594870724.303138
CYL_PRES_STAT,0,1594870724.3356216
CYL_PRES_STAT,0,1594870724.376776
CYL_PRES_STAT,0,1594870724.4706259
CYL_PRES_STAT,0,1594870724.500052
CYL_PRES_STAT,0,1594870724.5203578
CYL_PRES_STAT,0,1594870724.5817401
CYL_PRES_STAT,0,1594870724.6349962
CYL_PRES_STAT,0,1594870724.6468859
CYL_PRES_STAT,0,1594870724.6757119
CYL_PRES_STAT,0,1594870724.6961439
CYL_PRES_STAT,0,1594870724.708319
CYL_PRES_STAT,0,1594870724.770002
CYL_PRES_STAT,0,1594870724.7904642
CYL_PRES_STAT,0,1594870724.819512
CYL_PRES_STAT,0,1594870724.8311641
CYL_PRES_STAT,0,1594870724.851744
CYL_PRES_STAT,0,1594870724.954536
CYL_PRES_STAT,0,1594870724.966499
CYL_PRES_STAT,0,1594870725.048291
CYL_PRES_STAT,0,1594870725.060599
CYL_PRES_STAT,0,1594870725.0809472
CYL_PRES_STAT,0,1594870725.1015446
CYL_PRES_STAT,0,1594870725.130599
CYL_PRES_STAT,0,1594870725.171794
CYL_PRES_STAT,0,1594870725.347832
CYL_PRES_STAT,0,1594870725.380225
CYL_PRES_STAT,0,1594870725.3923
CYL_PRES_STAT,0,1594870725.441664
CYL_PRES_STAT,0,1594870725.494848
CYL_PRES_STAT,0,1594870725.5356472
CYL_PRES_STAT,0,1594870725.547964
CYL_PRES_STAT,0,1594870725.5567858
CYL_PRES_STAT,0,1594870725.585228
CYL_PRES_STAT,0,1594870725.597124
CYL_PRES_STAT,0,1594870725.65854
CYL_PRES_STAT,0,1594870725.6706982
CYL_PRES_STAT,0,1594870725.679112
CYL_PRES_STAT,0,1594870725.6998641
CYL_PRES_STAT,0,1594870725.7118812
CYL_PRES_STAT,0,1594870725.802293
CYL_PRES_STAT,0,1594870725.826559
CYL_PRES_STAT,0,1594870725.847084
CYL_PRES_STAT,0,1594870725.887836
CYL_PRES_STAT,0,1594870725.949975
CYL_PRES_STAT,0,1594870725.9617538
CYL_PRES_STAT,0,1594870725.9782698
CYL_PRES_STAT,0,1594870726.010823
CYL_PRES_STAT,0,1594870726.0312386
CYL_PRES_STAT,0,1594870726.113707
CYL_PRES_STAT,0,1594870726.134142
CYL_PRES_STAT,0,1594870726.1545534
CYL_PRES_STAT,0,1594870726.2606108
CYL_PRES_STAT,0,1594870726.268826
CYL_PRES_STAT,0,1594870726.281087
CYL_PRES_STAT,0,1594870726.3016078
CYL_PRES_STAT,0,1594870726.3220534
CYL_PRES_STAT,0,1594870726.3424351
CYL_PRES_STAT,0,1594870726.4044929
CYL_PRES_STAT,0,1594870726.424851
CYL_PRES_STAT,0,1594870726.448964
CYL_PRES_STAT,0,1594870726.46541
CYL_PRES_STAT,0,1594870726.485942
CYL_PRES_STAT,0,1594870726.49814
CYL_PRES_STAT,0,1594870726.539338
CYL_PRES_STAT,0,1594870726.551451
CYL_PRES_STAT,0,1594870726.572025
CYL_PRES_STAT,0,1594870726.5800376
CYL_PRES_STAT,0,1594870726.5889778
CYL_PRES_STAT,0,1594870726.6091874
CYL_PRES_STAT,0,1594870726.6210198
CYL_PRES_STAT,0,1594870726.641543
CYL_PRES_STAT,0,1594870726.69468
CYL_PRES_STAT,0,1594870726.707024
CYL_PRES_STAT,0,1594870726.715199
CYL_PRES_STAT,0,1594870726.735724
CYL_PRES_STAT,0,1594870726.744422
CYL_PRES_STAT,0,1594870726.756319
CYL_PRES_STAT,0,1594870726.842259
CYL_PRES_STAT,0,1594870726.899916
CYL_PRES_STAT,0,1594870726.920395
CYL_PRES_STAT,0,1594870727.026475
CYL_PRES_STAT,0,1594870727.0469189
CYL_PRES_STAT,0,1594870727.190367
CYL_PRES_STAT,0,1594870727.202574
CYL_PRES_STAT,0,1594870727.2313929
CYL_PRES_STAT,0,1594870727.304975
CYL_PRES_STAT,0,1594870727.3664806
CYL_PRES_STAT,0,1594870727.44015
CYL_PRES_STAT,0,1594870727.448816
CYL_PRES_STAT,0,1594870727.460614
CYL_PRES_STAT,0,1594870727.4812546
CYL_PRES_STAT,0,1594870727.522104
CYL_PRES_STAT,0,1594870727.5308099
CYL_PRES_STAT,0,1594870727.665992
CYL_PRES_STAT,0,1594870727.7473722
CYL_PRES_STAT,0,1594870727.7720056
CYL_PRES_STAT,0,1594870727.780191
CYL_PRES_STAT,0,1594870727.792604
CYL_PRES_STAT,0,1594870727.841644
CYL_PRES_STAT,0,1594870727.853806
CYL_PRES_STAT,0,1594870727.956289
CYL_PRES_STAT,0,1594870727.976813
CYL_PRES_STAT,0,1594870728.006231
CYL_PRES_STAT,0,1594870728.017766
CYL_PRES_STAT,0,1594870728.038346
CYL_PRES_STAT,0,1594870728.0587099
CYL_PRES_STAT,0,1594870728.070883
CYL_PRES_STAT,0,1594870728.083183
CYL_PRES_STAT,0,1594870728.091362
CYL_PRES_STAT,0,1594870728.099958
CYL_PRES_STAT,0,1594870728.140904
CYL_PRES_STAT,0,1594870728.182144
CYL_PRES_STAT,0,1594870728.206092
CYL_PRES_STAT,0,1594870728.226659
CYL_PRES_STAT,0,1594870728.247064
CYL_PRES_STAT,0,1594870728.276201
CYL_PRES_STAT,0,1594870728.349812
CYL_PRES_STAT,0,1594870728.411377
CYL_PRES_STAT,0,1594870728.5255551
CYL_PRES_STAT,0,1594870728.537909
CYL_PRES_STAT,0,1594870728.5546088
CYL_PRES_STAT,0,1594870728.6609778
CYL_PRES_STAT,0,1594870728.669218
CYL_PRES_STAT,0,1594870728.681212
CYL_PRES_STAT,0,1594870728.690185
CYL_PRES_STAT,0,1594870728.701733
CYL_PRES_STAT,0,1594870728.8045352
CYL_PRES_STAT,0,1594870728.828618
CYL_PRES_STAT,0,1594870728.865867
CYL_PRES_STAT,0,1594870728.9396892
CYL_PRES_STAT,0,1594870728.9720774
CYL_PRES_STAT,0,1594870729.0334392
CYL_PRES_STAT,0,1594870729.10713
CYL_PRES_STAT,0,1594870729.2798774
CYL_PRES_STAT,0,1594870729.3000119
CYL_PRES_STAT,0,1594870729.3204842
CYL_PRES_STAT,0,1594870729.4266698
CYL_PRES_STAT,0,1594870729.4354188
CYL_PRES_STAT,0,1594870729.447065
CYL_PRES_STAT,0,1594870729.537695
CYL_PRES_STAT,0,1594870729.5494444
CYL_PRES_STAT,0,1594870729.570004
CYL_PRES_STAT,0,1594870729.664177
CYL_PRES_STAT,0,1594870729.7174141
CYL_PRES_STAT,0,1594870729.737922
CYL_PRES_STAT,0,1594870729.778974
CYL_PRES_STAT,0,1594870729.8204002
CYL_PRES_STAT,0,1594870729.8404179
CYL_PRES_STAT,0,1594870729.8525262
CYL_PRES_STAT,0,1594870729.8609366
CYL_PRES_STAT,0,1594870729.869262
CYL_PRES_STAT,0,1594870729.881268
CYL_PRES_STAT,0,1594870729.901817
CYL_PRES_STAT,0,1594870729.9841099
CYL_PRES_STAT,0,1594870730.0251741
CYL_PRES_STAT,0,1594870730.045436
CYL_PRES_STAT,0,1594870730.066114
CYL_PRES_STAT,0,1594870730.171976
CYL_PRES_STAT,0,1594870730.221442
CYL_PRES_STAT,0,1594870730.2830331
CYL_PRES_STAT,0,1594870730.3155358
CYL_PRES_STAT,0,1594870730.336239
CYL_PRES_STAT,0,1594870730.376857
CYL_PRES_STAT,0,1594870730.4179158
CYL_PRES_STAT,0,1594870730.430133
CYL_PRES_STAT,0,1594870730.438426
CYL_PRES_STAT,0,1594870730.4631226
CYL_PRES_STAT,0,1594870730.5001466
CYL_PRES_STAT,0,1594870730.582141
CYL_PRES_STAT,0,1594870730.606292
CYL_PRES_STAT,0,1594870730.614568
CYL_PRES_STAT,0,1594870730.626911
CYL_PRES_STAT,0,1594870730.729378
CYL_PRES_STAT,0,1594870730.7621028
CYL_PRES_STAT,0,1594870730.8110864
CYL_PRES_STAT,0,1594870730.8233461
CYL_PRES_STAT,0,1594870730.843778
CYL_PRES_STAT,0,1594870730.8728151
CYL_PRES_STAT,0,1594870730.917581
CYL_PRES_STAT,0,1594870730.934377
CYL_PRES_STAT,0,1594870730.966648
CYL_PRES_STAT,0,1594870730.9788456
CYL_PRES_STAT,0,1594870731.040363
CYL_PRES_STAT,0,1594870731.060927
CYL_PRES_STAT,0,1594870731.0813508
CYL_PRES_STAT,0,1594870731.1960561
CYL_PRES_STAT,0,1594870731.225382
CYL_PRES_STAT,0,1594870731.2455418
CYL_PRES_STAT,0,1594870731.257458
CYL_PRES_STAT,0,1594870731.31067
CYL_PRES_STAT,0,1594870731.3433821
CYL_PRES_STAT,0,1594870731.359971
CYL_PRES_STAT,0,1594870731.48299
CYL_PRES_STAT,0,1594870731.495008
CYL_PRES_STAT,0,1594870731.535992
CYL_PRES_STAT,0,1594870731.630166
CYL_PRES_STAT,0,1594870731.6628668
CYL_PRES_STAT,0,1594870731.6713011
CYL_PRES_STAT,0,1594870731.679618
CYL_PRES_STAT,0,1594870731.7531774
CYL_PRES_STAT,0,1594870731.7619982
CYL_PRES_STAT,0,1594870731.806391
CYL_PRES_STAT,0,1594870731.826956
CYL_PRES_STAT,0,1594870731.83536
CYL_PRES_STAT,0,1594870731.847206
CYL_PRES_STAT,0,1594870731.920939
CYL_PRES_STAT,0,1594870731.9502811
CYL_PRES_STAT,0,1594870731.9701982
CYL_PRES_STAT,0,1594870731.990952
CYL_PRES_STAT,0,1594870732.0642822
CYL_PRES_STAT,0,1594870732.097165
CYL_PRES_STAT,0,1594870732.117686
CYL_PRES_STAT,0,1594870732.1380289
CYL_PRES_STAT,0,1594870732.1667366
CYL_PRES_STAT,0,1594870732.219935
CYL_PRES_STAT,0,1594870732.240456
CYL_PRES_STAT,0,1594870732.26115
CYL_PRES_STAT,0,1594870732.302022
CYL_PRES_STAT,0,1594870732.375555
CYL_PRES_STAT,0,1594870732.4165492
CYL_PRES_STAT,0,1594870732.425195
CYL_PRES_STAT,0,1594870732.4865446
CYL_PRES_STAT,0,1594870732.498535
CYL_PRES_STAT,0,1594870732.507134
CYL_PRES_STAT,0,1594870732.551763
CYL_PRES_STAT,0,1594870732.572257
CYL_PRES_STAT,0,1594870732.6953368
CYL_PRES_STAT,0,1594870732.7160401
CYL_PRES_STAT,0,1594870732.757071
CYL_PRES_STAT,0,1594870732.809896
CYL_PRES_STAT,0,1594870732.818031
CYL_PRES_STAT,0,1594870732.842721
CYL_PRES_STAT,0,1594870732.871335
CYL_PRES_STAT,0,1594870732.8797688
CYL_PRES_STAT,0,1594870732.912276
CYL_PRES_STAT,0,1594870732.985898
CYL_PRES_STAT,0,1594870732.994863
CYL_PRES_STAT,0,1594870733.243878
CYL_PRES_STAT,0,1594870733.2644632
CYL_PRES_STAT,0,1594870733.3176286
CYL_PRES_STAT,0,1594870733.3263679
CYL_PRES_STAT,0,1594870733.3668652
CYL_PRES_STAT,0,1594870733.420018
CYL_PRES_STAT,0,1594870733.440643
CYL_PRES_STAT,0,1594870733.481452
CYL_PRES_STAT,0,1594870733.490039
CYL_PRES_STAT,0,1594870733.575734
CYL_PRES_STAT,0,1594870733.5844886
CYL_PRES_STAT,0,1594870733.608585
CYL_PRES_STAT,0,1594870733.625437
CYL_PRES_STAT,0,1594870733.698577
CYL_PRES_STAT,0,1594870733.70751
CYL_PRES_STAT,0,1594870733.731359
CYL_PRES_STAT,0,1594870733.75179
CYL_PRES_STAT,0,1594870733.772367
CYL_PRES_STAT,0,1594870733.780478
CYL_PRES_STAT,0,1594870733.801106
CYL_PRES_STAT,0,1594870733.874753
CYL_PRES_STAT,0,1594870733.9366686
CYL_PRES_STAT,0,1594870734.001736
CYL_PRES_STAT,0,1594870734.112332
CYL_PRES_STAT,0,1594870734.2063448
CYL_PRES_STAT,0,1594870734.2355578
CYL_PRES_STAT,0,1594870734.276536
CYL_PRES_STAT,0,1594870734.28855
CYL_PRES_STAT,0,1594870734.309205
CYL_PRES_STAT,0,1594870734.321064
CYL_PRES_STAT,0,1594870734.330066
CYL_PRES_STAT,0,1594870734.361968
CYL_PRES_STAT,0,1594870734.370285
CYL_PRES_STAT,0,1594870734.390799
CYL_PRES_STAT,0,1594870734.402934
CYL_PRES_STAT,0,1594870734.473279
CYL_PRES_STAT,0,1594870734.49355
CYL_PRES_STAT,0,1594870734.5177212
CYL_PRES_STAT,0,1594870734.599657
CYL_PRES_STAT,0,1594870734.620471
CYL_PRES_STAT,0,1594870734.6406069
CYL_PRES_STAT,0,1594870734.649274
CYL_PRES_STAT,0,1594870734.669591
CYL_PRES_STAT,0,1594870734.6815438
CYL_PRES_STAT,0,1594870734.743076
CYL_PRES_STAT,0,1594870734.7635431
CYL_PRES_STAT,0,1594870734.8166552
CYL_PRES_STAT,0,1594870734.845856
CYL_PRES_STAT,0,1594870734.898609
CYL_PRES_STAT,0,1594870734.910879
CYL_PRES_STAT,0,1594870734.931342
CYL_PRES_STAT,0,1594870734.95187
CYL_PRES_STAT,0,1594870735.001323
CYL_PRES_STAT,0,1594870735.021918
CYL_PRES_STAT,0,1594870735.148456
CYL_PRES_STAT,0,1594870735.1568792
CYL_PRES_STAT,0,1594870735.198118
CYL_PRES_STAT,0,1594870735.2181704
CYL_PRES_STAT,0,1594870735.231123
CYL_PRES_STAT,0,1594870735.2393768
CYL_PRES_STAT,0,1594870735.259475
CYL_PRES_STAT,0,1594870735.2835898
CYL_PRES_STAT,0,1594870735.406594
CYL_PRES_STAT,0,1594870735.447508
CYL_PRES_STAT,0,1594870735.5093172
CYL_PRES_STAT,0,1594870735.562042
CYL_PRES_STAT,0,1594870735.570411
CYL_PRES_STAT,0,1594870735.644366
CYL_PRES_STAT,0,1594870735.6971688
CYL_PRES_STAT,0,1594870735.7177112
CYL_PRES_STAT,0,1594870735.7670438
CYL_PRES_STAT,0,1594870735.80828
CYL_PRES_STAT,0,1594870735.8202748
CYL_PRES_STAT,0,1594870735.84071
CYL_PRES_STAT,0,1594870735.861868
CYL_PRES_STAT,0,1594870735.955369
CYL_PRES_STAT,0,1594870735.98445
CYL_PRES_STAT,0,1594870736.0049338
CYL_PRES_STAT,0,1594870736.025589
CYL_PRES_STAT,0,1594870736.0868876
CYL_PRES_STAT,0,1594870736.1109269
CYL_PRES_STAT,0,1594870736.151849
CYL_PRES_STAT,0,1594870736.1809402
CYL_PRES_STAT,0,1594870736.2747529
CYL_PRES_STAT,0,1594870736.315872
CYL_PRES_STAT,0,1594870736.3365688
CYL_PRES_STAT,0,1594870736.389513
CYL_PRES_STAT,0,1594870736.401715
CYL_PRES_STAT,0,1594870736.4394932
CYL_PRES_STAT,0,1594870736.459511
CYL_PRES_STAT,0,1594870736.480052
CYL_PRES_STAT,0,1594870736.4919748
CYL_PRES_STAT,0,1594870736.5246668
CYL_PRES_STAT,0,1594870736.5738199
CYL_PRES_STAT,0,1594870736.586061
CYL_PRES_STAT,0,1594870736.60655
CYL_PRES_STAT,0,1594870736.615257
CYL_PRES_STAT,0,1594870736.627029
CYL_PRES_STAT,0,1594870736.6475468
CYL_PRES_STAT,0,1594870736.656245
CYL_PRES_STAT,0,1594870736.7131221
CYL_PRES_STAT,0,1594870736.7176168
CYL_PRES_STAT,0,1594870736.729939
CYL_PRES_STAT,0,1594870736.7704918
CYL_PRES_STAT,0,1594870736.8323982
CYL_PRES_STAT,0,1594870736.8441658
CYL_PRES_STAT,0,1594870736.85639
CYL_PRES_STAT,0,1594870736.8938038
CYL_PRES_STAT,0,1594870736.9261231
CYL_PRES_STAT,0,1594870736.9383268
CYL_PRES_STAT,0,1594870736.987974
CYL_PRES_STAT,0,1594870736.999727
CYL_PRES_STAT,0,1594870737.1552918
CYL_PRES_STAT,0,1594870737.290621
CYL_PRES_STAT,0,1594870737.3314078
CYL_PRES_STAT,0,1594870737.351989
CYL_PRES_STAT,0,1594870737.372682
CYL_PRES_STAT,0,1594870737.4666526
CYL_PRES_STAT,0,1594870737.475328
CYL_PRES_STAT,0,1594870737.495436
CYL_PRES_STAT,0,1594870737.51649
CYL_PRES_STAT,0,1594870737.5363169
CYL_PRES_STAT,0,1594870737.5571241
CYL_PRES_STAT,0,1594870737.5978694
CYL_PRES_STAT,0,1594870737.610014
CYL_PRES_STAT,0,1594870737.622317
CYL_PRES_STAT,0,1594870737.659703
CYL_PRES_STAT,0,1594870737.6922019
CYL_PRES_STAT,0,1594870737.7041929
CYL_PRES_STAT,0,1594870737.7211561
CYL_PRES_STAT,0,1594870737.745326
CYL_PRES_STAT,0,1594870737.7657778
CYL_PRES_STAT,0,1594870737.795069
CYL_PRES_STAT,0,1594870737.8804438
CYL_PRES_STAT,0,1594870737.888936
CYL_PRES_STAT,0,1594870737.9417322
CYL_PRES_STAT,0,1594870737.9500551
CYL_PRES_STAT,0,1594870738.044134
CYL_PRES_STAT,0,1594870738.05279
CYL_PRES_STAT,0,1594870738.0770626
CYL_PRES_STAT,0,1594870738.138476
CYL_PRES_STAT,0,1594870738.199876
CYL_PRES_STAT,0,1594870738.208526
CYL_PRES_STAT,0,1594870738.270068
CYL_PRES_STAT,0,1594870738.281729
CYL_PRES_STAT,0,1594870738.34722
CYL_PRES_STAT,0,1594870738.3639948
CYL_PRES_STAT,0,1594870738.375954
CYL_PRES_STAT,0,1594870738.384673
CYL_PRES_STAT,0,1594870738.405272
CYL_PRES_STAT,0,1594870738.425444
CYL_PRES_STAT,0,1594870738.4904962
CYL_PRES_STAT,0,1594870738.511065
CYL_PRES_STAT,0,1594870738.531692
CYL_PRES_STAT,0,1594870738.572598
CYL_PRES_STAT,0,1594870738.654658
CYL_PRES_STAT,0,1594870738.69552
CYL_PRES_STAT,0,1594870738.707687
CYL_PRES_STAT,0,1594870738.715978
CYL_PRES_STAT,0,1594870738.7776694
CYL_PRES_STAT,0,1594870738.7896152
CYL_PRES_STAT,0,1594870738.8428721
CYL_PRES_STAT,0,1594870738.892336
CYL_PRES_STAT,0,1594870738.904311
CYL_PRES_STAT,0,1594870738.9656794
CYL_PRES_STAT,0,1594870739.089304
CYL_PRES_STAT,0,1594870739.109471
CYL_PRES_STAT,0,1594870739.1505
CYL_PRES_STAT,0,1594870739.191128
CYL_PRES_STAT,0,1594870739.252935
CYL_PRES_STAT,0,1594870739.277036
CYL_PRES_STAT,0,1594870739.285258
CYL_PRES_STAT,0,1594870739.297506
CYL_PRES_STAT,0,1594870739.4289289
CYL_PRES_STAT,0,1594870739.440963
CYL_PRES_STAT,0,1594870739.453012
CYL_PRES_STAT,0,1594870739.5845551
CYL_PRES_STAT,0,1594870739.604984
CYL_PRES_STAT,0,1594870739.6701374
CYL_PRES_STAT,0,1594870739.711208
CYL_PRES_STAT,0,1594870739.7317069
CYL_PRES_STAT,0,1594870739.7727551
CYL_PRES_STAT,0,1594870739.7894444
CYL_PRES_STAT,0,1594870739.854974
CYL_PRES_STAT,0,1594870739.866852
CYL_PRES_STAT,0,1594870739.8753624
CYL_PRES_STAT,0,1594870739.8957078
CYL_PRES_STAT,0,1594870739.9163232
CYL_PRES_STAT,0,1594870739.998591
CYL_PRES_STAT,0,1594870740.022641
CYL_PRES_STAT,0,1594870740.145349
CYL_PRES_STAT,0,1594870740.1743028
CYL_PRES_STAT,0,1594870740.186261
CYL_PRES_STAT,0,1594870740.227242
CYL_PRES_STAT,0,1594870740.2684634
CYL_PRES_STAT,0,1594870740.2804658
CYL_PRES_STAT,0,1594870740.2892866
CYL_PRES_STAT,0,1594870740.330086
CYL_PRES_STAT,0,1594870740.456487
CYL_PRES_STAT,0,1594870740.477257
CYL_PRES_STAT,0,1594870740.505766
CYL_PRES_STAT,0,1594870740.517953
CYL_PRES_STAT,0,1594870740.52674
CYL_PRES_STAT,0,1594870740.599905
CYL_PRES_STAT,0,1594870740.6123528
CYL_PRES_STAT,0,1594870740.6208382
CYL_PRES_STAT,0,1594870740.649499
CYL_PRES_STAT,0,1594870740.661567
CYL_PRES_STAT,0,1594870740.670058
CYL_PRES_STAT,0,1594870740.731431
CYL_PRES_STAT,0,1594870740.7472901
CYL_PRES_STAT,0,1594870740.7678142
CYL_PRES_STAT,0,1594870740.7767289
CYL_PRES_STAT,0,1594870740.788325
CYL_PRES_STAT,0,1594870740.9521458
CYL_PRES_STAT,0,1594870741.198284
CYL_PRES_STAT,0,1594870741.222646
CYL_PRES_STAT,0,1594870741.2839649
CYL_PRES_STAT,0,1594870741.304492
CYL_PRES_STAT,0,1594870741.345433
CYL_PRES_STAT,0,1594870741.3577151
CYL_PRES_STAT,0,1594870741.366188
CYL_PRES_STAT,0,1594870741.374723
CYL_PRES_STAT,0,1594870741.386483
CYL_PRES_STAT,0,1594870741.406922
CYL_PRES_STAT,0,1594870741.456359
CYL_PRES_STAT,0,1594870741.4683974
CYL_PRES_STAT,0,1594870741.489001
CYL_PRES_STAT,0,1594870741.501045
CYL_PRES_STAT,0,1594870741.5096939
CYL_PRES_STAT,0,1594870741.521588
CYL_PRES_STAT,0,1594870741.530416
CYL_PRES_STAT,0,1594870741.5506306
CYL_PRES_STAT,0,1594870741.636092
CYL_PRES_STAT,0,1594870741.6566248
CYL_PRES_STAT,0,1594870741.726429
CYL_PRES_STAT,0,1594870741.75904
CYL_PRES_STAT,0,1594870741.76774
CYL_PRES_STAT,0,1594870741.7796428
CYL_PRES_STAT,0,1594870741.8001149
CYL_PRES_STAT,0,1594870741.841032
CYL_PRES_STAT,0,1594870741.882049
CYL_PRES_STAT,0,1594870741.894429
CYL_PRES_STAT,0,1594870741.926991
CYL_PRES_STAT,0,1594870741.967937
CYL_PRES_STAT,0,1594870741.988529
CYL_PRES_STAT,0,1594870742.0056481
CYL_PRES_STAT,0,1594870742.070307
CYL_PRES_STAT,0,1594870742.0787454
CYL_PRES_STAT,0,1594870742.090807
CYL_PRES_STAT,0,1594870742.099635
CYL_PRES_STAT,0,1594870742.1113482
CYL_PRES_STAT,0,1594870742.131953
CYL_PRES_STAT,0,1594870742.160823
CYL_PRES_STAT,0,1594870742.2224731
CYL_PRES_STAT,0,1594870742.234237
CYL_PRES_STAT,0,1594870742.2669706
CYL_PRES_STAT,0,1594870742.357846
CYL_PRES_STAT,0,1594870742.377834
CYL_PRES_STAT,0,1594870742.4020126
CYL_PRES_STAT,0,1594870742.471768
CYL_PRES_STAT,0,1594870742.513489
CYL_PRES_STAT,0,1594870742.5251124
CYL_PRES_STAT,0,1594870742.533582
CYL_PRES_STAT,0,1594870742.545562
CYL_PRES_STAT,0,1594870742.595059
CYL_PRES_STAT,0,1594870742.6069374
CYL_PRES_STAT,0,1594870742.668669
CYL_PRES_STAT,0,1594870742.7302852
CYL_PRES_STAT,0,1594870742.8239288
CYL_PRES_STAT,0,1594870742.8484821
CYL_PRES_STAT,0,1594870742.877259
CYL_PRES_STAT,0,1594870743.012299
CYL_PRES_STAT,0,1594870743.0205731
CYL_PRES_STAT,0,1594870743.094322
CYL_PRES_STAT,0,1594870743.143758
CYL_PRES_STAT,0,1594870743.168031
CYL_PRES_STAT,0,1594870743.1764832
CYL_PRES_STAT,0,1594870743.1848679
CYL_PRES_STAT,0,1594870743.2587476
CYL_PRES_STAT,0,1594870743.270466
CYL_PRES_STAT,0,1594870743.2909029
CYL_PRES_STAT,0,1594870743.352282
CYL_PRES_STAT,0,1594870743.381508
CYL_PRES_STAT,0,1594870743.4223194
CYL_PRES_STAT,0,1594870743.4755046
CYL_PRES_STAT,0,1594870743.496285
CYL_PRES_STAT,0,1594870743.6020658
CYL_PRES_STAT,0,1594870743.6189172
CYL_PRES_STAT,0,1594870743.643025
CYL_PRES_STAT,0,1594870743.684118
CYL_PRES_STAT,0,1594870743.7045288
CYL_PRES_STAT,0,1594870743.7250302
CYL_PRES_STAT,0,1594870743.7455812
CYL_PRES_STAT,0,1594870743.757775
CYL_PRES_STAT,0,1594870743.7663698
CYL_PRES_STAT,0,1594870743.795318
CYL_PRES_STAT,0,1594870743.8069134
CYL_PRES_STAT,0,1594870743.872443
CYL_PRES_STAT,0,1594870743.8769429
CYL_PRES_STAT,0,1594870743.889634
CYL_PRES_STAT,0,1594870743.930568
CYL_PRES_STAT,0,1594870744.036417
CYL_PRES_STAT,0,1594870744.0569768
CYL_PRES_STAT,0,1594870744.126516
CYL_PRES_STAT,0,1594870744.15946
CYL_PRES_STAT,0,1594870744.167883
CYL_PRES_STAT,0,1594870744.1798568
CYL_PRES_STAT,0,1594870744.2002182
CYL_PRES_STAT,0,1594870744.220741
CYL_PRES_STAT,0,1594870744.364375
CYL_PRES_STAT,0,1594870744.3848732
CYL_PRES_STAT,0,1594870744.491068
CYL_PRES_STAT,0,1594870744.503165
CYL_PRES_STAT,0,1594870744.5115108
CYL_PRES_STAT,0,1594870744.6343858
CYL_PRES_STAT,0,1594870744.655436
CYL_PRES_STAT,0,1594870744.6670802
CYL_PRES_STAT,0,1594870744.749009
CYL_PRES_STAT,0,1594870744.757587
CYL_PRES_STAT,0,1594870744.769425
CYL_PRES_STAT,0,1594870744.8103812
CYL_PRES_STAT,0,1594870744.818927
CYL_PRES_STAT,0,1594870744.830997
CYL_PRES_STAT,0,1594870744.9132302
CYL_PRES_STAT,0,1594870744.986597
CYL_PRES_STAT,0,1594870745.048515
CYL_PRES_STAT,0,1594870745.1098292
CYL_PRES_STAT,0,1594870745.236268
CYL_PRES_STAT,0,1594870745.244805
CYL_PRES_STAT,0,1594870745.2568376
CYL_PRES_STAT,0,1594870745.359304
CYL_PRES_STAT,0,1594870745.379766
CYL_PRES_STAT,0,1594870745.4005961
CYL_PRES_STAT,0,1594870745.506804
CYL_PRES_STAT,0,1594870745.523694
CYL_PRES_STAT,0,1594870745.547636
CYL_PRES_STAT,0,1594870745.5681221
CYL_PRES_STAT,0,1594870745.576385
CYL_PRES_STAT,0,1594870745.6500401
CYL_PRES_STAT,0,1594870745.658593
CYL_PRES_STAT,0,1594870745.6706262
CYL_PRES_STAT,0,1594870745.6910212
CYL_PRES_STAT,0,1594870745.8144882
CYL_PRES_STAT,0,1594870745.855774
CYL_PRES_STAT,0,1594870745.9575946
CYL_PRES_STAT,0,1594870745.998653
CYL_PRES_STAT,0,1594870746.030928
CYL_PRES_STAT,0,1594870746.0434039
CYL_PRES_STAT,0,1594870746.0842519
CYL_PRES_STAT,0,1594870746.113369
CYL_PRES_STAT,0,1594870746.1252198
CYL_PRES_STAT,0,1594870746.145676
CYL_PRES_STAT,0,1594870746.1579778
CYL_PRES_STAT,0,1594870746.166451
CYL_PRES_STAT,0,1594870746.248544
CYL_PRES_STAT,0,1594870746.2891212
CYL_PRES_STAT,0,1594870746.3220758
CYL_PRES_STAT,0,1594870746.330414
CYL_PRES_STAT,0,1594870746.404375
CYL_PRES_STAT,0,1594870746.436425
CYL_PRES_STAT,0,1594870746.456945
CYL_PRES_STAT,0,1594870746.486052
CYL_PRES_STAT,0,1594870746.539041
CYL_PRES_STAT,0,1594870746.559885
CYL_PRES_STAT,0,1594870746.579801
CYL_PRES_STAT,0,1594870746.609057
CYL_PRES_STAT,0,1594870746.6208632
CYL_PRES_STAT,0,1594870746.64142
CYL_PRES_STAT,0,1594870746.7149508
CYL_PRES_STAT,0,1594870746.743977
CYL_PRES_STAT,0,1594870746.7681446
CYL_PRES_STAT,0,1594870746.932081
CYL_PRES_STAT,0,1594870746.9525278
CYL_PRES_STAT,0,1594870746.9935832
CYL_PRES_STAT,0,1594870747.034504
CYL_PRES_STAT,0,1594870747.055658
CYL_PRES_STAT,0,1594870747.0672429
CYL_PRES_STAT,0,1594870747.128597
CYL_PRES_STAT,0,1594870747.136875
CYL_PRES_STAT,0,1594870747.1615832
CYL_PRES_STAT,0,1594870747.181914
CYL_PRES_STAT,0,1594870747.202348
CYL_PRES_STAT,0,1594870747.24335
CYL_PRES_STAT,0,1594870747.2842839
CYL_PRES_STAT,0,1594870747.304951
CYL_PRES_STAT,0,1594870747.316997
CYL_PRES_STAT,0,1594870747.3253472
CYL_PRES_STAT,0,1594870747.366268
CYL_PRES_STAT,0,1594870747.4604046
CYL_PRES_STAT,0,1594870747.489436
CYL_PRES_STAT,0,1594870747.510265
CYL_PRES_STAT,0,1594870747.5833442
CYL_PRES_STAT,0,1594870747.636467
CYL_PRES_STAT,0,1594870747.64467
CYL_PRES_STAT,0,1594870747.657111
CYL_PRES_STAT,0,1594870747.685736
CYL_PRES_STAT,0,1594870747.6979759
CYL_PRES_STAT,0,1594870747.760046
CYL_PRES_STAT,0,1594870747.767946
CYL_PRES_STAT,0,1594870747.779857
CYL_PRES_STAT,0,1594870747.8208818
CYL_PRES_STAT,0,1594870747.902835
CYL_PRES_STAT,0,1594870747.915008
CYL_PRES_STAT,0,1594870747.923585
CYL_PRES_STAT,0,1594870747.9445
CYL_PRES_STAT,0,1594870747.96819
CYL_PRES_STAT,0,1594870748.038031
CYL_PRES_STAT,0,1594870748.0501812
CYL_PRES_STAT,0,1594870748.058527
CYL_PRES_STAT,0,1594870748.070679
CYL_PRES_STAT,0,1594870748.0911849
CYL_PRES_STAT,0,1594870748.161191
CYL_PRES_STAT,0,1594870748.2262778
CYL_PRES_STAT,0,1594870748.2555258
CYL_PRES_STAT,0,1594870748.382026
CYL_PRES_STAT,0,1594870748.3905122
CYL_PRES_STAT,0,1594870748.484421
CYL_PRES_STAT,0,1594870748.504968
CYL_PRES_STAT,0,1594870748.525525
CYL_PRES_STAT,0,1594870748.545868
CYL_PRES_STAT,0,1594870748.558091
CYL_PRES_STAT,0,1594870748.6400769
CYL_PRES_STAT,0,1594870748.689528
CYL_PRES_STAT,0,1594870748.7103179
CYL_PRES_STAT,0,1594870748.8078706
CYL_PRES_STAT,0,1594870748.824407
CYL_PRES_STAT,0,1594870748.8365312
CYL_PRES_STAT,0,1594870748.939844
CYL_PRES_STAT,0,1594870748.947714
CYL_PRES_STAT,0,1594870748.959531
CYL_PRES_STAT,0,1594870748.968052
CYL_PRES_STAT,0,1594870749.000619
CYL_PRES_STAT,0,1594870749.03318
CYL_PRES_STAT,0,1594870749.123631
CYL_PRES_STAT,0,1594870749.1356668
CYL_PRES_STAT,0,1594870749.144335
CYL_PRES_STAT,0,1594870749.25031
CYL_PRES_STAT,0,1594870749.271033
CYL_PRES_STAT,0,1594870749.3116534
CYL_PRES_STAT,0,1594870749.361208
CYL_PRES_STAT,0,1594870749.4146938
CYL_PRES_STAT,0,1594870749.446833
CYL_PRES_STAT,0,1594870749.4557369
CYL_PRES_STAT,0,1594870749.508289
CYL_PRES_STAT,0,1594870749.5375268
CYL_PRES_STAT,0,1594870749.549309
CYL_PRES_STAT,0,1594870749.561572
CYL_PRES_STAT,0,1594870749.5819619
CYL_PRES_STAT,0,1594870749.643693
CYL_PRES_STAT,0,1594870749.660202
CYL_PRES_STAT,0,1594870749.684412
CYL_PRES_STAT,0,1594870749.704791
CYL_PRES_STAT,0,1594870749.7136726
CYL_PRES_STAT,0,1594870749.77492
CYL_PRES_STAT,0,1594870749.827893
CYL_PRES_STAT,0,1594870749.881056
CYL_PRES_STAT,0,1594870749.889919
CYL_PRES_STAT,0,1594870749.9100368
CYL_PRES_STAT,0,1594870750.0161786
CYL_PRES_STAT,0,1594870750.057164
CYL_PRES_STAT,0,1594870750.106734
CYL_PRES_STAT,0,1594870750.139492
CYL_PRES_STAT,0,1594870750.1595151
CYL_PRES_STAT,0,1594870750.1805508
CYL_PRES_STAT,0,1594870750.282658
CYL_PRES_STAT,0,1594870750.315198
CYL_PRES_STAT,0,1594870750.3443189
CYL_PRES_STAT,0,1594870750.4504378
CYL_PRES_STAT,0,1594870750.4626212
CYL_PRES_STAT,0,1594870750.511817
CYL_PRES_STAT,0,1594870750.626415
CYL_PRES_STAT,0,1594870750.635036
CYL_PRES_STAT,0,1594870750.6557539
CYL_PRES_STAT,0,1594870750.810751
CYL_PRES_STAT,0,1594870750.843466
CYL_PRES_STAT,0,1594870750.8931048
CYL_PRES_STAT,0,1594870750.925567
CYL_PRES_STAT,0,1594870750.9869132
CYL_PRES_STAT,0,1594870751.0282948
CYL_PRES_STAT,0,1594870751.040164
CYL_PRES_STAT,0,1594870751.0523012
CYL_PRES_STAT,0,1594870751.110194
CYL_PRES_STAT,0,1594870751.195735
CYL_PRES_STAT,0,1594870751.20494
CYL_PRES_STAT,0,1594870751.216258
CYL_PRES_STAT,0,1594870751.257293
CYL_PRES_STAT,0,1594870751.318857
CYL_PRES_STAT,0,1594870751.339498
CYL_PRES_STAT,0,1594870751.34764
CYL_PRES_STAT,0,1594870751.359637
CYL_PRES_STAT,0,1594870751.3922448
CYL_PRES_STAT,0,1594870751.400706
CYL_PRES_STAT,0,1594870751.5275779
CYL_PRES_STAT,0,1594870751.650439
CYL_PRES_STAT,0,1594870751.6708848
CYL_PRES_STAT,0,1594870751.7943509
CYL_PRES_STAT,0,1594870751.8147
CYL_PRES_STAT,0,1594870751.835059
CYL_PRES_STAT,0,1594870751.916992
CYL_PRES_STAT,0,1594870751.941215
CYL_PRES_STAT,0,1594870751.949791
CYL_PRES_STAT,0,1594870751.9618142
CYL_PRES_STAT,0,1594870752.043555
CYL_PRES_STAT,0,1594870752.072717
CYL_PRES_STAT,0,1594870752.084641
CYL_PRES_STAT,0,1594870752.105165
CYL_PRES_STAT,0,1594870752.1461198
CYL_PRES_STAT,0,1594870752.166574
CYL_PRES_STAT,0,1594870752.2114868
CYL_PRES_STAT,0,1594870752.2693946
CYL_PRES_STAT,0,1594870752.281152
CYL_PRES_STAT,0,1594870752.289942
CYL_PRES_STAT,0,1594870752.301625
CYL_PRES_STAT,0,1594870752.416388
CYL_PRES_STAT,0,1594870752.4574046
CYL_PRES_STAT,0,1594870752.518811
CYL_PRES_STAT,0,1594870752.530942
CYL_PRES_STAT,0,1594870752.5397718
CYL_PRES_STAT,0,1594870752.55997
CYL_PRES_STAT,0,1594870752.674307
CYL_PRES_STAT,0,1594870752.694891
CYL_PRES_STAT,0,1594870752.809474
CYL_PRES_STAT,0,1594870752.8300366
CYL_PRES_STAT,0,1594870752.850519
CYL_PRES_STAT,0,1594870752.858979
CYL_PRES_STAT,0,1594870752.891453
CYL_PRES_STAT,0,1594870753.0145931
CYL_PRES_STAT,0,1594870753.026643
CYL_PRES_STAT,0,1594870753.0350988
CYL_PRES_STAT,0,1594870753.141193
CYL_PRES_STAT,0,1594870753.2846248
CYL_PRES_STAT,0,1594870753.305726
CYL_PRES_STAT,0,1594870753.411616
CYL_PRES_STAT,0,1594870753.419702
CYL_PRES_STAT,0,1594870753.427969
CYL_PRES_STAT,0,1594870753.448798
CYL_PRES_STAT,0,1594870753.469276
CYL_PRES_STAT,0,1594870753.481205
CYL_PRES_STAT,0,1594870753.490175
CYL_PRES_STAT,0,1594870753.5754821
CYL_PRES_STAT,0,1594870753.5960178
CYL_PRES_STAT,0,1594870753.6452448
CYL_PRES_STAT,0,1594870753.657506
CYL_PRES_STAT,0,1594870753.686483
CYL_PRES_STAT,0,1594870753.6983721
CYL_PRES_STAT,0,1594870753.780704
CYL_PRES_STAT,0,1594870753.853956
CYL_PRES_STAT,0,1594870753.915367
CYL_PRES_STAT,0,1594870753.924118
CYL_PRES_STAT,0,1594870753.9359062
CYL_PRES_STAT,0,1594870754.030441
CYL_PRES_STAT,0,1594870754.0387342
CYL_PRES_STAT,0,1594870754.050565
CYL_PRES_STAT,0,1594870754.0592482
CYL_PRES_STAT,0,1594870754.071019
CYL_PRES_STAT,0,1594870754.1119614
CYL_PRES_STAT,0,1594870754.1324532
CYL_PRES_STAT,0,1594870754.174315
CYL_PRES_STAT,0,1594870754.1857538
CYL_PRES_STAT,0,1594870754.194626
CYL_PRES_STAT,0,1594870754.235284
CYL_PRES_STAT,0,1594870754.288248
CYL_PRES_STAT,0,1594870754.2966652
CYL_PRES_STAT,0,1594870754.308579
CYL_PRES_STAT,0,1594870754.31729
CYL_PRES_STAT,0,1594870754.361856
CYL_PRES_STAT,0,1594870754.4234731
CYL_PRES_STAT,0,1594870754.4641864
CYL_PRES_STAT,0,1594870754.4848044
CYL_PRES_STAT,0,1594870754.517405
CYL_PRES_STAT,0,1594870754.5260742
CYL_PRES_STAT,0,1594870754.681311
CYL_PRES_STAT,0,1594870754.796109
CYL_PRES_STAT,0,1594870754.824952
CYL_PRES_STAT,0,1594870754.9228318
CYL_PRES_STAT,0,1594870754.9311259
CYL_PRES_STAT,0,1594870754.940021
CYL_PRES_STAT,0,1594870755.0540051
CYL_PRES_STAT,0,1594870755.06631
CYL_PRES_STAT,0,1594870755.074528
CYL_PRES_STAT,0,1594870755.083156
CYL_PRES_STAT,0,1594870755.095005
CYL_PRES_STAT,0,1594870755.107326
CYL_PRES_STAT,0,1594870755.127834
CYL_PRES_STAT,0,1594870755.189114
CYL_PRES_STAT,0,1594870755.2096572
CYL_PRES_STAT,0,1594870755.2304919
CYL_PRES_STAT,0,1594870755.2710981
CYL_PRES_STAT,0,1594870755.344717
CYL_PRES_STAT,0,1594870755.3570392
CYL_PRES_STAT,0,1594870755.3651721
CYL_PRES_STAT,0,1594870755.4148886
CYL_PRES_STAT,0,1594870755.426798
CYL_PRES_STAT,0,1594870755.5413694
CYL_PRES_STAT,0,1594870755.561856
CYL_PRES_STAT,0,1594870755.6851149
CYL_PRES_STAT,0,1594870755.705764
CYL_PRES_STAT,0,1594870755.7912269
CYL_PRES_STAT,0,1594870755.8077052
CYL_PRES_STAT,0,1594870755.8321438
CYL_PRES_STAT,0,1594870755.869359
CYL_PRES_STAT,0,1594870755.9550939
CYL_PRES_STAT,0,1594870755.975742
CYL_PRES_STAT,0,1594870756.0250614
CYL_PRES_STAT,0,1594870756.037059
CYL_PRES_STAT,0,1594870756.0901449
CYL_PRES_STAT,0,1594870756.0985339
CYL_PRES_STAT,0,1594870756.119262
CYL_PRES_STAT,0,1594870756.1603134
CYL_PRES_STAT,0,1594870756.2458591
CYL_PRES_STAT,0,1594870756.2542539
CYL_PRES_STAT,0,1594870756.286769
CYL_PRES_STAT,0,1594870756.3072689
CYL_PRES_STAT,0,1594870756.4097931
CYL_PRES_STAT,0,1594870756.4182222
CYL_PRES_STAT,0,1594870756.430207
CYL_PRES_STAT,0,1594870756.479954
CYL_PRES_STAT,0,1594870756.585887
CYL_PRES_STAT,0,1594870756.688374
CYL_PRES_STAT,0,1594870756.7415571
CYL_PRES_STAT,0,1594870756.75016
CYL_PRES_STAT,0,1594870756.831959
CYL_PRES_STAT,0,1594870756.8438091
CYL_PRES_STAT,0,1594870756.8644009
CYL_PRES_STAT,0,1594870756.991424
CYL_PRES_STAT,0,1594870757.163939
CYL_PRES_STAT,0,1594870757.216584
CYL_PRES_STAT,0,1594870757.2252648
CYL_PRES_STAT,0,1594870757.298968
CYL_PRES_STAT,0,1594870757.319463
CYL_PRES_STAT,0,1594870757.446
CYL_PRES_STAT,0,1594870757.4541068
CYL_PRES_STAT,0,1594870757.462881
CYL_PRES_STAT,0,1594870757.4951859
CYL_PRES_STAT,0,1594870757.51562
CYL_PRES_STAT,0,1594870757.589352
CYL_PRES_STAT,0,1594870757.609779
CYL_PRES_STAT,0,1594870757.630284
CYL_PRES_STAT,0,1594870757.704028
CYL_PRES_STAT,0,1594870757.7449038
CYL_PRES_STAT,0,1594870757.8149571
CYL_PRES_STAT,0,1594870757.856226
CYL_PRES_STAT,0,1594870757.9210591
CYL_PRES_STAT,0,1594870757.941567
CYL_PRES_STAT,0,1594870758.044352
CYL_PRES_STAT,0,1594870758.064964
CYL_PRES_STAT,0,1594870758.0767698
CYL_PRES_STAT,0,1594870758.085426
CYL_PRES_STAT,0,1594870758.1469474
CYL_PRES_STAT,0,1594870758.188118
CYL_PRES_STAT,0,1594870758.199527
CYL_PRES_STAT,0,1594870758.2083032
CYL_PRES_STAT,0,1594870758.228697
CYL_PRES_STAT,0,1594870758.2405918
CYL_PRES_STAT,0,1594870758.252727
CYL_PRES_STAT,0,1594870758.273281
CYL_PRES_STAT,0,1594870758.343199
CYL_PRES_STAT,0,1594870758.3757641
CYL_PRES_STAT,0,1594870758.416783
CYL_PRES_STAT,0,1594870758.49068
CYL_PRES_STAT,0,1594870758.498673
CYL_PRES_STAT,0,1594870758.540118
CYL_PRES_STAT,0,1594870758.662845
CYL_PRES_STAT,0,1594870758.686969
CYL_PRES_STAT,0,1594870758.75705
CYL_PRES_STAT,0,1594870758.7901616
CYL_PRES_STAT,0,1594870758.8104286
CYL_PRES_STAT,0,1594870758.850883
CYL_PRES_STAT,0,1594870758.8835769
CYL_PRES_STAT,0,1594870758.912338
CYL_PRES_STAT,0,1594870758.957283
CYL_PRES_STAT,0,1594870758.9779048
CYL_PRES_STAT,0,1594870758.986233
CYL_PRES_STAT,0,1594870758.998175
CYL_PRES_STAT,0,1594870759.015214
CYL_PRES_STAT,0,1594870759.080297
CYL_PRES_STAT,0,1594870759.100874
CYL_PRES_STAT,0,1594870759.129348
CYL_PRES_STAT,0,1594870759.182611
CYL_PRES_STAT,0,1594870759.2240539
CYL_PRES_STAT,0,1594870759.2358198
CYL_PRES_STAT,0,1594870759.2447472
CYL_PRES_STAT,0,1594870759.2849786
CYL_PRES_STAT,0,1594870759.371029
CYL_PRES_STAT,0,1594870759.43237
CYL_PRES_STAT,0,1594870759.514283
CYL_PRES_STAT,0,1594870759.5558422
CYL_PRES_STAT,0,1594870759.584455
CYL_PRES_STAT,0,1594870759.596276
CYL_PRES_STAT,0,1594870759.6168242
CYL_PRES_STAT,0,1594870759.637302
CYL_PRES_STAT,0,1594870759.678752
CYL_PRES_STAT,0,1594870759.698738
CYL_PRES_STAT,0,1594870759.719449
CYL_PRES_STAT,0,1594870759.780974
CYL_PRES_STAT,0,1594870759.825689
CYL_PRES_STAT,0,1594870759.8460882
CYL_PRES_STAT,0,1594870759.886982
CYL_PRES_STAT,0,1594870759.895524
CYL_PRES_STAT,0,1594870759.9160378
CYL_PRES_STAT,0,1594870759.968888
CYL_PRES_STAT,0,1594870759.9775226
CYL_PRES_STAT,0,1594870759.9895194
CYL_PRES_STAT,0,1594870760.0101252
CYL_PRES_STAT,0,1594870760.071371
CYL_PRES_STAT,0,1594870760.136816
CYL_PRES_STAT,0,1594870760.1778922
CYL_PRES_STAT,0,1594870760.198279
CYL_PRES_STAT,0,1594870760.259825
CYL_PRES_STAT,0,1594870760.3007329
CYL_PRES_STAT,0,1594870760.309438
CYL_PRES_STAT,0,1594870760.321363
CYL_PRES_STAT,0,1594870760.391126
CYL_PRES_STAT,0,1594870760.423994
CYL_PRES_STAT,0,1594870760.4767401
CYL_PRES_STAT,0,1594870760.497235
CYL_PRES_STAT,0,1594870760.506377
CYL_PRES_STAT,0,1594870760.5587454
CYL_PRES_STAT,0,1594870760.587978
CYL_PRES_STAT,0,1594870760.632393
CYL_PRES_STAT,0,1594870760.640805
CYL_PRES_STAT,0,1594870760.726742
CYL_PRES_STAT,0,1594870760.7349222
CYL_PRES_STAT,0,1594870760.7555242
CYL_PRES_STAT,0,1594870760.8580642
CYL_PRES_STAT,0,1594870760.878622
CYL_PRES_STAT,0,1594870761.0555258
CYL_PRES_STAT,0,1594870761.0952818
CYL_PRES_STAT,0,1594870761.107529
CYL_PRES_STAT,0,1594870761.1485708
CYL_PRES_STAT,0,1594870761.3369546
CYL_PRES_STAT,0,1594870761.3451352
CYL_PRES_STAT,0,1594870761.353955
CYL_PRES_STAT,0,1594870761.3778749
CYL_PRES_STAT,0,1594870761.3861392
CYL_PRES_STAT,0,1594870761.39488
CYL_PRES_STAT,0,1594870761.4270852
CYL_PRES_STAT,0,1594870761.456929
CYL_PRES_STAT,0,1594870761.480293
CYL_PRES_STAT,0,1594870761.5214686
CYL_PRES_STAT,0,1594870761.603847
CYL_PRES_STAT,0,1594870761.6240358
CYL_PRES_STAT,0,1594870761.635957
CYL_PRES_STAT,0,1594870761.6770098
CYL_PRES_STAT,0,1594870761.6854136
CYL_PRES_STAT,0,1594870761.71782
CYL_PRES_STAT,0,1594870761.750635
CYL_PRES_STAT,0,1594870761.8120449
CYL_PRES_STAT,0,1594870761.8939462
CYL_PRES_STAT,0,1594870761.934944
CYL_PRES_STAT,0,1594870761.955761
CYL_PRES_STAT,0,1594870761.967705
CYL_PRES_STAT,0,1594870762.00544
CYL_PRES_STAT,0,1594870762.037408
CYL_PRES_STAT,0,1594870762.0619302
CYL_PRES_STAT,0,1594870762.0699909
CYL_PRES_STAT,0,1594870762.078684
CYL_PRES_STAT,0,1594870762.099256
CYL_PRES_STAT,0,1594870762.205479
CYL_PRES_STAT,0,1594870762.217578
CYL_PRES_STAT,0,1594870762.225761
CYL_PRES_STAT,0,1594870762.2462964
CYL_PRES_STAT,0,1594870762.254669
CYL_PRES_STAT,0,1594870762.266751
CYL_PRES_STAT,0,1594870762.30772
CYL_PRES_STAT,0,1594870762.3813946
CYL_PRES_STAT,0,1594870762.390239
CYL_PRES_STAT,0,1594870762.504433
CYL_PRES_STAT,0,1594870762.5247211
CYL_PRES_STAT,0,1594870762.700943
CYL_PRES_STAT,0,1594870762.7711642
CYL_PRES_STAT,0,1594870762.827716
CYL_PRES_STAT,0,1594870762.8324008
CYL_PRES_STAT,0,1594870762.844259
CYL_PRES_STAT,0,1594870762.8651671
CYL_PRES_STAT,0,1594870762.8769472
CYL_PRES_STAT,0,1594870762.9179142
CYL_PRES_STAT,0,1594870762.9264278
CYL_PRES_STAT,0,1594870762.9506981
CYL_PRES_STAT,0,1594870762.9592378
CYL_PRES_STAT,0,1594870762.971202
CYL_PRES_STAT,0,1594870762.9915898
CYL_PRES_STAT,0,1594870763.0326662
CYL_PRES_STAT,0,1594870763.0819118
CYL_PRES_STAT,0,1594870763.11455
CYL_PRES_STAT,0,1594870763.123106
CYL_PRES_STAT,0,1594870763.135075
CYL_PRES_STAT,0,1594870763.155859
CYL_PRES_STAT,0,1594870763.196442
CYL_PRES_STAT,0,1594870763.238127
CYL_PRES_STAT,0,1594870763.261915
CYL_PRES_STAT,0,1594870763.278945
CYL_PRES_STAT,0,1594870763.3197708
CYL_PRES_STAT,0,1594870763.3398662
CYL_PRES_STAT,0,1594870763.372743
CYL_PRES_STAT,0,1594870763.405333
CYL_PRES_STAT,0,1594870763.4136386
CYL_PRES_STAT,0,1594870763.425704
CYL_PRES_STAT,0,1594870763.475223
CYL_PRES_STAT,0,1594870763.487253
CYL_PRES_STAT,0,1594870763.569612
CYL_PRES_STAT,0,1594870763.5983698
CYL_PRES_STAT,0,1594870763.610376
CYL_PRES_STAT,0,1594870763.630764
CYL_PRES_STAT,0,1594870763.692657
CYL_PRES_STAT,0,1594870763.7131898
CYL_PRES_STAT,0,1594870763.736984
CYL_PRES_STAT,0,1594870763.757602
CYL_PRES_STAT,0,1594870763.777992
CYL_PRES_STAT,0,1594870763.839682
CYL_PRES_STAT,0,1594870763.847698
CYL_PRES_STAT,0,1594870763.860042
CYL_PRES_STAT,0,1594870763.8687642
CYL_PRES_STAT,0,1594870763.880548
CYL_PRES_STAT,0,1594870763.901081
CYL_PRES_STAT,0,1594870763.930069
CYL_PRES_STAT,0,1594870764.003412
CYL_PRES_STAT,0,1594870764.0241568
CYL_PRES_STAT,0,1594870764.036135
CYL_PRES_STAT,0,1594870764.0856252
CYL_PRES_STAT,0,1594870764.1508422
CYL_PRES_STAT,0,1594870764.159227
CYL_PRES_STAT,0,1594870764.212179
CYL_PRES_STAT,0,1594870764.2531269
CYL_PRES_STAT,0,1594870764.2819562
CYL_PRES_STAT,0,1594870764.335218
CYL_PRES_STAT,0,1594870764.356014
CYL_PRES_STAT,0,1594870764.3965726
CYL_PRES_STAT,0,1594870764.4502149
CYL_PRES_STAT,0,1594870764.458394
CYL_PRES_STAT,0,1594870764.605479
CYL_PRES_STAT,0,1594870764.6141741
CYL_PRES_STAT,0,1594870764.7491732
CYL_PRES_STAT,0,1594870764.7897608
CYL_PRES_STAT,0,1594870764.9540288
CYL_PRES_STAT,0,1594870764.97803
CYL_PRES_STAT,0,1594870765.0395699
CYL_PRES_STAT,0,1594870765.047897
CYL_PRES_STAT,0,1594870765.080549
CYL_PRES_STAT,0,1594870765.1010811
CYL_PRES_STAT,0,1594870765.1097279
CYL_PRES_STAT,0,1594870765.212092
CYL_PRES_STAT,0,1594870765.223944
CYL_PRES_STAT,0,1594870765.24501
CYL_PRES_STAT,0,1594870765.2654982
CYL_PRES_STAT,0,1594870765.277072
CYL_PRES_STAT,0,1594870765.2852788
CYL_PRES_STAT,0,1594870765.3471591
CYL_PRES_STAT,0,1594870765.3589602
CYL_PRES_STAT,0,1594870765.379623
CYL_PRES_STAT,0,1594870765.3918061
CYL_PRES_STAT,0,1594870765.4123678
CYL_PRES_STAT,0,1594870765.5151289
CYL_PRES_STAT,0,1594870765.535466
CYL_PRES_STAT,0,1594870765.576017
CYL_PRES_STAT,0,1594870765.6383274
CYL_PRES_STAT,0,1594870765.662265
CYL_PRES_STAT,0,1594870765.679401
CYL_PRES_STAT,0,1594870765.6908028
CYL_PRES_STAT,0,1594870765.69941
CYL_PRES_STAT,0,1594870765.793247
CYL_PRES_STAT,0,1594870765.8464901
CYL_PRES_STAT,0,1594870765.8554552
CYL_PRES_STAT,0,1594870765.86699
CYL_PRES_STAT,0,1594870765.9368849
CYL_PRES_STAT,0,1594870765.94929
CYL_PRES_STAT,0,1594870765.9696221
CYL_PRES_STAT,0,1594870766.116744
CYL_PRES_STAT,0,1594870766.137301
CYL_PRES_STAT,0,1594870766.154315
CYL_PRES_STAT,0,1594870766.1985981
CYL_PRES_STAT,0,1594870766.239707
CYL_PRES_STAT,0,1594870766.247894
CYL_PRES_STAT,0,1594870766.26033
CYL_PRES_STAT,0,1594870766.2686012
CYL_PRES_STAT,0,1594870766.280724
CYL_PRES_STAT,0,1594870766.301092
CYL_PRES_STAT,0,1594870766.310022
CYL_PRES_STAT,0,1594870766.3302011
CYL_PRES_STAT,0,1594870766.342088
CYL_PRES_STAT,0,1594870766.403656
CYL_PRES_STAT,0,1594870766.5887132
CYL_PRES_STAT,0,1594870766.608669
CYL_PRES_STAT,0,1594870766.632794
CYL_PRES_STAT,0,1594870766.7152991
CYL_PRES_STAT,0,1594870766.723402
CYL_PRES_STAT,0,1594870766.7352178
CYL_PRES_STAT,0,1594870766.7557726
CYL_PRES_STAT,0,1594870766.817659
CYL_PRES_STAT,0,1594870766.829429
CYL_PRES_STAT,0,1594870766.838224
CYL_PRES_STAT,0,1594870766.849946
CYL_PRES_STAT,0,1594870766.8580954
CYL_PRES_STAT,0,1594870767.0057
CYL_PRES_STAT,0,1594870767.0141811
CYL_PRES_STAT,0,1594870767.026011
CYL_PRES_STAT,0,1594870767.046539
CYL_PRES_STAT,0,1594870767.1164944
CYL_PRES_STAT,0,1594870767.1288
CYL_PRES_STAT,0,1594870767.13722
CYL_PRES_STAT,0,1594870767.148984
CYL_PRES_STAT,0,1594870767.1694114
CYL_PRES_STAT,0,1594870767.181603
CYL_PRES_STAT,0,1594870767.2104368
CYL_PRES_STAT,0,1594870767.243221
CYL_PRES_STAT,0,1594870767.29247
CYL_PRES_STAT,0,1594870767.337213
CYL_PRES_STAT,0,1594870767.345449
CYL_PRES_STAT,0,1594870767.3576179
CYL_PRES_STAT,0,1594870767.480725
CYL_PRES_STAT,0,1594870767.562613
CYL_PRES_STAT,0,1594870767.60361
CYL_PRES_STAT,0,1594870767.6655538
CYL_PRES_STAT,0,1594870767.730446
CYL_PRES_STAT,0,1594870767.738692
CYL_PRES_STAT,0,1594870767.7474186
CYL_PRES_STAT,0,1594870767.779705
CYL_PRES_STAT,0,1594870767.7920918
CYL_PRES_STAT,0,1594870767.902935
CYL_PRES_STAT,0,1594870767.9148428
CYL_PRES_STAT,0,1594870767.927094
CYL_PRES_STAT,0,1594870767.9353518
CYL_PRES_STAT,0,1594870768.017642
CYL_PRES_STAT,0,1594870768.0419462
CYL_PRES_STAT,0,1594870768.0705569
CYL_PRES_STAT,0,1594870768.079545
CYL_PRES_STAT,0,1594870768.0910149
CYL_PRES_STAT,0,1594870768.1320992
CYL_PRES_STAT,0,1594870768.185015
CYL_PRES_STAT,0,1594870768.2261071
CYL_PRES_STAT,0,1594870768.340787
CYL_PRES_STAT,0,1594870768.410987
CYL_PRES_STAT,0,1594870768.504756
CYL_PRES_STAT,0,1594870768.516901
CYL_PRES_STAT,0,1594870768.537374
CYL_PRES_STAT,0,1594870768.5578408
CYL_PRES_STAT,0,1594870768.619246
CYL_PRES_STAT,0,1594870768.6397526
CYL_PRES_STAT,0,1594870768.668807
CYL_PRES_STAT,0,1594870768.783635
CYL_PRES_STAT,0,1594870768.8453212
CYL_PRES_STAT,0,1594870768.918684
CYL_PRES_STAT,0,1594870768.930551
CYL_PRES_STAT,0,1594870768.971643
CYL_PRES_STAT,0,1594870769.1149552
CYL_PRES_STAT,0,1594870769.1360211
CYL_PRES_STAT,0,1594870769.282749
CYL_PRES_STAT,0,1594870769.311542
CYL_PRES_STAT,0,1594870769.331983
CYL_PRES_STAT,0,1594870769.385133
CYL_PRES_STAT,0,1594870769.4056802
CYL_PRES_STAT,0,1594870769.426503
CYL_PRES_STAT,0,1594870769.508904
CYL_PRES_STAT,0,1594870769.528579
CYL_PRES_STAT,0,1594870769.54932
CYL_PRES_STAT,0,1594870769.5700214
CYL_PRES_STAT,0,1594870769.602206
CYL_PRES_STAT,0,1594870769.6762679
CYL_PRES_STAT,0,1594870769.7338881
CYL_PRES_STAT,0,1594870769.745713
CYL_PRES_STAT,0,1594870769.766187
CYL_PRES_STAT,0,1594870769.860278
CYL_PRES_STAT,0,1594870769.8807788
CYL_PRES_STAT,0,1594870769.987355
CYL_PRES_STAT,0,1594870770.0045369
CYL_PRES_STAT,0,1594870770.024506
CYL_PRES_STAT,0,1594870770.110353
CYL_PRES_STAT,0,1594870770.126871
CYL_PRES_STAT,0,1594870770.151118
CYL_PRES_STAT,0,1594870770.1598868
CYL_PRES_STAT,0,1594870770.171628
CYL_PRES_STAT,0,1594870770.191981
CYL_PRES_STAT,0,1594870770.274127
CYL_PRES_STAT,0,1594870770.3149672
CYL_PRES_STAT,0,1594870770.409323
CYL_PRES_STAT,0,1594870770.4799054
CYL_PRES_STAT,0,1594870770.49963
CYL_PRES_STAT,0,1594870770.5525591
CYL_PRES_STAT,0,1594870770.5647562
CYL_PRES_STAT,0,1594870770.6059198
CYL_PRES_STAT,0,1594870770.6263976
CYL_PRES_STAT,0,1594870770.687722
CYL_PRES_STAT,0,1594870770.729135
CYL_PRES_STAT,0,1594870770.741041
CYL_PRES_STAT,0,1594870770.7494886
CYL_PRES_STAT,0,1594870770.7818198
CYL_PRES_STAT,0,1594870770.7907481
CYL_PRES_STAT,0,1594870770.876008
CYL_PRES_STAT,0,1594870770.896588
CYL_PRES_STAT,0,1594870770.925168
CYL_PRES_STAT,0,1594870770.937609
CYL_PRES_STAT,0,1594870771.019368
CYL_PRES_STAT,0,1594870771.039842
CYL_PRES_STAT,0,1594870771.060649
CYL_PRES_STAT,0,1594870771.163264
CYL_PRES_STAT,0,1594870771.183704
CYL_PRES_STAT,0,1594870771.224633
CYL_PRES_STAT,0,1594870771.297968
CYL_PRES_STAT,0,1594870771.30651
CYL_PRES_STAT,0,1594870771.3717508
CYL_PRES_STAT,0,1594870771.4127
CYL_PRES_STAT,0,1594870771.486337
CYL_PRES_STAT,0,1594870771.494563
CYL_PRES_STAT,0,1594870771.556214
CYL_PRES_STAT,0,1594870771.576593
CYL_PRES_STAT,0,1594870771.6178
CYL_PRES_STAT,0,1594870771.642105
CYL_PRES_STAT,0,1594870771.65028
CYL_PRES_STAT,0,1594870771.7649422
CYL_PRES_STAT,0,1594870771.785711
CYL_PRES_STAT,0,1594870771.8058329
CYL_PRES_STAT,0,1594870771.814344
CYL_PRES_STAT,0,1594870771.826316
CYL_PRES_STAT,0,1594870771.896409
CYL_PRES_STAT,0,1594870771.9326954
CYL_PRES_STAT,0,1594870771.9372866
CYL_PRES_STAT,0,1594870771.949228
CYL_PRES_STAT,0,1594870771.981875
CYL_PRES_STAT,0,1594870772.0643358
CYL_PRES_STAT,0,1594870772.1133711
CYL_PRES_STAT,0,1594870772.199
CYL_PRES_STAT,0,1594870772.239986
CYL_PRES_STAT,0,1594870772.260478
CYL_PRES_STAT,0,1594870772.37504
CYL_PRES_STAT,0,1594870772.395713
CYL_PRES_STAT,0,1594870772.445215
CYL_PRES_STAT,0,1594870772.498024
CYL_PRES_STAT,0,1594870772.506636
CYL_PRES_STAT,0,1594870772.530761
CYL_PRES_STAT,0,1594870772.55133
CYL_PRES_STAT,0,1594870772.559849
CYL_PRES_STAT,0,1594870772.5716882
CYL_PRES_STAT,0,1594870772.735633
CYL_PRES_STAT,0,1594870772.797465
CYL_PRES_STAT,0,1594870772.8094
CYL_PRES_STAT,0,1594870772.817935
CYL_PRES_STAT,0,1594870772.858916
CYL_PRES_STAT,0,1594870772.9117641
CYL_PRES_STAT,0,1594870773.0059
CYL_PRES_STAT,0,1594870773.12875
CYL_PRES_STAT,0,1594870773.137288
CYL_PRES_STAT,0,1594870773.149576
CYL_PRES_STAT,0,1594870773.296661
CYL_PRES_STAT,0,1594870773.313534
CYL_PRES_STAT,0,1594870773.345901
CYL_PRES_STAT,0,1594870773.399033
CYL_PRES_STAT,0,1594870773.419706
CYL_PRES_STAT,0,1594870773.440243
CYL_PRES_STAT,0,1594870773.489756
CYL_PRES_STAT,0,1594870773.5669491
CYL_PRES_STAT,0,1594870773.575107
CYL_PRES_STAT,0,1594870773.583911
CYL_PRES_STAT,0,1594870773.6161609
CYL_PRES_STAT,0,1594870773.624774
CYL_PRES_STAT,0,1594870773.6367
CYL_PRES_STAT,0,1594870773.698081
CYL_PRES_STAT,0,1594870773.7066429
CYL_PRES_STAT,0,1594870773.751306
CYL_PRES_STAT,0,1594870773.7718668
CYL_PRES_STAT,0,1594870773.8744054
CYL_PRES_STAT,0,1594870773.883132
CYL_PRES_STAT,0,1594870773.894933
CYL_PRES_STAT,0,1594870773.9238124
CYL_PRES_STAT,0,1594870773.935673
CYL_PRES_STAT,0,1594870774.017683
CYL_PRES_STAT,0,1594870774.0421472
CYL_PRES_STAT,0,1594870774.050398
CYL_PRES_STAT,0,1594870774.1526802
CYL_PRES_STAT,0,1594870774.1650221
CYL_PRES_STAT,0,1594870774.20595
CYL_PRES_STAT,0,1594870774.2181711
CYL_PRES_STAT,0,1594870774.300174
CYL_PRES_STAT,0,1594870774.4110248
CYL_PRES_STAT,0,1594870774.463982
CYL_PRES_STAT,0,1594870774.5135438
CYL_PRES_STAT,0,1594870774.558288
CYL_PRES_STAT,0,1594870774.6198232
CYL_PRES_STAT,0,1594870774.628526
CYL_PRES_STAT,0,1594870774.6401238
CYL_PRES_STAT,0,1594870774.660638
CYL_PRES_STAT,0,1594870774.742665
CYL_PRES_STAT,0,1594870774.763586
CYL_PRES_STAT,0,1594870774.7838366
CYL_PRES_STAT,0,1594870774.795753
CYL_PRES_STAT,0,1594870774.8045619
CYL_PRES_STAT,0,1594870774.889874
CYL_PRES_STAT,0,1594870774.9070199
CYL_PRES_STAT,0,1594870774.930877
CYL_PRES_STAT,0,1594870774.9513562
CYL_PRES_STAT,0,1594870775.07468
CYL_PRES_STAT,0,1594870775.103395
CYL_PRES_STAT,0,1594870775.127519
CYL_PRES_STAT,0,1594870775.136064
CYL_PRES_STAT,0,1594870775.1978474
CYL_PRES_STAT,0,1594870775.259119
CYL_PRES_STAT,0,1594870775.3855958
CYL_PRES_STAT,0,1594870775.4062052
CYL_PRES_STAT,0,1594870775.4265852
CYL_PRES_STAT,0,1594870775.476119
CYL_PRES_STAT,0,1594870775.509058
CYL_PRES_STAT,0,1594870775.5294778
CYL_PRES_STAT,0,1594870775.5411909
CYL_PRES_STAT,0,1594870775.6640198
CYL_PRES_STAT,0,1594870775.67285
CYL_PRES_STAT,0,1594870775.6967509
CYL_PRES_STAT,0,1594870775.7057786
CYL_PRES_STAT,0,1594870775.717212
CYL_PRES_STAT,0,1594870775.737946
CYL_PRES_STAT,0,1594870775.7991788
CYL_PRES_STAT,0,1594870775.819795
CYL_PRES_STAT,0,1594870775.840192
CYL_PRES_STAT,0,1594870775.881174
CYL_PRES_STAT,0,1594870775.963253
CYL_PRES_STAT,0,1594870775.9754946
CYL_PRES_STAT,0,1594870776.0047472
CYL_PRES_STAT,0,1594870776.0863402
CYL_PRES_STAT,0,1594870776.106962
CYL_PRES_STAT,0,1594870776.118622
CYL_PRES_STAT,0,1594870776.1392488
CYL_PRES_STAT,0,1594870776.151385
CYL_PRES_STAT,0,1594870776.286562
CYL_PRES_STAT,0,1594870776.29487
CYL_PRES_STAT,0,1594870776.3153439
CYL_PRES_STAT,0,1594870776.388962
CYL_PRES_STAT,0,1594870776.39762
CYL_PRES_STAT,0,1594870776.421707
CYL_PRES_STAT,0,1594870776.43864
CYL_PRES_STAT,0,1594870776.56513
CYL_PRES_STAT,0,1594870776.58554
CYL_PRES_STAT,0,1594870776.606178
CYL_PRES_STAT,0,1594870776.6886258
CYL_PRES_STAT,0,1594870776.7002966
CYL_PRES_STAT,0,1594870776.769984
CYL_PRES_STAT,0,1594870776.8641658
CYL_PRES_STAT,0,1594870776.89699
CYL_PRES_STAT,0,1594870776.917294
CYL_PRES_STAT,0,1594870776.937833
CYL_PRES_STAT,0,1594870776.97877
CYL_PRES_STAT,0,1594870776.999218
CYL_PRES_STAT,0,1594870777.020139
CYL_PRES_STAT,0,1594870777.040391
CYL_PRES_STAT,0,1594870777.060759
CYL_PRES_STAT,0,1594870777.069279
CYL_PRES_STAT,0,1594870777.0812151
CYL_PRES_STAT,0,1594870777.163556
CYL_PRES_STAT,0,1594870777.184126
CYL_PRES_STAT,0,1594870777.2251449
CYL_PRES_STAT,0,1594870777.257359
CYL_PRES_STAT,0,1594870777.265853
CYL_PRES_STAT,0,1594870777.27773
CYL_PRES_STAT,0,1594870777.330959
CYL_PRES_STAT,0,1594870777.351532
CYL_PRES_STAT,0,1594870777.4212961
CYL_PRES_STAT,0,1594870777.454067
CYL_PRES_STAT,0,1594870777.474423
CYL_PRES_STAT,0,1594870777.5154052
CYL_PRES_STAT,0,1594870777.5276089
CYL_PRES_STAT,0,1594870777.544569
CYL_PRES_STAT,0,1594870777.6012821
CYL_PRES_STAT,0,1594870777.670923
CYL_PRES_STAT,0,1594870777.732424
CYL_PRES_STAT,0,1594870777.7446759
CYL_PRES_STAT,0,1594870777.7774189
CYL_PRES_STAT,0,1594870777.785559
CYL_PRES_STAT,0,1594870777.8062859
CYL_PRES_STAT,0,1594870777.909142
CYL_PRES_STAT,0,1594870777.941291
CYL_PRES_STAT,0,1594870777.949986
CYL_PRES_STAT,0,1594870778.0641189
CYL_PRES_STAT,0,1594870778.076705
CYL_PRES_STAT,0,1594870778.0936296
CYL_PRES_STAT,0,1594870778.105427
CYL_PRES_STAT,0,1594870778.117362
CYL_PRES_STAT,0,1594870778.2281651
CYL_PRES_STAT,0,1594870778.240295
CYL_PRES_STAT,0,1594870778.310251
CYL_PRES_STAT,0,1594870778.355024
CYL_PRES_STAT,0,1594870778.3633091
CYL_PRES_STAT,0,1594870778.404889
CYL_PRES_STAT,0,1594870778.425026
CYL_PRES_STAT,0,1594870778.531064
CYL_PRES_STAT,0,1594870778.5514991
CYL_PRES_STAT,0,1594870778.633634
CYL_PRES_STAT,0,1594870778.662763
CYL_PRES_STAT,0,1594870778.6745028
CYL_PRES_STAT,0,1594870778.683105
CYL_PRES_STAT,0,1594870778.695105
CYL_PRES_STAT,0,1594870778.7157311
CYL_PRES_STAT,0,1594870778.735929
CYL_PRES_STAT,0,1594870778.744852
CYL_PRES_STAT,0,1594870778.8013618
CYL_PRES_STAT,0,1594870778.818321
CYL_PRES_STAT,0,1594870778.8422868
CYL_PRES_STAT,0,1594870778.85912
CYL_PRES_STAT,0,1594870778.871
CYL_PRES_STAT,0,1594870778.87986
CYL_PRES_STAT,0,1594870778.94478
CYL_PRES_STAT,0,1594870778.965306
CYL_PRES_STAT,0,1594870778.9734561
CYL_PRES_STAT,0,1594870778.9857152
CYL_PRES_STAT,0,1594870779.0266962
CYL_PRES_STAT,0,1594870779.088308
CYL_PRES_STAT,0,1594870779.10046
CYL_PRES_STAT,0,1594870779.109144
CYL_PRES_STAT,0,1594870779.1380632
CYL_PRES_STAT,0,1594870779.170091
CYL_PRES_STAT,0,1594870779.178776
CYL_PRES_STAT,0,1594870779.211644
CYL_PRES_STAT,0,1594870779.2524679
CYL_PRES_STAT,0,1594870779.296916
CYL_PRES_STAT,0,1594870779.3872778
CYL_PRES_STAT,0,1594870779.420396
CYL_PRES_STAT,0,1594870779.440447
CYL_PRES_STAT,0,1594870779.461015
CYL_PRES_STAT,0,1594870779.522528
CYL_PRES_STAT,0,1594870779.5637262
CYL_PRES_STAT,0,1594870779.596121
CYL_PRES_STAT,0,1594870779.690166
CYL_PRES_STAT,0,1594870779.7108226
CYL_PRES_STAT,0,1594870779.73117
CYL_PRES_STAT,0,1594870779.800867
CYL_PRES_STAT,0,1594870779.854308
CYL_PRES_STAT,0,1594870779.875055
CYL_PRES_STAT,0,1594870779.9978962
CYL_PRES_STAT,0,1594870780.0390801
CYL_PRES_STAT,0,1594870780.0588312
CYL_PRES_STAT,0,1594870780.071061
CYL_PRES_STAT,0,1594870780.079766
CYL_PRES_STAT,0,1594870780.153076
CYL_PRES_STAT,0,1594870780.1617339
CYL_PRES_STAT,0,1594870780.177619
CYL_PRES_STAT,0,1594870780.1856792
CYL_PRES_STAT,0,1594870780.2270136
CYL_PRES_STAT,0,1594870780.317166
CYL_PRES_STAT,0,1594870780.370558
CYL_PRES_STAT,0,1594870780.440227
CYL_PRES_STAT,0,1594870780.4733028
CYL_PRES_STAT,0,1594870780.493386
CYL_PRES_STAT,0,1594870780.5140202
CYL_PRES_STAT,0,1594870780.54631
CYL_PRES_STAT,0,1594870780.5877812
CYL_PRES_STAT,0,1594870780.599637
CYL_PRES_STAT,0,1594870780.62061
CYL_PRES_STAT,0,1594870780.6282
CYL_PRES_STAT,0,1594870780.640486
CYL_PRES_STAT,0,1594870780.6895962
CYL_PRES_STAT,0,1594870780.8048892
CYL_PRES_STAT,0,1594870780.919084
CYL_PRES_STAT,0,1594870780.9311779
CYL_PRES_STAT,0,1594870780.9804099
CYL_PRES_STAT,0,1594870781.074734
CYL_PRES_STAT,0,1594870781.086824
CYL_PRES_STAT,0,1594870781.095516
CYL_PRES_STAT,0,1594870781.136108
CYL_PRES_STAT,0,1594870781.197466
CYL_PRES_STAT,0,1594870781.222048
CYL_PRES_STAT,0,1594870781.2302122
CYL_PRES_STAT,0,1594870781.238878
CYL_PRES_STAT,0,1594870781.2507598
CYL_PRES_STAT,0,1594870781.259663
CYL_PRES_STAT,0,1594870781.373755
CYL_PRES_STAT,0,1594870781.385819
CYL_PRES_STAT,0,1594870781.426785
CYL_PRES_STAT,0,1594870781.447231
CYL_PRES_STAT,0,1594870781.4562712
CYL_PRES_STAT,0,1594870781.488426
CYL_PRES_STAT,0,1594870781.500523
CYL_PRES_STAT,0,1594870781.5087512
CYL_PRES_STAT,0,1594870781.5497448
CYL_PRES_STAT,0,1594870781.57032
CYL_PRES_STAT,0,1594870781.579015
CYL_PRES_STAT,0,1594870781.676666
CYL_PRES_STAT,0,1594870781.705306
CYL_PRES_STAT,0,1594870781.714186
CYL_PRES_STAT,0,1594870781.7995908
CYL_PRES_STAT,0,1594870781.820066
CYL_PRES_STAT,0,1594870781.8322392
CYL_PRES_STAT,0,1594870781.8405828
CYL_PRES_STAT,0,1594870781.9842381
CYL_PRES_STAT,0,1594870781.996181
CYL_PRES_STAT,0,1594870782.005213
CYL_PRES_STAT,0,1594870782.086633
CYL_PRES_STAT,0,1594870782.110773
CYL_PRES_STAT,0,1594870782.131237
CYL_PRES_STAT,0,1594870782.151684
CYL_PRES_STAT,0,1594870782.1804788
CYL_PRES_STAT,0,1594870782.2096288
CYL_PRES_STAT,0,1594870782.233689
CYL_PRES_STAT,0,1594870782.2422988
CYL_PRES_STAT,0,1594870782.438925
CYL_PRES_STAT,0,1594870782.4593868
CYL_PRES_STAT,0,1594870782.541579
CYL_PRES_STAT,0,1594870782.585799
CYL_PRES_STAT,0,1594870782.606497
CYL_PRES_STAT,0,1594870782.709556
CYL_PRES_STAT,0,1594870782.7299528
CYL_PRES_STAT,0,1594870782.840302
CYL_PRES_STAT,0,1594870782.8767624
CYL_PRES_STAT,0,1594870782.884825
CYL_PRES_STAT,0,1594870782.8938599
CYL_PRES_STAT,0,1594870782.9054878
CYL_PRES_STAT,0,1594870782.987574
CYL_PRES_STAT,0,1594870782.9995651
CYL_PRES_STAT,0,1594870783.0201108
CYL_PRES_STAT,0,1594870783.0488038
CYL_PRES_STAT,0,1594870783.0611029
CYL_PRES_STAT,0,1594870783.069813
CYL_PRES_STAT,0,1594870783.1840582
CYL_PRES_STAT,0,1594870783.2045321
CYL_PRES_STAT,0,1594870783.245504
CYL_PRES_STAT,0,1594870783.278173
CYL_PRES_STAT,0,1594870783.3313599
CYL_PRES_STAT,0,1594870783.3600206
CYL_PRES_STAT,0,1594870783.368556
CYL_PRES_STAT,0,1594870783.474912
CYL_PRES_STAT,0,1594870783.483638
CYL_PRES_STAT,0,1594870783.495234
CYL_PRES_STAT,0,1594870783.515722
CYL_PRES_STAT,0,1594870783.536139
CYL_PRES_STAT,0,1594870783.5976222
CYL_PRES_STAT,0,1594870783.618167
CYL_PRES_STAT,0,1594870783.63894
CYL_PRES_STAT,0,1594870783.679542
CYL_PRES_STAT,0,1594870783.6919
CYL_PRES_STAT,0,1594870783.700453
CYL_PRES_STAT,0,1594870783.732784
CYL_PRES_STAT,0,1594870783.785916
CYL_PRES_STAT,0,1594870783.827174
CYL_PRES_STAT,0,1594870783.888397
CYL_PRES_STAT,0,1594870783.897156
CYL_PRES_STAT,0,1594870783.908951
CYL_PRES_STAT,0,1594870783.9293
CYL_PRES_STAT,0,1594870783.97034
CYL_PRES_STAT,0,1594870783.990962
CYL_PRES_STAT,0,1594870784.114068
CYL_PRES_STAT,0,1594870784.220205
CYL_PRES_STAT,0,1594870784.229277
CYL_PRES_STAT,0,1594870784.2780428
CYL_PRES_STAT,0,1594870784.2984118
CYL_PRES_STAT,0,1594870784.310414
CYL_PRES_STAT,0,1594870784.466016
CYL_PRES_STAT,0,1594870784.5314288
CYL_PRES_STAT,0,1594870784.5359519
CYL_PRES_STAT,0,1594870784.547892
CYL_PRES_STAT,0,1594870784.5891778
CYL_PRES_STAT,0,1594870784.621494
CYL_PRES_STAT,0,1594870784.724046
CYL_PRES_STAT,0,1594870784.7362206
CYL_PRES_STAT,0,1594870784.7737489
CYL_PRES_STAT,0,1594870784.826405
CYL_PRES_STAT,0,1594870784.846901
CYL_PRES_STAT,0,1594870784.859055
CYL_PRES_STAT,0,1594870784.888387
CYL_PRES_STAT,0,1594870784.900209
CYL_PRES_STAT,0,1594870785.0230534
CYL_PRES_STAT,0,1594870785.0439649
CYL_PRES_STAT,0,1594870785.0556788
CYL_PRES_STAT,0,1594870785.064359
CYL_PRES_STAT,0,1594870785.1170828
CYL_PRES_STAT,0,1594870785.1464288
CYL_PRES_STAT,0,1594870785.16684
CYL_PRES_STAT,0,1594870785.190901
CYL_PRES_STAT,0,1594870785.231781
CYL_PRES_STAT,0,1594870785.3548632
CYL_PRES_STAT,0,1594870785.4043362
CYL_PRES_STAT,0,1594870785.445697
CYL_PRES_STAT,0,1594870785.4863126
CYL_PRES_STAT,0,1594870785.49811
CYL_PRES_STAT,0,1594870785.5307848
CYL_PRES_STAT,0,1594870785.539677
CYL_PRES_STAT,0,1594870785.55124
CYL_PRES_STAT,0,1594870785.57179
CYL_PRES_STAT,0,1594870785.64167
CYL_PRES_STAT,0,1594870785.665992
CYL_PRES_STAT,0,1594870785.6864789
CYL_PRES_STAT,0,1594870785.768289
CYL_PRES_STAT,0,1594870785.788856
CYL_PRES_STAT,0,1594870785.797585
CYL_PRES_STAT,0,1594870785.809577
CYL_PRES_STAT,0,1594870785.830166
CYL_PRES_STAT,0,1594870785.858835
CYL_PRES_STAT,0,1594870785.870944
CYL_PRES_STAT,0,1594870785.953085
CYL_PRES_STAT,0,1594870785.993927
CYL_PRES_STAT,0,1594870786.0967062
CYL_PRES_STAT,0,1594870786.108423
CYL_PRES_STAT,0,1594870786.129075
CYL_PRES_STAT,0,1594870786.1411798
CYL_PRES_STAT,0,1594870786.1579342
CYL_PRES_STAT,0,1594870786.2516546
CYL_PRES_STAT,0,1594870786.2844648
CYL_PRES_STAT,0,1594870786.296597
CYL_PRES_STAT,0,1594870786.345907
CYL_PRES_STAT,0,1594870786.354574
CYL_PRES_STAT,0,1594870786.387795
CYL_PRES_STAT,0,1594870786.4073071
CYL_PRES_STAT,0,1594870786.428492
CYL_PRES_STAT,0,1594870786.448658
CYL_PRES_STAT,0,1594870786.4605274
CYL_PRES_STAT,0,1594870786.481031
CYL_PRES_STAT,0,1594870786.489569
CYL_PRES_STAT,0,1594870786.6041126
CYL_PRES_STAT,0,1594870786.612873
CYL_PRES_STAT,0,1594870786.636595
CYL_PRES_STAT,0,1594870786.657247
CYL_PRES_STAT,0,1594870786.710561
CYL_PRES_STAT,0,1594870786.7889225
CYL_PRES_STAT,0,1594870786.9029481
CYL_PRES_STAT,0,1594870786.9240088
CYL_PRES_STAT,0,1594870786.944277
CYL_PRES_STAT,0,1594870787.0387788
CYL_PRES_STAT,0,1594870787.046689
CYL_PRES_STAT,0,1594870787.05849
CYL_PRES_STAT,0,1594870787.0670981
CYL_PRES_STAT,0,1594870787.091341
CYL_PRES_STAT,0,1594870787.111795
CYL_PRES_STAT,0,1594870787.120351
CYL_PRES_STAT,0,1594870787.1814232
CYL_PRES_STAT,0,1594870787.2060428
CYL_PRES_STAT,0,1594870787.2147849
CYL_PRES_STAT,0,1594870787.2232869
CYL_PRES_STAT,0,1594870787.2345982
CYL_PRES_STAT,0,1594870787.2638028
CYL_PRES_STAT,0,1594870787.337734
CYL_PRES_STAT,0,1594870787.358208
CYL_PRES_STAT,0,1594870787.3698938
CYL_PRES_STAT,0,1594870787.41939
CYL_PRES_STAT,0,1594870787.5542052
CYL_PRES_STAT,0,1594870787.5630786
CYL_PRES_STAT,0,1594870787.603994
CYL_PRES_STAT,0,1594870787.6156766
CYL_PRES_STAT,0,1594870787.668803
CYL_PRES_STAT,0,1594870787.6896386
CYL_PRES_STAT,0,1594870787.701516
CYL_PRES_STAT,0,1594870787.7098649
CYL_PRES_STAT,0,1594870787.8327072
CYL_PRES_STAT,0,1594870787.841511
CYL_PRES_STAT,0,1594870787.906332
CYL_PRES_STAT,0,1594870787.955868
CYL_PRES_STAT,0,1594870787.9766982
CYL_PRES_STAT,0,1594870788.000525
CYL_PRES_STAT,0,1594870788.1849382
CYL_PRES_STAT,0,1594870788.197134
CYL_PRES_STAT,0,1594870788.266885
CYL_PRES_STAT,0,1594870788.279113
CYL_PRES_STAT,0,1594870788.28745
CYL_PRES_STAT,0,1594870788.308172
CYL_PRES_STAT,0,1594870788.329058
CYL_PRES_STAT,0,1594870788.472001
CYL_PRES_STAT,0,1594870788.4961438
CYL_PRES_STAT,0,1594870788.516601
CYL_PRES_STAT,0,1594870788.5453398
CYL_PRES_STAT,0,1594870788.5659132
CYL_PRES_STAT,0,1594870788.598498
CYL_PRES_STAT,0,1594870788.607519
CYL_PRES_STAT,0,1594870788.61902
CYL_PRES_STAT,0,1594870788.6395688
CYL_PRES_STAT,0,1594870788.66029
CYL_PRES_STAT,0,1594870788.824349
CYL_PRES_STAT,0,1594870788.906382
CYL_PRES_STAT,0,1594870789.106455
CYL_PRES_STAT,0,1594870789.143605
CYL_PRES_STAT,0,1594870789.155648
CYL_PRES_STAT,0,1594870789.217095
CYL_PRES_STAT,0,1594870789.237611
CYL_PRES_STAT,0,1594870789.258024
CYL_PRES_STAT,0,1594870789.270226
CYL_PRES_STAT,0,1594870789.2790189
CYL_PRES_STAT,0,1594870789.3317301
CYL_PRES_STAT,0,1594870789.405472
CYL_PRES_STAT,0,1594870789.528393
CYL_PRES_STAT,0,1594870789.5487602
CYL_PRES_STAT,0,1594870789.5898829
CYL_PRES_STAT,0,1594870789.598551
CYL_PRES_STAT,0,1594870789.6102998
CYL_PRES_STAT,0,1594870789.6839306
CYL_PRES_STAT,0,1594870789.700903
CYL_PRES_STAT,0,1594870789.733546
CYL_PRES_STAT,0,1594870789.7543054
CYL_PRES_STAT,0,1594870789.848216
CYL_PRES_STAT,0,1594870789.8564546
CYL_PRES_STAT,0,1594870789.868159
CYL_PRES_STAT,0,1594870789.880524
CYL_PRES_STAT,0,1594870789.90098
CYL_PRES_STAT,0,1594870790.0117528
CYL_PRES_STAT,0,1594870790.0243769
CYL_PRES_STAT,0,1594870790.0444589
CYL_PRES_STAT,0,1594870790.064929
CYL_PRES_STAT,0,1594870790.09396
CYL_PRES_STAT,0,1594870790.1468768
CYL_PRES_STAT,0,1594870790.167715
CYL_PRES_STAT,0,1594870790.229128
CYL_PRES_STAT,0,1594870790.3842938
CYL_PRES_STAT,0,1594870790.396564
CYL_PRES_STAT,0,1594870790.478802
CYL_PRES_STAT,0,1594870790.4994
CYL_PRES_STAT,0,1594870790.511308
CYL_PRES_STAT,0,1594870790.519409
CYL_PRES_STAT,0,1594870790.539953
CYL_PRES_STAT,0,1594870790.56057
CYL_PRES_STAT,0,1594870790.569104
CYL_PRES_STAT,0,1594870790.6633642
CYL_PRES_STAT,0,1594870790.675194
CYL_PRES_STAT,0,1594870790.6837971
CYL_PRES_STAT,0,1594870790.703945
CYL_PRES_STAT,0,1594870790.7366052
CYL_PRES_STAT,0,1594870790.7862554
CYL_PRES_STAT,0,1594870790.7979949
CYL_PRES_STAT,0,1594870790.807116
CYL_PRES_STAT,0,1594870790.830755
CYL_PRES_STAT,0,1594870790.962417
CYL_PRES_STAT,0,1594870790.9947038
CYL_PRES_STAT,0,1594870791.00333
CYL_PRES_STAT,0,1594870791.015102
CYL_PRES_STAT,0,1594870791.064853
CYL_PRES_STAT,0,1594870791.088767
CYL_PRES_STAT,0,1594870791.138234
CYL_PRES_STAT,0,1594870791.211804
CYL_PRES_STAT,0,1594870791.232115
CYL_PRES_STAT,0,1594870791.240787
CYL_PRES_STAT,0,1594870791.3350198
CYL_PRES_STAT,0,1594870791.346793
CYL_PRES_STAT,0,1594870791.4206688
CYL_PRES_STAT,0,1594870791.5108411
CYL_PRES_STAT,0,1594870791.715851
CYL_PRES_STAT,0,1594870791.7367609
CYL_PRES_STAT,0,1594870791.748307
CYL_PRES_STAT,0,1594870791.777401
CYL_PRES_STAT,0,1594870791.83026
CYL_PRES_STAT,0,1594870791.903817
CYL_PRES_STAT,0,1594870791.912277
CYL_PRES_STAT,0,1594870791.924289
CYL_PRES_STAT,0,1594870791.932692
CYL_PRES_STAT,0,1594870791.965318
CYL_PRES_STAT,0,1594870792.047317
CYL_PRES_STAT,0,1594870792.108746
CYL_PRES_STAT,0,1594870792.150206
CYL_PRES_STAT,0,1594870792.223357
CYL_PRES_STAT,0,1594870792.232028
CYL_PRES_STAT,0,1594870792.264354
CYL_PRES_STAT,0,1594870792.2729092
CYL_PRES_STAT,0,1594870792.297039
CYL_PRES_STAT,0,1594870792.3585489
CYL_PRES_STAT,0,1594870792.3790948
CYL_PRES_STAT,0,1594870792.408013
CYL_PRES_STAT,0,1594870792.420022
CYL_PRES_STAT,0,1594870792.4405482
CYL_PRES_STAT,0,1594870792.460844
CYL_PRES_STAT,0,1594870792.4813821
CYL_PRES_STAT,0,1594870792.543094
CYL_PRES_STAT,0,1594870792.563699
CYL_PRES_STAT,0,1594870792.616548
CYL_PRES_STAT,0,1594870792.657566
CYL_PRES_STAT,0,1594870792.6661649
CYL_PRES_STAT,0,1594870792.710757
CYL_PRES_STAT,0,1594870792.7279098
CYL_PRES_STAT,0,1594870792.7481458
CYL_PRES_STAT,0,1594870792.7804348
CYL_PRES_STAT,0,1594870792.854187
CYL_PRES_STAT,0,1594870792.874778
CYL_PRES_STAT,0,1594870792.9810119
CYL_PRES_STAT,0,1594870793.0014534
CYL_PRES_STAT,0,1594870793.121186
CYL_PRES_STAT,0,1594870793.1857722
CYL_PRES_STAT,0,1594870793.308866
CYL_PRES_STAT,0,1594870793.3211148
CYL_PRES_STAT,0,1594870793.329576
CYL_PRES_STAT,0,1594870793.3375008
CYL_PRES_STAT,0,1594870793.349761
CYL_PRES_STAT,0,1594870793.3790028
CYL_PRES_STAT,0,1594870793.390592
CYL_PRES_STAT,0,1594870793.4316618
CYL_PRES_STAT,0,1594870793.472588
CYL_PRES_STAT,0,1594870793.4849534
CYL_PRES_STAT,0,1594870793.4971118
CYL_PRES_STAT,0,1594870793.505399
CYL_PRES_STAT,0,1594870793.513864
CYL_PRES_STAT,0,1594870793.546262
CYL_PRES_STAT,0,1594870793.636982
CYL_PRES_STAT,0,1594870793.6490262
CYL_PRES_STAT,0,1594870793.669121
CYL_PRES_STAT,0,1594870793.701822
CYL_PRES_STAT,0,1594870793.7430391
CYL_PRES_STAT,0,1594870793.8128982
CYL_PRES_STAT,0,1594870793.824798
CYL_PRES_STAT,0,1594870793.968601
CYL_PRES_STAT,0,1594870793.980515
CYL_PRES_STAT,0,1594870794.0008671
CYL_PRES_STAT,0,1594870794.009623
CYL_PRES_STAT,0,1594870794.10325
CYL_PRES_STAT,0,1594870794.115564
CYL_PRES_STAT,0,1594870794.135996
CYL_PRES_STAT,0,1594870794.1771722
CYL_PRES_STAT,0,1594870794.238413
CYL_PRES_STAT,0,1594870794.258961
CYL_PRES_STAT,0,1594870794.2795
CYL_PRES_STAT,0,1594870794.370121
CYL_PRES_STAT,0,1594870794.402296
CYL_PRES_STAT,0,1594870794.422849
CYL_PRES_STAT,0,1594870794.476038
CYL_PRES_STAT,0,1594870794.4846454
CYL_PRES_STAT,0,1594870794.590775
CYL_PRES_STAT,0,1594870794.607552
CYL_PRES_STAT,0,1594870794.631634
CYL_PRES_STAT,0,1594870794.693037
CYL_PRES_STAT,0,1594870794.734112
CYL_PRES_STAT,0,1594870794.7631614
CYL_PRES_STAT,0,1594870794.783649
CYL_PRES_STAT,0,1594870794.7955039
CYL_PRES_STAT,0,1594870794.857173
CYL_PRES_STAT,0,1594870794.878103
CYL_PRES_STAT,0,1594870794.898164
CYL_PRES_STAT,0,1594870794.918888
CYL_PRES_STAT,0,1594870795.041585
CYL_PRES_STAT,0,1594870795.053676
CYL_PRES_STAT,0,1594870795.065778
CYL_PRES_STAT,0,1594870795.155992
CYL_PRES_STAT,0,1594870795.1681962
CYL_PRES_STAT,0,1594870795.1887512
CYL_PRES_STAT,0,1594870795.229651
CYL_PRES_STAT,0,1594870795.250224
CYL_PRES_STAT,0,1594870795.3736682
CYL_PRES_STAT,0,1594870795.41442
CYL_PRES_STAT,0,1594870795.496567
CYL_PRES_STAT,0,1594870795.5205288
CYL_PRES_STAT,0,1594870795.5580952
CYL_PRES_STAT,0,1594870795.651525
CYL_PRES_STAT,0,1594870795.6728716
CYL_PRES_STAT,0,1594870795.684205
CYL_PRES_STAT,0,1594870795.725389
CYL_PRES_STAT,0,1594870795.8076394
CYL_PRES_STAT,0,1594870795.828146
CYL_PRES_STAT,0,1594870795.869024
CYL_PRES_STAT,0,1594870795.8810306
CYL_PRES_STAT,0,1594870795.971532
CYL_PRES_STAT,0,1594870796.097939
CYL_PRES_STAT,0,1594870796.1183429
CYL_PRES_STAT,0,1594870796.126975
CYL_PRES_STAT,0,1594870796.13904
CYL_PRES_STAT,0,1594870796.159667
CYL_PRES_STAT,0,1594870796.179893
CYL_PRES_STAT,0,1594870796.2090626
CYL_PRES_STAT,0,1594870796.220883
CYL_PRES_STAT,0,1594870796.314974
CYL_PRES_STAT,0,1594870796.323284
CYL_PRES_STAT,0,1594870796.344058
CYL_PRES_STAT,0,1594870796.425977
CYL_PRES_STAT,0,1594870796.45016
CYL_PRES_STAT,0,1594870796.4591038
CYL_PRES_STAT,0,1594870796.470784
CYL_PRES_STAT,0,1594870796.634486
CYL_PRES_STAT,0,1594870796.655094
CYL_PRES_STAT,0,1594870796.736979
CYL_PRES_STAT,0,1594870796.778522
CYL_PRES_STAT,0,1594870796.790328
CYL_PRES_STAT,0,1594870796.810525
CYL_PRES_STAT,0,1594870796.819408
CYL_PRES_STAT,0,1594870796.860516
CYL_PRES_STAT,0,1594870796.8720796
CYL_PRES_STAT,0,1594870796.92556
CYL_PRES_STAT,0,1594870796.933532
CYL_PRES_STAT,0,1594870796.9422462
CYL_PRES_STAT,0,1594870796.9541528
CYL_PRES_STAT,0,1594870796.966273
CYL_PRES_STAT,0,1594870796.9866626
CYL_PRES_STAT,0,1594870796.9949598
CYL_PRES_STAT,0,1594870797.007334
CYL_PRES_STAT,0,1594870797.0277789
CYL_PRES_STAT,0,1594870797.0483198
CYL_PRES_STAT,0,1594870797.068662
CYL_PRES_STAT,0,1594870797.089473
CYL_PRES_STAT,0,1594870797.109566
CYL_PRES_STAT,0,1594870797.118221
CYL_PRES_STAT,0,1594870797.1917
CYL_PRES_STAT,0,1594870797.2120802
CYL_PRES_STAT,0,1594870797.233003
CYL_PRES_STAT,0,1594870797.2735832
CYL_PRES_STAT,0,1594870797.293992
CYL_PRES_STAT,0,1594870797.359723
CYL_PRES_STAT,0,1594870797.4208882
CYL_PRES_STAT,0,1594870797.4415832
CYL_PRES_STAT,0,1594870797.564319
CYL_PRES_STAT,0,1594870797.5933518
CYL_PRES_STAT,0,1594870797.6053178
CYL_PRES_STAT,0,1594870797.6137679
CYL_PRES_STAT,0,1594870797.62572
CYL_PRES_STAT,0,1594870797.6707392
CYL_PRES_STAT,0,1594870797.6751971
CYL_PRES_STAT,0,1594870797.687159
CYL_PRES_STAT,0,1594870797.699582
CYL_PRES_STAT,0,1594870797.707627
CYL_PRES_STAT,0,1594870797.72872
CYL_PRES_STAT,0,1594870797.74899
CYL_PRES_STAT,0,1594870797.8103552
CYL_PRES_STAT,0,1594870797.822476
CYL_PRES_STAT,0,1594870797.842963
CYL_PRES_STAT,0,1594870797.8637
CYL_PRES_STAT,0,1594870797.8717928
CYL_PRES_STAT,0,1594870797.895948
CYL_PRES_STAT,0,1594870797.916502
CYL_PRES_STAT,0,1594870797.998376
CYL_PRES_STAT,0,1594870798.0598989
CYL_PRES_STAT,0,1594870798.121325
CYL_PRES_STAT,0,1594870798.141849
CYL_PRES_STAT,0,1594870798.1504698
CYL_PRES_STAT,0,1594870798.1623778
CYL_PRES_STAT,0,1594870798.183091
CYL_PRES_STAT,0,1594870798.203872
CYL_PRES_STAT,0,1594870798.223979
CYL_PRES_STAT,0,1594870798.2770636
CYL_PRES_STAT,0,1594870798.29744
CYL_PRES_STAT,0,1594870798.3059466
CYL_PRES_STAT,0,1594870798.379443
CYL_PRES_STAT,0,1594870798.514548
CYL_PRES_STAT,0,1594870798.543583
CYL_PRES_STAT,0,1594870798.555436
CYL_PRES_STAT,0,1594870798.6209948
CYL_PRES_STAT,0,1594870798.64139
CYL_PRES_STAT,0,1594870798.649627
CYL_PRES_STAT,0,1594870798.670092
CYL_PRES_STAT,0,1594870798.678299
CYL_PRES_STAT,0,1594870798.690624
CYL_PRES_STAT,0,1594870798.833965
CYL_PRES_STAT,0,1594870798.8425438
CYL_PRES_STAT,0,1594870798.8544376
CYL_PRES_STAT,0,1594870798.866724
CYL_PRES_STAT,0,1594870798.948608
CYL_PRES_STAT,0,1594870798.969193
CYL_PRES_STAT,0,1594870798.989973
CYL_PRES_STAT,0,1594870799.030603
CYL_PRES_STAT,0,1594870799.0391512
CYL_PRES_STAT,0,1594870799.1129332
CYL_PRES_STAT,0,1594870799.157465
CYL_PRES_STAT,0,1594870799.2393599
CYL_PRES_STAT,0,1594870799.2599509
CYL_PRES_STAT,0,1594870799.2685132
CYL_PRES_STAT,0,1594870799.28862
CYL_PRES_STAT,0,1594870799.2972288
CYL_PRES_STAT,0,1594870799.329564
CYL_PRES_STAT,0,1594870799.546976
CYL_PRES_STAT,0,1594870799.5876944
CYL_PRES_STAT,0,1594870799.6085372
CYL_PRES_STAT,0,1594870799.649392
CYL_PRES_STAT,0,1594870799.681807
CYL_PRES_STAT,0,1594870799.755554
CYL_PRES_STAT,0,1594870799.763956
CYL_PRES_STAT,0,1594870799.775933
CYL_PRES_STAT,0,1594870799.796476
CYL_PRES_STAT,0,1594870799.8251774
CYL_PRES_STAT,0,1594870799.878438
CYL_PRES_STAT,0,1594870799.9602714
CYL_PRES_STAT,0,1594870800.042613
CYL_PRES_STAT,0,1594870800.095412
CYL_PRES_STAT,0,1594870800.104508
CYL_PRES_STAT,0,1594870800.1451108
CYL_PRES_STAT,0,1594870800.177532
CYL_PRES_STAT,0,1594870800.18629
CYL_PRES_STAT,0,1594870800.19788
CYL_PRES_STAT,0,1594870800.230762
CYL_PRES_STAT,0,1594870800.2510114
CYL_PRES_STAT,0,1594870800.259546
CYL_PRES_STAT,0,1594870800.3746212
CYL_PRES_STAT,0,1594870800.382278
CYL_PRES_STAT,0,1594870800.394594
CYL_PRES_STAT,0,1594870800.5056572
CYL_PRES_STAT,0,1594870800.5790322
CYL_PRES_STAT,0,1594870800.590965
CYL_PRES_STAT,0,1594870800.6408806
CYL_PRES_STAT,0,1594870800.713859
CYL_PRES_STAT,0,1594870800.808506
CYL_PRES_STAT,0,1594870800.8287091
CYL_PRES_STAT,0,1594870800.869828
CYL_PRES_STAT,0,1594870800.890196
CYL_PRES_STAT,0,1594870800.9719882
CYL_PRES_STAT,0,1594870801.004875
CYL_PRES_STAT,0,1594870801.01697
CYL_PRES_STAT,0,1594870801.021844
CYL_PRES_STAT,0,1594870801.045704
CYL_PRES_STAT,0,1594870801.0547774
CYL_PRES_STAT,0,1594870801.095417
CYL_PRES_STAT,0,1594870801.136346
CYL_PRES_STAT,0,1594870801.1568382
CYL_PRES_STAT,0,1594870801.1691802
CYL_PRES_STAT,0,1594870801.180898
CYL_PRES_STAT,0,1594870801.20969
CYL_PRES_STAT,0,1594870801.3037288
CYL_PRES_STAT,0,1594870801.32437
CYL_PRES_STAT,0,1594870801.333022
CYL_PRES_STAT,0,1594870801.344806
CYL_PRES_STAT,0,1594870801.4477189
CYL_PRES_STAT,0,1594870801.4678311
CYL_PRES_STAT,0,1594870801.509019
CYL_PRES_STAT,0,1594870801.561808
CYL_PRES_STAT,0,1594870801.5703561
CYL_PRES_STAT,0,1594870801.602782
CYL_PRES_STAT,0,1594870801.6560118
CYL_PRES_STAT,0,1594870801.6647305
CYL_PRES_STAT,0,1594870801.705434
CYL_PRES_STAT,0,1594870801.7583768
CYL_PRES_STAT,0,1594870801.778854
CYL_PRES_STAT,0,1594870801.787149
CYL_PRES_STAT,0,1594870801.7994628
CYL_PRES_STAT,0,1594870801.8608198
CYL_PRES_STAT,0,1594870801.922525
CYL_PRES_STAT,0,1594870801.943056
CYL_PRES_STAT,0,1594870801.963468
CYL_PRES_STAT,0,1594870801.983971
CYL_PRES_STAT,0,1594870801.99585
CYL_PRES_STAT,0,1594870802.065994
CYL_PRES_STAT,0,1594870802.07792
CYL_PRES_STAT,0,1594870802.090061
CYL_PRES_STAT,0,1594870802.110656
CYL_PRES_STAT,0,1594870802.1514769
CYL_PRES_STAT,0,1594870802.1598392
CYL_PRES_STAT,0,1594870802.192574
CYL_PRES_STAT,0,1594870802.274631
CYL_PRES_STAT,0,1594870802.376889
CYL_PRES_STAT,0,1594870802.4098141
CYL_PRES_STAT,0,1594870802.4181812
CYL_PRES_STAT,0,1594870802.459216
CYL_PRES_STAT,0,1594870802.5118806
CYL_PRES_STAT,0,1594870802.5651948
CYL_PRES_STAT,0,1594870802.573484
CYL_PRES_STAT,0,1594870802.5856721
CYL_PRES_STAT,0,1594870802.6062288
CYL_PRES_STAT,0,1594870802.6229599
CYL_PRES_STAT,0,1594870802.688276
CYL_PRES_STAT,0,1594870802.7087321
CYL_PRES_STAT,0,1594870802.729183
CYL_PRES_STAT,0,1594870802.741567
CYL_PRES_STAT,0,1594870802.769999
CYL_PRES_STAT,0,1594870802.7787874
CYL_PRES_STAT,0,1594870802.790539
CYL_PRES_STAT,0,1594870802.864098
CYL_PRES_STAT,0,1594870802.872548
CYL_PRES_STAT,0,1594870803.069175
CYL_PRES_STAT,0,1594870803.204771
CYL_PRES_STAT,0,1594870803.2129102
CYL_PRES_STAT,0,1594870803.253819
CYL_PRES_STAT,0,1594870803.2656431
CYL_PRES_STAT,0,1594870803.3070312
CYL_PRES_STAT,0,1594870803.3189812
CYL_PRES_STAT,0,1594870803.327153
CYL_PRES_STAT,0,1594870803.347617
CYL_PRES_STAT,0,1594870803.3683252
CYL_PRES_STAT,0,1594870803.388889
CYL_PRES_STAT,0,1594870803.462002
CYL_PRES_STAT,0,1594870803.5119429
CYL_PRES_STAT,0,1594870803.626163
CYL_PRES_STAT,0,1594870803.6383512
CYL_PRES_STAT,0,1594870803.69985
CYL_PRES_STAT,0,1594870803.720337
CYL_PRES_STAT,0,1594870803.826726
CYL_PRES_STAT,0,1594870803.843529
CYL_PRES_STAT,0,1594870803.86395
CYL_PRES_STAT,0,1594870803.9496694
CYL_PRES_STAT,0,1594870803.958026
CYL_PRES_STAT,0,1594870803.96651
CYL_PRES_STAT,0,1594870803.978694
CYL_PRES_STAT,0,1594870803.990431
CYL_PRES_STAT,0,1594870804.0192454
CYL_PRES_STAT,0,1594870804.154691
CYL_PRES_STAT,0,1594870804.2568321
CYL_PRES_STAT,0,1594870804.277815
CYL_PRES_STAT,0,1594870804.33953
CYL_PRES_STAT,0,1594870804.3594599
CYL_PRES_STAT,0,1594870804.3714418
CYL_PRES_STAT,0,1594870804.421173
CYL_PRES_STAT,0,1594870804.465598
CYL_PRES_STAT,0,1594870804.4742024
CYL_PRES_STAT,0,1594870804.527174
CYL_PRES_STAT,0,1594870804.5885391
CYL_PRES_STAT,0,1594870804.609271
CYL_PRES_STAT,0,1594870804.7200909
CYL_PRES_STAT,0,1594870804.7734249
CYL_PRES_STAT,0,1594870804.794084
CYL_PRES_STAT,0,1594870804.826272
CYL_PRES_STAT,0,1594870804.879293
CYL_PRES_STAT,0,1594870804.8875961
CYL_PRES_STAT,0,1594870804.8998091
CYL_PRES_STAT,0,1594870804.920465
CYL_PRES_STAT,0,1594870805.010628
CYL_PRES_STAT,0,1594870805.092866
CYL_PRES_STAT,0,1594870805.1046429
CYL_PRES_STAT,0,1594870805.125366
CYL_PRES_STAT,0,1594870805.207
CYL_PRES_STAT,0,1594870805.289218
CYL_PRES_STAT,0,1594870805.301177
CYL_PRES_STAT,0,1594870805.383418
CYL_PRES_STAT,0,1594870805.5188038
CYL_PRES_STAT,0,1594870805.526994
CYL_PRES_STAT,0,1594870805.538708
CYL_PRES_STAT,0,1594870805.547477
CYL_PRES_STAT,0,1594870805.559499
CYL_PRES_STAT,0,1594870805.6090288
CYL_PRES_STAT,0,1594870805.6826868
CYL_PRES_STAT,0,1594870805.744096
CYL_PRES_STAT,0,1594870805.826101
CYL_PRES_STAT,0,1594870805.866986
CYL_PRES_STAT,0,1594870805.878798
CYL_PRES_STAT,0,1594870805.8876288
CYL_PRES_STAT,0,1594870805.9933472
CYL_PRES_STAT,0,1594870806.013859
CYL_PRES_STAT,0,1594870806.043216
CYL_PRES_STAT,0,1594870806.054824
CYL_PRES_STAT,0,1594870806.075377
CYL_PRES_STAT,0,1594870806.0837939
CYL_PRES_STAT,0,1594870806.136841
CYL_PRES_STAT,0,1594870806.1572876
CYL_PRES_STAT,0,1594870806.178071
CYL_PRES_STAT,0,1594870806.2190874
CYL_PRES_STAT,0,1594870806.325366
CYL_PRES_STAT,0,1594870806.353956
CYL_PRES_STAT,0,1594870806.374422
CYL_PRES_STAT,0,1594870806.386704
CYL_PRES_STAT,0,1594870806.448441
CYL_PRES_STAT,0,1594870806.4566698
CYL_PRES_STAT,0,1594870806.468451
CYL_PRES_STAT,0,1594870806.509689
CYL_PRES_STAT,0,1594870806.570946
CYL_PRES_STAT,0,1594870806.579804
CYL_PRES_STAT,0,1594870806.591531
CYL_PRES_STAT,0,1594870806.6000972
CYL_PRES_STAT,0,1594870806.6528199
CYL_PRES_STAT,0,1594870806.6737099
CYL_PRES_STAT,0,1594870806.694185
CYL_PRES_STAT,0,1594870806.7798538
CYL_PRES_STAT,0,1594870806.800216
CYL_PRES_STAT,0,1594870806.820888
CYL_PRES_STAT,0,1594870806.94383
CYL_PRES_STAT,0,1594870806.952348
CYL_PRES_STAT,0,1594870806.9642284
CYL_PRES_STAT,0,1594870806.984586
CYL_PRES_STAT,0,1594870807.0459619
CYL_PRES_STAT,0,1594870807.054949
CYL_PRES_STAT,0,1594870807.087585
CYL_PRES_STAT,0,1594870807.2513332
CYL_PRES_STAT,0,1594870807.2631118
CYL_PRES_STAT,0,1594870807.275397
CYL_PRES_STAT,0,1594870807.292202
CYL_PRES_STAT,0,1594870807.324519
CYL_PRES_STAT,0,1594870807.33678
CYL_PRES_STAT,0,1594870807.4186769
CYL_PRES_STAT,0,1594870807.4392262
CYL_PRES_STAT,0,1594870807.4513712
CYL_PRES_STAT,0,1594870807.459926
CYL_PRES_STAT,0,1594870807.562125
CYL_PRES_STAT,0,1594870807.6154082
CYL_PRES_STAT,0,1594870807.6977742
CYL_PRES_STAT,0,1594870807.726667
CYL_PRES_STAT,0,1594870807.791358
CYL_PRES_STAT,0,1594870807.881979
CYL_PRES_STAT,0,1594870807.914508
CYL_PRES_STAT,0,1594870807.934796
CYL_PRES_STAT,0,1594870807.984344
CYL_PRES_STAT,0,1594870808.0583801
CYL_PRES_STAT,0,1594870808.098974
CYL_PRES_STAT,0,1594870808.1110332
CYL_PRES_STAT,0,1594870808.1399722
CYL_PRES_STAT,0,1594870808.205096
CYL_PRES_STAT,0,1594870808.2257679
CYL_PRES_STAT,0,1594870808.26653
CYL_PRES_STAT,0,1594870808.357156
CYL_PRES_STAT,0,1594870808.36918
CYL_PRES_STAT,0,1594870808.389493
CYL_PRES_STAT,0,1594870808.5538108
CYL_PRES_STAT,0,1594870808.6357398
CYL_PRES_STAT,0,1594870808.697005
CYL_PRES_STAT,0,1594870808.7212288
CYL_PRES_STAT,0,1594870808.844134
CYL_PRES_STAT,0,1594870808.864675
CYL_PRES_STAT,0,1594870808.9669619
CYL_PRES_STAT,0,1594870808.975414
CYL_PRES_STAT,0,1594870808.9916642
CYL_PRES_STAT,0,1594870808.999788
CYL_PRES_STAT,0,1594870809.008203
CYL_PRES_STAT,0,1594870809.0201411
CYL_PRES_STAT,0,1594870809.028788
CYL_PRES_STAT,0,1594870809.0902288
CYL_PRES_STAT,0,1594870809.1020648
CYL_PRES_STAT,0,1594870809.155544
CYL_PRES_STAT,0,1594870809.163476
CYL_PRES_STAT,0,1594870809.172156
CYL_PRES_STAT,0,1594870809.1925411
CYL_PRES_STAT,0,1594870809.27836
CYL_PRES_STAT,0,1594870809.3397279
CYL_PRES_STAT,0,1594870809.351894
CYL_PRES_STAT,0,1594870809.4011114
CYL_PRES_STAT,0,1594870809.421574
CYL_PRES_STAT,0,1594870809.46655
CYL_PRES_STAT,0,1594870809.4749038
CYL_PRES_STAT,0,1594870809.483124
CYL_PRES_STAT,0,1594870809.5040462
CYL_PRES_STAT,0,1594870809.585889
CYL_PRES_STAT,0,1594870809.5976892
CYL_PRES_STAT,0,1594870809.6062562
CYL_PRES_STAT,0,1594870809.618058
CYL_PRES_STAT,0,1594870809.630464
CYL_PRES_STAT,0,1594870809.671478
CYL_PRES_STAT,0,1594870809.680118
CYL_PRES_STAT,0,1594870809.753397
CYL_PRES_STAT,0,1594870809.7621179
CYL_PRES_STAT,0,1594870809.7740731
CYL_PRES_STAT,0,1594870809.7943628
CYL_PRES_STAT,0,1594870809.9910452
CYL_PRES_STAT,0,1594870810.1055171
CYL_PRES_STAT,0,1594870810.187467
CYL_PRES_STAT,0,1594870810.228375
CYL_PRES_STAT,0,1594870810.2490966
CYL_PRES_STAT,0,1594870810.2612689
CYL_PRES_STAT,0,1594870810.278252
CYL_PRES_STAT,0,1594870810.2899468
CYL_PRES_STAT,0,1594870810.310316
CYL_PRES_STAT,0,1594870810.413151
CYL_PRES_STAT,0,1594870810.433548
CYL_PRES_STAT,0,1594870810.454338
CYL_PRES_STAT,0,1594870810.5192
CYL_PRES_STAT,0,1594870810.5397274
CYL_PRES_STAT,0,1594870810.560146
CYL_PRES_STAT,0,1594870810.5974731
CYL_PRES_STAT,0,1594870810.683149
CYL_PRES_STAT,0,1594870810.70357
CYL_PRES_STAT,0,1594870810.7855182
CYL_PRES_STAT,0,1594870810.8386922
CYL_PRES_STAT,0,1594870810.867788
CYL_PRES_STAT,0,1594870810.8919618
CYL_PRES_STAT,0,1594870810.900082
CYL_PRES_STAT,0,1594870810.908728
CYL_PRES_STAT,0,1594870810.920712
CYL_PRES_STAT,0,1594870810.929442
CYL_PRES_STAT,0,1594870811.035306
CYL_PRES_STAT,0,1594870811.055969
CYL_PRES_STAT,0,1594870811.076326
CYL_PRES_STAT,0,1594870811.084598
CYL_PRES_STAT,0,1594870811.105143
CYL_PRES_STAT,0,1594870811.158375
CYL_PRES_STAT,0,1594870811.1787012
CYL_PRES_STAT,0,1594870811.1992464
CYL_PRES_STAT,0,1594870811.281041
CYL_PRES_STAT,0,1594870811.310384
CYL_PRES_STAT,0,1594870811.322116
CYL_PRES_STAT,0,1594870811.375508
CYL_PRES_STAT,0,1594870811.3838148
CYL_PRES_STAT,0,1594870811.404289
CYL_PRES_STAT,0,1594870811.5068018
CYL_PRES_STAT,0,1594870811.530901
CYL_PRES_STAT,0,1594870811.6128306
CYL_PRES_STAT,0,1594870811.621887
CYL_PRES_STAT,0,1594870811.653824
CYL_PRES_STAT,0,1594870811.66609
CYL_PRES_STAT,0,1594870811.674402
CYL_PRES_STAT,0,1594870811.7647822
CYL_PRES_STAT,0,1594870811.776835
CYL_PRES_STAT,0,1594870811.801143
CYL_PRES_STAT,0,1594870811.806011
CYL_PRES_STAT,0,1594870811.817646
CYL_PRES_STAT,0,1594870811.829849
CYL_PRES_STAT,0,1594870811.838606
CYL_PRES_STAT,0,1594870811.850315
CYL_PRES_STAT,0,1594870811.858763
CYL_PRES_STAT,0,1594870811.891408
CYL_PRES_STAT,0,1594870811.9323711
CYL_PRES_STAT,0,1594870811.964996
CYL_PRES_STAT,0,1594870811.985544
CYL_PRES_STAT,0,1594870812.026499
CYL_PRES_STAT,0,1594870812.076271
CYL_PRES_STAT,0,1594870812.0879688
CYL_PRES_STAT,0,1594870812.1084
CYL_PRES_STAT,0,1594870812.149442
CYL_PRES_STAT,0,1594870812.158259
CYL_PRES_STAT,0,1594870812.169968
CYL_PRES_STAT,0,1594870812.23992
CYL_PRES_STAT,0,1594870812.272416
CYL_PRES_STAT,0,1594870812.325561
CYL_PRES_STAT,0,1594870812.4198024
CYL_PRES_STAT,0,1594870812.440376
CYL_PRES_STAT,0,1594870812.481071
CYL_PRES_STAT,0,1594870812.4897141
CYL_PRES_STAT,0,1594870812.53037
CYL_PRES_STAT,0,1594870812.5428061
CYL_PRES_STAT,0,1594870812.571987
CYL_PRES_STAT,0,1594870812.604073
CYL_PRES_STAT,0,1594870812.624563
CYL_PRES_STAT,0,1594870812.6655018
CYL_PRES_STAT,0,1594870812.727317
CYL_PRES_STAT,0,1594870812.7392821
CYL_PRES_STAT,0,1594870812.789145
CYL_PRES_STAT,0,1594870812.882605
CYL_PRES_STAT,0,1594870812.9152892
CYL_PRES_STAT,0,1594870812.9357991
CYL_PRES_STAT,0,1594870813.0587034
CYL_PRES_STAT,0,1594870813.070909
CYL_PRES_STAT,0,1594870813.0791929
CYL_PRES_STAT,0,1594870813.099724
CYL_PRES_STAT,0,1594870813.234779
CYL_PRES_STAT,0,1594870813.243027
CYL_PRES_STAT,0,1594870813.2639391
CYL_PRES_STAT,0,1594870813.3494046
CYL_PRES_STAT,0,1594870813.36998
CYL_PRES_STAT,0,1594870813.390419
CYL_PRES_STAT,0,1594870813.4276636
CYL_PRES_STAT,0,1594870813.513249
CYL_PRES_STAT,0,1594870813.554434
CYL_PRES_STAT,0,1594870813.603644
CYL_PRES_STAT,0,1594870813.656697
CYL_PRES_STAT,0,1594870813.698139
CYL_PRES_STAT,0,1594870813.8004422
CYL_PRES_STAT,0,1594870813.845083
CYL_PRES_STAT,0,1594870813.8860002
CYL_PRES_STAT,0,1594870813.894274
CYL_PRES_STAT,0,1594870813.902857
CYL_PRES_STAT,0,1594870813.923307
CYL_PRES_STAT,0,1594870813.9351108
CYL_PRES_STAT,0,1594870813.967814
CYL_PRES_STAT,0,1594870813.976191
CYL_PRES_STAT,0,1594870813.988461
CYL_PRES_STAT,0,1594870814.008802
CYL_PRES_STAT,0,1594870814.029409
CYL_PRES_STAT,0,1594870814.070495
CYL_PRES_STAT,0,1594870814.152708
CYL_PRES_STAT,0,1594870814.1934688
CYL_PRES_STAT,0,1594870814.328374
CYL_PRES_STAT,0,1594870814.337156
CYL_PRES_STAT,0,1594870814.357502
CYL_PRES_STAT,0,1594870814.38155
CYL_PRES_STAT,0,1594870814.47205
CYL_PRES_STAT,0,1594870814.483983
CYL_PRES_STAT,0,1594870814.504586
CYL_PRES_STAT,0,1594870814.56602
CYL_PRES_STAT,0,1594870814.60691
CYL_PRES_STAT,0,1594870814.615485
CYL_PRES_STAT,0,1594870814.6478288
CYL_PRES_STAT,0,1594870814.8567061
CYL_PRES_STAT,0,1594870814.918128
CYL_PRES_STAT,0,1594870814.96762
CYL_PRES_STAT,0,1594870814.979594
CYL_PRES_STAT,0,1594870815.0000682
CYL_PRES_STAT,0,1594870815.0533788
CYL_PRES_STAT,0,1594870815.0615609
CYL_PRES_STAT,0,1594870815.102684
CYL_PRES_STAT,0,1594870815.123551
CYL_PRES_STAT,0,1594870815.13519
CYL_PRES_STAT,0,1594870815.1439462
CYL_PRES_STAT,0,1594870815.2462802
CYL_PRES_STAT,0,1594870815.2908976
CYL_PRES_STAT,0,1594870815.3401392
CYL_PRES_STAT,0,1594870815.413785
CYL_PRES_STAT,0,1594870815.434288
CYL_PRES_STAT,0,1594870815.548904
CYL_PRES_STAT,0,1594870815.577576
CYL_PRES_STAT,0,1594870815.6393876
CYL_PRES_STAT,0,1594870815.7008
CYL_PRES_STAT,0,1594870815.745438
CYL_PRES_STAT,0,1594870815.762301
CYL_PRES_STAT,0,1594870815.786601
CYL_PRES_STAT,0,1594870815.868695
CYL_PRES_STAT,0,1594870815.888833
CYL_PRES_STAT,0,1594870815.90929
CYL_PRES_STAT,0,1594870816.0327911
CYL_PRES_STAT,0,1594870816.0445302
CYL_PRES_STAT,0,1594870816.053494
CYL_PRES_STAT,0,1594870816.0735538
CYL_PRES_STAT,0,1594870816.1795962
CYL_PRES_STAT,0,1594870816.2001524
CYL_PRES_STAT,0,1594870816.216908
CYL_PRES_STAT,0,1594870816.302485
CYL_PRES_STAT,0,1594870816.3843482
CYL_PRES_STAT,0,1594870816.404916
CYL_PRES_STAT,0,1594870816.507839
CYL_PRES_STAT,0,1594870816.5318801
CYL_PRES_STAT,0,1594870816.540121
CYL_PRES_STAT,0,1594870816.60157
CYL_PRES_STAT,0,1594870816.6220589
CYL_PRES_STAT,0,1594870816.630686
CYL_PRES_STAT,0,1594870816.695644
CYL_PRES_STAT,0,1594870816.70466
CYL_PRES_STAT,0,1594870816.716258
CYL_PRES_STAT,0,1594870816.765413
CYL_PRES_STAT,0,1594870816.786133
CYL_PRES_STAT,0,1594870816.798083
CYL_PRES_STAT,0,1594870816.8185608
CYL_PRES_STAT,0,1594870816.839047
CYL_PRES_STAT,0,1594870816.8594382
CYL_PRES_STAT,0,1594870816.8682072
CYL_PRES_STAT,0,1594870817.1502411
CYL_PRES_STAT,0,1594870817.170814
CYL_PRES_STAT,0,1594870817.220125
CYL_PRES_STAT,0,1594870817.3143618
CYL_PRES_STAT,0,1594870817.343648
CYL_PRES_STAT,0,1594870817.355192
CYL_PRES_STAT,0,1594870817.416668
CYL_PRES_STAT,0,1594870817.4372141
CYL_PRES_STAT,0,1594870817.449353
CYL_PRES_STAT,0,1594870817.458209
CYL_PRES_STAT,0,1594870817.478048
CYL_PRES_STAT,0,1594870817.560596
CYL_PRES_STAT,0,1594870817.584407
CYL_PRES_STAT,0,1594870817.6049461
CYL_PRES_STAT,0,1594870817.666401
CYL_PRES_STAT,0,1594870817.7278988
CYL_PRES_STAT,0,1594870817.748369
CYL_PRES_STAT,0,1594870817.7773302
CYL_PRES_STAT,0,1594870817.7893882
CYL_PRES_STAT,0,1594870817.809956
CYL_PRES_STAT,0,1594870817.8183892
CYL_PRES_STAT,0,1594870817.871507
CYL_PRES_STAT,0,1594870817.9331381
CYL_PRES_STAT,0,1594870817.9449954
CYL_PRES_STAT,0,1594870818.0391748
CYL_PRES_STAT,0,1594870818.059922
CYL_PRES_STAT,0,1594870818.0679722
CYL_PRES_STAT,0,1594870818.088396
CYL_PRES_STAT,0,1594870818.100518
CYL_PRES_STAT,0,1594870818.1210408
CYL_PRES_STAT,0,1594870818.1500301
CYL_PRES_STAT,0,1594870818.2035751
CYL_PRES_STAT,0,1594870818.22416
CYL_PRES_STAT,0,1594870818.2441962
CYL_PRES_STAT,0,1594870818.350348
CYL_PRES_STAT,0,1594870818.3590431
CYL_PRES_STAT,0,1594870818.371047
CYL_PRES_STAT,0,1594870818.399618
CYL_PRES_STAT,0,1594870818.408208
CYL_PRES_STAT,0,1594870818.440557
CYL_PRES_STAT,0,1594870818.502008
CYL_PRES_STAT,0,1594870818.563767
CYL_PRES_STAT,0,1594870818.57571
CYL_PRES_STAT,0,1594870818.637276
CYL_PRES_STAT,0,1594870818.678765
CYL_PRES_STAT,0,1594870818.805112
CYL_PRES_STAT,0,1594870818.813272
CYL_PRES_STAT,0,1594870818.8220851
CYL_PRES_STAT,0,1594870818.8459892
CYL_PRES_STAT,0,1594870818.854636
CYL_PRES_STAT,0,1594870818.866528
CYL_PRES_STAT,0,1594870818.8833852
CYL_PRES_STAT,0,1594870818.948361
CYL_PRES_STAT,0,1594870818.957143
CYL_PRES_STAT,0,1594870818.9687881
CYL_PRES_STAT,0,1594870818.997926
CYL_PRES_STAT,0,1594870819.00981
CYL_PRES_STAT,0,1594870819.018414
CYL_PRES_STAT,0,1594870819.1042292
CYL_PRES_STAT,0,1594870819.124552
CYL_PRES_STAT,0,1594870819.2392306
CYL_PRES_STAT,0,1594870819.300525
CYL_PRES_STAT,0,1594870819.3212821
CYL_PRES_STAT,0,1594870819.423592
CYL_PRES_STAT,0,1594870819.432172
CYL_PRES_STAT,0,1594870819.444055
CYL_PRES_STAT,0,1594870819.4645462
CYL_PRES_STAT,0,1594870819.5176811
CYL_PRES_STAT,0,1594870819.538218
CYL_PRES_STAT,0,1594870819.56725
CYL_PRES_STAT,0,1594870819.5878806
CYL_PRES_STAT,0,1594870819.599673
CYL_PRES_STAT,0,1594870819.611848
CYL_PRES_STAT,0,1594870819.734723
CYL_PRES_STAT,0,1594870819.7554688
CYL_PRES_STAT,0,1594870819.8495462
CYL_PRES_STAT,0,1594870819.858189
CYL_PRES_STAT,0,1594870819.87884
CYL_PRES_STAT,0,1594870819.9191418
CYL_PRES_STAT,0,1594870819.9724581
CYL_PRES_STAT,0,1594870820.005346
CYL_PRES_STAT,0,1594870820.148433
CYL_PRES_STAT,0,1594870820.177944
CYL_PRES_STAT,0,1594870820.189464
CYL_PRES_STAT,0,1594870820.31233
CYL_PRES_STAT,0,1594870820.333354
CYL_PRES_STAT,0,1594870820.345042
CYL_PRES_STAT,0,1594870820.354218
CYL_PRES_STAT,0,1594870820.37421
CYL_PRES_STAT,0,1594870820.4560359
CYL_PRES_STAT,0,1594870820.4802089
CYL_PRES_STAT,0,1594870820.500629
CYL_PRES_STAT,0,1594870820.5093286
CYL_PRES_STAT,0,1594870820.6032
CYL_PRES_STAT,0,1594870820.612011
CYL_PRES_STAT,0,1594870820.6235678
CYL_PRES_STAT,0,1594870820.6441321
CYL_PRES_STAT,0,1594870820.6769204
CYL_PRES_STAT,0,1594870820.685086
CYL_PRES_STAT,0,1594870820.747006
CYL_PRES_STAT,0,1594870820.7588642
CYL_PRES_STAT,0,1594870820.7881012
CYL_PRES_STAT,0,1594870820.7996461
CYL_PRES_STAT,0,1594870820.808521
CYL_PRES_STAT,0,1594870820.9349918
CYL_PRES_STAT,0,1594870820.9554038
CYL_PRES_STAT,0,1594870820.9963212
CYL_PRES_STAT,0,1594870821.2053518
CYL_PRES_STAT,0,1594870821.2256598
CYL_PRES_STAT,0,1594870821.2461991
CYL_PRES_STAT,0,1594870821.2630882
CYL_PRES_STAT,0,1594870821.274915
CYL_PRES_STAT,0,1594870821.283387
CYL_PRES_STAT,0,1594870821.348474
CYL_PRES_STAT,0,1594870821.37756
CYL_PRES_STAT,0,1594870821.3894908
CYL_PRES_STAT,0,1594870821.5042038
CYL_PRES_STAT,0,1594870821.512707
CYL_PRES_STAT,0,1594870821.5744598
CYL_PRES_STAT,0,1594870821.586105
CYL_PRES_STAT,0,1594870821.6562078
CYL_PRES_STAT,0,1594870821.697226
CYL_PRES_STAT,0,1594870821.811779
CYL_PRES_STAT,0,1594870821.8237019
CYL_PRES_STAT,0,1594870821.832275
CYL_PRES_STAT,0,1594870821.844247
CYL_PRES_STAT,0,1594870821.865024
CYL_PRES_STAT,0,1594870821.90567
CYL_PRES_STAT,0,1594870821.9469972
CYL_PRES_STAT,0,1594870821.966944
CYL_PRES_STAT,0,1594870822.020192
CYL_PRES_STAT,0,1594870822.028702
CYL_PRES_STAT,0,1594870822.114463
CYL_PRES_STAT,0,1594870822.1349301
CYL_PRES_STAT,0,1594870822.155333
CYL_PRES_STAT,0,1594870822.164097
CYL_PRES_STAT,0,1594870822.184565
CYL_PRES_STAT,0,1594870822.19635
CYL_PRES_STAT,0,1594870822.258225
CYL_PRES_STAT,0,1594870822.372601
CYL_PRES_STAT,0,1594870822.40182
CYL_PRES_STAT,0,1594870822.413448
CYL_PRES_STAT,0,1594870822.422109
CYL_PRES_STAT,0,1594870822.446196
CYL_PRES_STAT,0,1594870822.463049
CYL_PRES_STAT,0,1594870822.4871626
CYL_PRES_STAT,0,1594870822.548463
CYL_PRES_STAT,0,1594870822.57756
CYL_PRES_STAT,0,1594870822.5895789
CYL_PRES_STAT,0,1594870822.712777
CYL_PRES_STAT,0,1594870822.7333078
CYL_PRES_STAT,0,1594870822.7452881
CYL_PRES_STAT,0,1594870822.765708
CYL_PRES_STAT,0,1594870822.7742
CYL_PRES_STAT,0,1594870822.786258
CYL_PRES_STAT,0,1594870822.80669
CYL_PRES_STAT,0,1594870822.815233
CYL_PRES_STAT,0,1594870822.856139
CYL_PRES_STAT,0,1594870822.888886
CYL_PRES_STAT,0,1594870822.897225
CYL_PRES_STAT,0,1594870822.90907
CYL_PRES_STAT,0,1594870822.921421
CYL_PRES_STAT,0,1594870822.979127
CYL_PRES_STAT,0,1594870823.0324512
CYL_PRES_STAT,0,1594870823.158775
CYL_PRES_STAT,0,1594870823.2083688
CYL_PRES_STAT,0,1594870823.3230796
CYL_PRES_STAT,0,1594870823.33507
CYL_PRES_STAT,0,1594870823.363756
CYL_PRES_STAT,0,1594870823.3840792
CYL_PRES_STAT,0,1594870823.3964126
CYL_PRES_STAT,0,1594870823.416826
CYL_PRES_STAT,0,1594870823.458104
CYL_PRES_STAT,0,1594870823.478357
CYL_PRES_STAT,0,1594870823.490804
CYL_PRES_STAT,0,1594870823.50735
CYL_PRES_STAT,0,1594870823.519547
CYL_PRES_STAT,0,1594870823.5398989
CYL_PRES_STAT,0,1594870823.601576
CYL_PRES_STAT,0,1594870823.625835
CYL_PRES_STAT,0,1594870823.6429946
CYL_PRES_STAT,0,1594870823.654662
CYL_PRES_STAT,0,1594870823.7041762
CYL_PRES_STAT,0,1594870823.7694118
CYL_PRES_STAT,0,1594870823.797848
CYL_PRES_STAT,0,1594870823.810265
CYL_PRES_STAT,0,1594870823.818878
CYL_PRES_STAT,0,1594870823.8716948
CYL_PRES_STAT,0,1594870823.9045029
CYL_PRES_STAT,0,1594870823.953852
CYL_PRES_STAT,0,1594870823.974633
CYL_PRES_STAT,0,1594870823.986305
CYL_PRES_STAT,0,1594870824.0803974
CYL_PRES_STAT,0,1594870824.18276
CYL_PRES_STAT,0,1594870824.2034822
CYL_PRES_STAT,0,1594870824.223789
CYL_PRES_STAT,0,1594870824.2324939
CYL_PRES_STAT,0,1594870824.2442858
CYL_PRES_STAT,0,1594870824.314251
CYL_PRES_STAT,0,1594870824.347162
CYL_PRES_STAT,0,1594870824.371299
CYL_PRES_STAT,0,1594870824.4085538
CYL_PRES_STAT,0,1594870824.5228648
CYL_PRES_STAT,0,1594870824.535018
CYL_PRES_STAT,0,1594870824.5555918
CYL_PRES_STAT,0,1594870824.6580179
CYL_PRES_STAT,0,1594870824.719542
CYL_PRES_STAT,0,1594870824.752008
CYL_PRES_STAT,0,1594870824.7609642
CYL_PRES_STAT,0,1594870824.801738
CYL_PRES_STAT,0,1594870824.8429034
CYL_PRES_STAT,0,1594870824.9365716
CYL_PRES_STAT,0,1594870825.1538482
CYL_PRES_STAT,0,1594870825.174165
CYL_PRES_STAT,0,1594870825.259933
CYL_PRES_STAT,0,1594870825.276744
CYL_PRES_STAT,0,1594870825.3009114
CYL_PRES_STAT,0,1594870825.309319
CYL_PRES_STAT,0,1594870825.370615
CYL_PRES_STAT,0,1594870825.4034402
CYL_PRES_STAT,0,1594870825.432425
CYL_PRES_STAT,0,1594870825.485282
CYL_PRES_STAT,0,1594870825.514493
CYL_PRES_STAT,0,1594870825.5468512
CYL_PRES_STAT,0,1594870825.5881538
CYL_PRES_STAT,0,1594870825.608917
CYL_PRES_STAT,0,1594870825.735036
CYL_PRES_STAT,0,1594870825.755575
CYL_PRES_STAT,0,1594870825.77618
CYL_PRES_STAT,0,1594870825.85841
CYL_PRES_STAT,0,1594870825.8789592
CYL_PRES_STAT,0,1594870825.8907108
CYL_PRES_STAT,0,1594870825.899408
CYL_PRES_STAT,0,1594870825.9195971
CYL_PRES_STAT,0,1594870825.960431
CYL_PRES_STAT,0,1594870826.001434
CYL_PRES_STAT,0,1594870826.034122
CYL_PRES_STAT,0,1594870826.066777
CYL_PRES_STAT,0,1594870826.1045802
CYL_PRES_STAT,0,1594870826.148908
CYL_PRES_STAT,0,1594870826.1691751
CYL_PRES_STAT,0,1594870826.1898088
CYL_PRES_STAT,0,1594870826.260008
CYL_PRES_STAT,0,1594870826.3126981
CYL_PRES_STAT,0,1594870826.321165
CYL_PRES_STAT,0,1594870826.3542662
CYL_PRES_STAT,0,1594870826.415384
CYL_PRES_STAT,0,1594870826.468343
CYL_PRES_STAT,0,1594870826.4804802
CYL_PRES_STAT,0,1594870826.624183
CYL_PRES_STAT,0,1594870826.6362731
CYL_PRES_STAT,0,1594870826.6445296
CYL_PRES_STAT,0,1594870826.6652539
CYL_PRES_STAT,0,1594870826.685367
CYL_PRES_STAT,0,1594870826.693989
CYL_PRES_STAT,0,1594870826.705974
CYL_PRES_STAT,0,1594870826.7262619
CYL_PRES_STAT,0,1594870826.746814
CYL_PRES_STAT,0,1594870826.771328
CYL_PRES_STAT,0,1594870826.7795806
CYL_PRES_STAT,0,1594870826.788407
CYL_PRES_STAT,0,1594870826.800013
CYL_PRES_STAT,0,1594870826.808642
CYL_PRES_STAT,0,1594870826.9023418
CYL_PRES_STAT,0,1594870826.911257
CYL_PRES_STAT,0,1594870826.935211
CYL_PRES_STAT,0,1594870826.976306
CYL_PRES_STAT,0,1594870827.0498369
CYL_PRES_STAT,0,1594870827.2016606
CYL_PRES_STAT,0,1594870827.226049
CYL_PRES_STAT,0,1594870827.234139
CYL_PRES_STAT,0,1594870827.243011
CYL_PRES_STAT,0,1594870827.263515
CYL_PRES_STAT,0,1594870827.3570359
CYL_PRES_STAT,0,1594870827.369243
CYL_PRES_STAT,0,1594870827.377661
CYL_PRES_STAT,0,1594870827.398432
CYL_PRES_STAT,0,1594870827.41041
CYL_PRES_STAT,0,1594870827.533644
CYL_PRES_STAT,0,1594870827.5454519
CYL_PRES_STAT,0,1594870827.5540106
CYL_PRES_STAT,0,1594870827.57466
CYL_PRES_STAT,0,1594870827.615527
CYL_PRES_STAT,0,1594870827.627388
CYL_PRES_STAT,0,1594870827.647744
CYL_PRES_STAT,0,1594870827.660158
CYL_PRES_STAT,0,1594870827.680588
CYL_PRES_STAT,0,1594870827.729855
CYL_PRES_STAT,0,1594870827.8121972
CYL_PRES_STAT,0,1594870827.865037
CYL_PRES_STAT,0,1594870827.87728
CYL_PRES_STAT,0,1594870827.9469461
CYL_PRES_STAT,0,1594870827.9880474
CYL_PRES_STAT,0,1594870828.00864
CYL_PRES_STAT,0,1594870828.070358
CYL_PRES_STAT,0,1594870828.114717
CYL_PRES_STAT,0,1594870828.127009
CYL_PRES_STAT,0,1594870828.1353018
CYL_PRES_STAT,0,1594870828.143465
CYL_PRES_STAT,0,1594870828.1558619
CYL_PRES_STAT,0,1594870828.1762822
CYL_PRES_STAT,0,1594870828.1966891
CYL_PRES_STAT,0,1594870828.246197
CYL_PRES_STAT,0,1594870828.258133
CYL_PRES_STAT,0,1594870828.278949
CYL_PRES_STAT,0,1594870828.307671
CYL_PRES_STAT,0,1594870828.31959
CYL_PRES_STAT,0,1594870828.3606439
CYL_PRES_STAT,0,1594870828.4019024
CYL_PRES_STAT,0,1594870828.426223
CYL_PRES_STAT,0,1594870828.446486
CYL_PRES_STAT,0,1594870828.4838028
CYL_PRES_STAT,0,1594870828.549077
CYL_PRES_STAT,0,1594870828.557308
CYL_PRES_STAT,0,1594870828.569463
CYL_PRES_STAT,0,1594870828.733542
CYL_PRES_STAT,0,1594870828.754081
CYL_PRES_STAT,0,1594870828.856627
CYL_PRES_STAT,0,1594870828.86846
CYL_PRES_STAT,0,1594870828.880641
CYL_PRES_STAT,0,1594870828.9830449
CYL_PRES_STAT,0,1594870828.99161
CYL_PRES_STAT,0,1594870829.0326278
CYL_PRES_STAT,0,1594870829.0856042
CYL_PRES_STAT,0,1594870829.1264482
CYL_PRES_STAT,0,1594870829.14695
CYL_PRES_STAT,0,1594870829.171592
CYL_PRES_STAT,0,1594870829.1883678
CYL_PRES_STAT,0,1594870829.24125
CYL_PRES_STAT,0,1594870829.31134
CYL_PRES_STAT,0,1594870829.3230221
CYL_PRES_STAT,0,1594870829.364519
CYL_PRES_STAT,0,1594870829.376183
CYL_PRES_STAT,0,1594870829.396723
CYL_PRES_STAT,0,1594870829.437855
CYL_PRES_STAT,0,1594870829.449975
CYL_PRES_STAT,0,1594870829.5402398
CYL_PRES_STAT,0,1594870829.581395
CYL_PRES_STAT,0,1594870829.614152
CYL_PRES_STAT,0,1594870829.626364
CYL_PRES_STAT,0,1594870829.6342812
CYL_PRES_STAT,0,1594870829.6430056
CYL_PRES_STAT,0,1594870829.6634462
CYL_PRES_STAT,0,1594870829.749008
CYL_PRES_STAT,0,1594870829.76961
CYL_PRES_STAT,0,1594870829.7900279
CYL_PRES_STAT,0,1594870829.9008741
CYL_PRES_STAT,0,1594870829.9128554
CYL_PRES_STAT,0,1594870829.9333901
CYL_PRES_STAT,0,1594870829.9456038
CYL_PRES_STAT,0,1594870829.953968
CYL_PRES_STAT,0,1594870829.986722
CYL_PRES_STAT,0,1594870830.0276241
CYL_PRES_STAT,0,1594870830.036433
CYL_PRES_STAT,0,1594870830.08075
CYL_PRES_STAT,0,1594870830.121623
CYL_PRES_STAT,0,1594870830.183288
CYL_PRES_STAT,0,1594870830.211901
CYL_PRES_STAT,0,1594870830.2446911
CYL_PRES_STAT,0,1594870830.265114
CYL_PRES_STAT,0,1594870830.273607
CYL_PRES_STAT,0,1594870830.285708
CYL_PRES_STAT,0,1594870830.346994
CYL_PRES_STAT,0,1594870830.388903
CYL_PRES_STAT,0,1594870830.514994
CYL_PRES_STAT,0,1594870830.535365
CYL_PRES_STAT,0,1594870830.5642881
CYL_PRES_STAT,0,1594870830.576544
CYL_PRES_STAT,0,1594870830.6584358
CYL_PRES_STAT,0,1594870830.6667762
CYL_PRES_STAT,0,1594870830.678782
CYL_PRES_STAT,0,1594870830.687607
CYL_PRES_STAT,0,1594870830.699314
CYL_PRES_STAT,0,1594870830.7853222
CYL_PRES_STAT,0,1594870830.789568
CYL_PRES_STAT,0,1594870830.805708
CYL_PRES_STAT,0,1594870830.8138359
CYL_PRES_STAT,0,1594870830.822452
CYL_PRES_STAT,0,1594870830.88757
CYL_PRES_STAT,0,1594870831.100949
CYL_PRES_STAT,0,1594870831.1334
CYL_PRES_STAT,0,1594870831.154049
CYL_PRES_STAT,0,1594870831.174891
CYL_PRES_STAT,0,1594870831.2362912
CYL_PRES_STAT,0,1594870831.25662
CYL_PRES_STAT,0,1594870831.2685282
CYL_PRES_STAT,0,1594870831.2772279
CYL_PRES_STAT,0,1594870831.383117
CYL_PRES_STAT,0,1594870831.403795
CYL_PRES_STAT,0,1594870831.4241366
CYL_PRES_STAT,0,1594870831.436595
CYL_PRES_STAT,0,1594870831.4652438
CYL_PRES_STAT,0,1594870831.547621
CYL_PRES_STAT,0,1594870831.579773
CYL_PRES_STAT,0,1594870831.5883539
CYL_PRES_STAT,0,1594870831.6087189
CYL_PRES_STAT,0,1594870831.629477
CYL_PRES_STAT,0,1594870831.641312
CYL_PRES_STAT,0,1594870831.66174
CYL_PRES_STAT,0,1594870831.6823
CYL_PRES_STAT,0,1594870831.715013
CYL_PRES_STAT,0,1594870831.735425
CYL_PRES_STAT,0,1594870831.7559512
CYL_PRES_STAT,0,1594870831.764536
CYL_PRES_STAT,0,1594870831.8258882
CYL_PRES_STAT,0,1594870831.8378649
CYL_PRES_STAT,0,1594870831.846498
CYL_PRES_STAT,0,1594870831.878867
CYL_PRES_STAT,0,1594870831.8994029
CYL_PRES_STAT,0,1594870832.005758
CYL_PRES_STAT,0,1594870832.026282
CYL_PRES_STAT,0,1594870832.034349
CYL_PRES_STAT,0,1594870832.04303
CYL_PRES_STAT,0,1594870832.0671208
CYL_PRES_STAT,0,1594870832.104741
CYL_PRES_STAT,0,1594870832.1491768
CYL_PRES_STAT,0,1594870832.169675
CYL_PRES_STAT,0,1594870832.178412
CYL_PRES_STAT,0,1594870832.239834
CYL_PRES_STAT,0,1594870832.3136039
CYL_PRES_STAT,0,1594870832.345688
CYL_PRES_STAT,0,1594870832.4399312
CYL_PRES_STAT,0,1594870832.4604511
CYL_PRES_STAT,0,1594870832.489175
CYL_PRES_STAT,0,1594870832.497708
CYL_PRES_STAT,0,1594870832.5710678
CYL_PRES_STAT,0,1594870832.583246
CYL_PRES_STAT,0,1594870832.603786
CYL_PRES_STAT,0,1594870832.6446972
CYL_PRES_STAT,0,1594870832.665301
CYL_PRES_STAT,0,1594870832.759563
CYL_PRES_STAT,0,1594870832.768148
CYL_PRES_STAT,0,1594870832.7887971
CYL_PRES_STAT,0,1594870832.923306
CYL_PRES_STAT,0,1594870832.964271
CYL_PRES_STAT,0,1594870832.97663
CYL_PRES_STAT,0,1594870832.984791
CYL_PRES_STAT,0,1594870832.9969964
CYL_PRES_STAT,0,1594870833.0586689
CYL_PRES_STAT,0,1594870833.09133
CYL_PRES_STAT,0,1594870833.160908
CYL_PRES_STAT,0,1594870833.185466
CYL_PRES_STAT,0,1594870833.2020106
CYL_PRES_STAT,0,1594870833.22278
CYL_PRES_STAT,0,1594870833.255035
CYL_PRES_STAT,0,1594870833.2637231
CYL_PRES_STAT,0,1594870833.284092
CYL_PRES_STAT,0,1594870833.340971
CYL_PRES_STAT,0,1594870833.3575194
CYL_PRES_STAT,0,1594870833.369668
CYL_PRES_STAT,0,1594870833.390176
CYL_PRES_STAT,0,1594870833.513119
CYL_PRES_STAT,0,1594870833.5338619
CYL_PRES_STAT,0,1594870833.554368
CYL_PRES_STAT,0,1594870833.660467
CYL_PRES_STAT,0,1594870833.6689112
CYL_PRES_STAT,0,1594870833.680941
CYL_PRES_STAT,0,1594870833.783367
CYL_PRES_STAT,0,1594870833.8040109
CYL_PRES_STAT,0,1594870833.824754
CYL_PRES_STAT,0,1594870833.836718
CYL_PRES_STAT,0,1594870833.844764
CYL_PRES_STAT,0,1594870833.865411
CYL_PRES_STAT,0,1594870833.947177
CYL_PRES_STAT,0,1594870833.968153
CYL_PRES_STAT,0,1594870834.02102
CYL_PRES_STAT,0,1594870834.0618508
CYL_PRES_STAT,0,1594870834.082488
CYL_PRES_STAT,0,1594870834.156124
CYL_PRES_STAT,0,1594870834.16432
CYL_PRES_STAT,0,1594870834.176507
CYL_PRES_STAT,0,1594870834.278975
CYL_PRES_STAT,0,1594870834.299551
CYL_PRES_STAT,0,1594870834.3525698
CYL_PRES_STAT,0,1594870834.360984
CYL_PRES_STAT,0,1594870834.4059439
CYL_PRES_STAT,0,1594870834.414492
CYL_PRES_STAT,0,1594870834.426358
CYL_PRES_STAT,0,1594870834.4344962
CYL_PRES_STAT,0,1594870834.4431381
CYL_PRES_STAT,0,1594870834.4638028
CYL_PRES_STAT,0,1594870834.4841046
CYL_PRES_STAT,0,1594870834.549374
CYL_PRES_STAT,0,1594870834.6070988
CYL_PRES_STAT,0,1594870834.713602
CYL_PRES_STAT,0,1594870834.734074
CYL_PRES_STAT,0,1594870834.7750762
CYL_PRES_STAT,0,1594870834.848234
CYL_PRES_STAT,0,1594870834.856822
CYL_PRES_STAT,0,1594870834.897855
CYL_PRES_STAT,0,1594870834.9507039
CYL_PRES_STAT,0,1594870835.106407
CYL_PRES_STAT,0,1594870835.1477869
CYL_PRES_STAT,0,1594870835.159667
CYL_PRES_STAT,0,1594870835.168106
CYL_PRES_STAT,0,1594870835.315257
CYL_PRES_STAT,0,1594870835.3240821
CYL_PRES_STAT,0,1594870835.335737
CYL_PRES_STAT,0,1594870835.356135
CYL_PRES_STAT,0,1594870835.384953
CYL_PRES_STAT,0,1594870835.397123
CYL_PRES_STAT,0,1594870835.437979
CYL_PRES_STAT,0,1594870835.458924
CYL_PRES_STAT,0,1594870835.4795444
CYL_PRES_STAT,0,1594870835.491439
CYL_PRES_STAT,0,1594870835.5490642
CYL_PRES_STAT,0,1594870835.581965
CYL_PRES_STAT,0,1594870835.6551962
CYL_PRES_STAT,0,1594870835.7253
CYL_PRES_STAT,0,1594870835.737121
CYL_PRES_STAT,0,1594870835.74563
CYL_PRES_STAT,0,1594870835.7902892
CYL_PRES_STAT,0,1594870835.8809018
CYL_PRES_STAT,0,1594870835.901264
CYL_PRES_STAT,0,1594870835.9131851
CYL_PRES_STAT,0,1594870835.934
CYL_PRES_STAT,0,1594870835.954467
CYL_PRES_STAT,0,1594870836.03666
CYL_PRES_STAT,0,1594870836.0606024
CYL_PRES_STAT,0,1594870836.0688794
CYL_PRES_STAT,0,1594870836.081098
CYL_PRES_STAT,0,1594870836.183388
CYL_PRES_STAT,0,1594870836.2246988
CYL_PRES_STAT,0,1594870836.23314
CYL_PRES_STAT,0,1594870836.244892
CYL_PRES_STAT,0,1594870836.347832
CYL_PRES_STAT,0,1594870836.3800588
CYL_PRES_STAT,0,1594870836.3887632
CYL_PRES_STAT,0,1594870836.441578
CYL_PRES_STAT,0,1594870836.482589
CYL_PRES_STAT,0,1594870836.491374
CYL_PRES_STAT,0,1594870836.535664
CYL_PRES_STAT,0,1594870836.585006
CYL_PRES_STAT,0,1594870836.5972009
CYL_PRES_STAT,0,1594870836.63816
CYL_PRES_STAT,0,1594870836.658654
CYL_PRES_STAT,0,1594870836.6792538
CYL_PRES_STAT,0,1594870836.793793
CYL_PRES_STAT,0,1594870836.8141818
CYL_PRES_STAT,0,1594870836.8229034
CYL_PRES_STAT,0,1594870836.843394
CYL_PRES_STAT,0,1594870836.863777
CYL_PRES_STAT,0,1594870837.113305
CYL_PRES_STAT,0,1594870837.1747198
CYL_PRES_STAT,0,1594870837.2160711
CYL_PRES_STAT,0,1594870837.2369568
CYL_PRES_STAT,0,1594870837.260736
CYL_PRES_STAT,0,1594870837.350765
CYL_PRES_STAT,0,1594870837.383573
CYL_PRES_STAT,0,1594870837.392202
CYL_PRES_STAT,0,1594870837.404006
CYL_PRES_STAT,0,1594870837.4247868
CYL_PRES_STAT,0,1594870837.433203
CYL_PRES_STAT,0,1594870837.4450374
CYL_PRES_STAT,0,1594870837.46561
CYL_PRES_STAT,0,1594870837.54738
CYL_PRES_STAT,0,1594870837.5596216
CYL_PRES_STAT,0,1594870837.567919
CYL_PRES_STAT,0,1594870837.576442
CYL_PRES_STAT,0,1594870837.621264
CYL_PRES_STAT,0,1594870837.629683
CYL_PRES_STAT,0,1594870837.694716
CYL_PRES_STAT,0,1594870837.7153609
CYL_PRES_STAT,0,1594870837.7238688
CYL_PRES_STAT,0,1594870837.735976
CYL_PRES_STAT,0,1594870837.744102
CYL_PRES_STAT,0,1594870837.7528682
CYL_PRES_STAT,0,1594870837.776822
CYL_PRES_STAT,0,1594870837.8382
CYL_PRES_STAT,0,1594870837.8671699
CYL_PRES_STAT,0,1594870837.879186
CYL_PRES_STAT,0,1594870837.928685
CYL_PRES_STAT,0,1594870837.9492538
CYL_PRES_STAT,0,1594870837.9856448
CYL_PRES_STAT,0,1594870837.9936829
CYL_PRES_STAT,0,1594870838.0024278
CYL_PRES_STAT,0,1594870838.0471108
CYL_PRES_STAT,0,1594870838.169952
CYL_PRES_STAT,0,1594870838.19061
CYL_PRES_STAT,0,1594870838.281086
CYL_PRES_STAT,0,1594870838.305213
CYL_PRES_STAT,0,1594870838.3132849
CYL_PRES_STAT,0,1594870838.333786
CYL_PRES_STAT,0,1594870838.354302
CYL_PRES_STAT,0,1594870838.407489
CYL_PRES_STAT,0,1594870838.427995
CYL_PRES_STAT,0,1594870838.4367614
CYL_PRES_STAT,0,1594870838.460841
CYL_PRES_STAT,0,1594870838.4896152
CYL_PRES_STAT,0,1594870838.4980881
CYL_PRES_STAT,0,1594870838.518605
CYL_PRES_STAT,0,1594870838.579936
CYL_PRES_STAT,0,1594870838.604082
CYL_PRES_STAT,0,1594870838.6246939
CYL_PRES_STAT,0,1594870838.6368382
CYL_PRES_STAT,0,1594870838.653923
CYL_PRES_STAT,0,1594870838.674432
CYL_PRES_STAT,0,1594870838.686176
CYL_PRES_STAT,0,1594870838.751411
CYL_PRES_STAT,0,1594870838.756006
CYL_PRES_STAT,0,1594870838.7679448
CYL_PRES_STAT,0,1594870838.8006122
CYL_PRES_STAT,0,1594870838.882713
CYL_PRES_STAT,0,1594870838.891226
CYL_PRES_STAT,0,1594870838.96452
CYL_PRES_STAT,0,1594870839.0468411
CYL_PRES_STAT,0,1594870839.05882
CYL_PRES_STAT,0,1594870839.206354
CYL_PRES_STAT,0,1594870839.214362
CYL_PRES_STAT,0,1594870839.226589
CYL_PRES_STAT,0,1594870839.255331
CYL_PRES_STAT,0,1594870839.2639651
CYL_PRES_STAT,0,1594870839.3495524
CYL_PRES_STAT,0,1594870839.357965
CYL_PRES_STAT,0,1594870839.370132
CYL_PRES_STAT,0,1594870839.3787339
CYL_PRES_STAT,0,1594870839.3906794
CYL_PRES_STAT,0,1594870839.4314392
CYL_PRES_STAT,0,1594870839.472608
CYL_PRES_STAT,0,1594870839.493383
CYL_PRES_STAT,0,1594870839.533865
CYL_PRES_STAT,0,1594870839.554585
CYL_PRES_STAT,0,1594870839.640344
CYL_PRES_STAT,0,1594870839.681236
CYL_PRES_STAT,0,1594870839.7509232
CYL_PRES_STAT,0,1594870839.804367
CYL_PRES_STAT,0,1594870839.824692
CYL_PRES_STAT,0,1594870839.854052
CYL_PRES_STAT,0,1594870839.8742962
CYL_PRES_STAT,0,1594870839.906616
CYL_PRES_STAT,0,1594870839.936048
CYL_PRES_STAT,0,1594870839.94758
CYL_PRES_STAT,0,1594870839.9801989
CYL_PRES_STAT,0,1594870840.000661
CYL_PRES_STAT,0,1594870840.0950909
CYL_PRES_STAT,0,1594870840.1155221
CYL_PRES_STAT,0,1594870840.135932
CYL_PRES_STAT,0,1594870840.2383811
CYL_PRES_STAT,0,1594870840.25907
CYL_PRES_STAT,0,1594870840.299765
CYL_PRES_STAT,0,1594870840.381737
CYL_PRES_STAT,0,1594870840.3938642
CYL_PRES_STAT,0,1594870840.484523
CYL_PRES_STAT,0,1594870840.570335
CYL_PRES_STAT,0,1594870840.713932
CYL_PRES_STAT,0,1594870840.73399
CYL_PRES_STAT,0,1594870840.754466
CYL_PRES_STAT,0,1594870840.836668
CYL_PRES_STAT,0,1594870840.8574662
CYL_PRES_STAT,0,1594870840.8692448
CYL_PRES_STAT,0,1594870840.8780758
CYL_PRES_STAT,0,1594870841.012464
CYL_PRES_STAT,0,1594870841.024889
CYL_PRES_STAT,0,1594870841.033296
CYL_PRES_STAT,0,1594870841.127748
CYL_PRES_STAT,0,1594870841.159884
CYL_PRES_STAT,0,1594870841.168198
CYL_PRES_STAT,0,1594870841.1885939
CYL_PRES_STAT,0,1594870841.200717
CYL_PRES_STAT,0,1594870841.274697
CYL_PRES_STAT,0,1594870841.2828622
CYL_PRES_STAT,0,1594870841.3155358
CYL_PRES_STAT,0,1594870841.335979
CYL_PRES_STAT,0,1594870841.3851929
CYL_PRES_STAT,0,1594870841.43866
CYL_PRES_STAT,0,1594870841.4506311
CYL_PRES_STAT,0,1594870841.4793909
CYL_PRES_STAT,0,1594870841.553175
CYL_PRES_STAT,0,1594870841.602584
CYL_PRES_STAT,0,1594870841.614492
CYL_PRES_STAT,0,1594870841.623137
CYL_PRES_STAT,0,1594870841.647191
CYL_PRES_STAT,0,1594870841.716877
CYL_PRES_STAT,0,1594870841.729264
CYL_PRES_STAT,0,1594870841.7788632
CYL_PRES_STAT,0,1594870841.831649
CYL_PRES_STAT,0,1594870841.8606071
CYL_PRES_STAT,0,1594870841.872656
CYL_PRES_STAT,0,1594870841.893144
CYL_PRES_STAT,0,1594870841.954807
CYL_PRES_STAT,0,1594870841.975059
CYL_PRES_STAT,0,1594870842.0201
CYL_PRES_STAT,0,1594870842.028207
CYL_PRES_STAT,0,1594870842.0813382
CYL_PRES_STAT,0,1594870842.171514
CYL_PRES_STAT,0,1594870842.204333
CYL_PRES_STAT,0,1594870842.2330039
CYL_PRES_STAT,0,1594870842.2453802
CYL_PRES_STAT,0,1594870842.315427
CYL_PRES_STAT,0,1594870842.3272364
CYL_PRES_STAT,0,1594870842.3477302
CYL_PRES_STAT,0,1594870842.4094849
CYL_PRES_STAT,0,1594870842.470911
CYL_PRES_STAT,0,1594870842.49504
CYL_PRES_STAT,0,1594870842.515614
CYL_PRES_STAT,0,1594870842.524443
CYL_PRES_STAT,0,1594870842.536115
CYL_PRES_STAT,0,1594870842.5648482
CYL_PRES_STAT,0,1594870842.5770302
CYL_PRES_STAT,0,1594870842.60599
CYL_PRES_STAT,0,1594870842.6179779
CYL_PRES_STAT,0,1594870842.626564
CYL_PRES_STAT,0,1594870842.638418
CYL_PRES_STAT,0,1594870842.658886
CYL_PRES_STAT,0,1594870842.732575
CYL_PRES_STAT,0,1594870842.7620199
CYL_PRES_STAT,0,1594870842.773646
CYL_PRES_STAT,0,1594870842.7819376
CYL_PRES_STAT,0,1594870842.8847132
CYL_PRES_STAT,0,1594870842.916967
CYL_PRES_STAT,0,1594870843.093507
CYL_PRES_STAT,0,1594870843.105536
CYL_PRES_STAT,0,1594870843.1136909
CYL_PRES_STAT,0,1594870843.134542
CYL_PRES_STAT,0,1594870843.1550028
CYL_PRES_STAT,0,1594870843.196065
CYL_PRES_STAT,0,1594870843.2164102
CYL_PRES_STAT,0,1594870843.228182
CYL_PRES_STAT,0,1594870843.240784
CYL_PRES_STAT,0,1594870843.248744
CYL_PRES_STAT,0,1594870843.3428519
CYL_PRES_STAT,0,1594870843.36341
CYL_PRES_STAT,0,1594870843.384245
CYL_PRES_STAT,0,1594870843.392134
CYL_PRES_STAT,0,1594870843.404356
CYL_PRES_STAT,0,1594870843.445332
CYL_PRES_STAT,0,1594870843.507387
CYL_PRES_STAT,0,1594870843.51919
CYL_PRES_STAT,0,1594870843.527742
CYL_PRES_STAT,0,1594870843.560124
CYL_PRES_STAT,0,1594870843.6541598
CYL_PRES_STAT,0,1594870843.6747806
CYL_PRES_STAT,0,1594870843.6828961
CYL_PRES_STAT,0,1594870843.703394
CYL_PRES_STAT,0,1594870843.715646
CYL_PRES_STAT,0,1594870843.736117
CYL_PRES_STAT,0,1594870843.962085
CYL_PRES_STAT,0,1594870843.9859898
CYL_PRES_STAT,0,1594870844.006486
CYL_PRES_STAT,0,1594870844.0150619
CYL_PRES_STAT,0,1594870844.026862
CYL_PRES_STAT,0,1594870844.0440726
CYL_PRES_STAT,0,1594870844.108896
CYL_PRES_STAT,0,1594870844.1293206
CYL_PRES_STAT,0,1594870844.1497571
CYL_PRES_STAT,0,1594870844.1702652
CYL_PRES_STAT,0,1594870844.2530632
CYL_PRES_STAT,0,1594870844.264541
CYL_PRES_STAT,0,1594870844.2730858
CYL_PRES_STAT,0,1594870844.281197
CYL_PRES_STAT,0,1594870844.2931032
CYL_PRES_STAT,0,1594870844.334444
CYL_PRES_STAT,0,1594870844.3464034
CYL_PRES_STAT,0,1594870844.355187
CYL_PRES_STAT,0,1594870844.420223
CYL_PRES_STAT,0,1594870844.543099
CYL_PRES_STAT,0,1594870844.584012
CYL_PRES_STAT,0,1594870844.596182
CYL_PRES_STAT,0,1594870844.6047919
CYL_PRES_STAT,0,1594870844.633386
CYL_PRES_STAT,0,1594870844.645495
CYL_PRES_STAT,0,1594870844.715633
CYL_PRES_STAT,0,1594870844.7274072
CYL_PRES_STAT,0,1594870844.7482462
CYL_PRES_STAT,0,1594870844.903483
CYL_PRES_STAT,0,1594870844.924408
CYL_PRES_STAT,0,1594870844.9568498
CYL_PRES_STAT,0,1594870845.006548
CYL_PRES_STAT,0,1594870845.0676851
CYL_PRES_STAT,0,1594870845.079649
CYL_PRES_STAT,0,1594870845.145061
CYL_PRES_STAT,0,1594870845.165625
CYL_PRES_STAT,0,1594870845.2027874
CYL_PRES_STAT,0,1594870845.223336
CYL_PRES_STAT,0,1594870845.2966552
CYL_PRES_STAT,0,1594870845.349787
CYL_PRES_STAT,0,1594870845.431883
CYL_PRES_STAT,0,1594870845.4734051
CYL_PRES_STAT,0,1594870845.505507
CYL_PRES_STAT,0,1594870845.51408
CYL_PRES_STAT,0,1594870845.546441
CYL_PRES_STAT,0,1594870845.5668962
CYL_PRES_STAT,0,1594870845.5758722
CYL_PRES_STAT,0,1594870845.6201491
CYL_PRES_STAT,0,1594870845.6898491
CYL_PRES_STAT,0,1594870845.7430882
CYL_PRES_STAT,0,1594870845.763694
CYL_PRES_STAT,0,1594870845.7840939
CYL_PRES_STAT,0,1594870845.906899
CYL_PRES_STAT,0,1594870845.919173
CYL_PRES_STAT,0,1594870845.9279194
CYL_PRES_STAT,0,1594870846.0423481
CYL_PRES_STAT,0,1594870846.0952141
CYL_PRES_STAT,0,1594870846.115755
CYL_PRES_STAT,0,1594870846.1654134
CYL_PRES_STAT,0,1594870846.218271
CYL_PRES_STAT,0,1594870846.2387788
CYL_PRES_STAT,0,1594870846.251032
CYL_PRES_STAT,0,1594870846.345109
CYL_PRES_STAT,0,1594870846.365597
CYL_PRES_STAT,0,1594870846.373846
CYL_PRES_STAT,0,1594870846.3825972
CYL_PRES_STAT,0,1594870846.4033391
CYL_PRES_STAT,0,1594870846.4148538
CYL_PRES_STAT,0,1594870846.423399
CYL_PRES_STAT,0,1594870846.488467
CYL_PRES_STAT,0,1594870846.4972339
CYL_PRES_STAT,0,1594870846.509193
CYL_PRES_STAT,0,1594870846.5294876
CYL_PRES_STAT,0,1594870846.549978
CYL_PRES_STAT,0,1594870846.6200778
CYL_PRES_STAT,0,1594870846.631905
CYL_PRES_STAT,0,1594870846.65314
CYL_PRES_STAT,0,1594870846.664626
CYL_PRES_STAT,0,1594870846.6731431
CYL_PRES_STAT,0,1594870846.725999
CYL_PRES_STAT,0,1594870846.734386
CYL_PRES_STAT,0,1594870846.7961214
CYL_PRES_STAT,0,1594870846.9432561
CYL_PRES_STAT,0,1594870846.963642
CYL_PRES_STAT,0,1594870846.984139
CYL_PRES_STAT,0,1594870847.0661054
CYL_PRES_STAT,0,1594870847.111018
CYL_PRES_STAT,0,1594870847.115798
CYL_PRES_STAT,0,1594870847.128008
CYL_PRES_STAT,0,1594870847.1806662
CYL_PRES_STAT,0,1594870847.233897
CYL_PRES_STAT,0,1594870847.242429
CYL_PRES_STAT,0,1594870847.2546391
CYL_PRES_STAT,0,1594870847.275061
CYL_PRES_STAT,0,1594870847.3449821
CYL_PRES_STAT,0,1594870847.3982568
CYL_PRES_STAT,0,1594870847.418275
CYL_PRES_STAT,0,1594870847.438899
CYL_PRES_STAT,0,1594870847.521034
CYL_PRES_STAT,0,1594870847.5415099
CYL_PRES_STAT,0,1594870847.6680632
CYL_PRES_STAT,0,1594870847.6886232
CYL_PRES_STAT,0,1594870847.709022
CYL_PRES_STAT,0,1594870847.729537
CYL_PRES_STAT,0,1594870847.81159
CYL_PRES_STAT,0,1594870847.885299
CYL_PRES_STAT,0,1594870847.905716
CYL_PRES_STAT,0,1594870847.9142542
CYL_PRES_STAT,0,1594870847.934571
CYL_PRES_STAT,0,1594870847.9757178
CYL_PRES_STAT,0,1594870847.9875588
CYL_PRES_STAT,0,1594870847.999896
CYL_PRES_STAT,0,1594870848.020399
CYL_PRES_STAT,0,1594870848.122845
CYL_PRES_STAT,0,1594870848.143649
CYL_PRES_STAT,0,1594870848.163656
CYL_PRES_STAT,0,1594870848.184169
CYL_PRES_STAT,0,1594870848.225096
CYL_PRES_STAT,0,1594870848.2871768
CYL_PRES_STAT,0,1594870848.3074849
CYL_PRES_STAT,0,1594870848.348486
CYL_PRES_STAT,0,1594870848.3807511
CYL_PRES_STAT,0,1594870848.389718
CYL_PRES_STAT,0,1594870848.430475
CYL_PRES_STAT,0,1594870848.483507
CYL_PRES_STAT,0,1594870848.495448
CYL_PRES_STAT,0,1594870848.5982678
CYL_PRES_STAT,0,1594870848.6271338
CYL_PRES_STAT,0,1594870848.741879
CYL_PRES_STAT,0,1594870848.815017
CYL_PRES_STAT,0,1594870848.835676
CYL_PRES_STAT,0,1594870848.8475974
CYL_PRES_STAT,0,1594870848.8850589
CYL_PRES_STAT,0,1594870848.909048
CYL_PRES_STAT,0,1594870848.92962
CYL_PRES_STAT,0,1594870849.011497
CYL_PRES_STAT,0,1594870849.105709
CYL_PRES_STAT,0,1594870849.1142454
CYL_PRES_STAT,0,1594870849.179484
CYL_PRES_STAT,0,1594870849.187669
CYL_PRES_STAT,0,1594870849.1958768
CYL_PRES_STAT,0,1594870849.2287061
CYL_PRES_STAT,0,1594870849.2408302
CYL_PRES_STAT,0,1594870849.322927
CYL_PRES_STAT,0,1594870849.363775
CYL_PRES_STAT,0,1594870849.384608
CYL_PRES_STAT,0,1594870849.413565
CYL_PRES_STAT,0,1594870849.425266
CYL_PRES_STAT,0,1594870849.4456801
CYL_PRES_STAT,0,1594870849.4873278
CYL_PRES_STAT,0,1594870849.507106
CYL_PRES_STAT,0,1594870849.6013632
CYL_PRES_STAT,0,1594870849.609801
CYL_PRES_STAT,0,1594870849.6340358
CYL_PRES_STAT,0,1594870849.6546779
CYL_PRES_STAT,0,1594870849.675105
CYL_PRES_STAT,0,1594870849.695506
CYL_PRES_STAT,0,1594870849.7365706
CYL_PRES_STAT,0,1594870849.777545
CYL_PRES_STAT,0,1594870849.81841
CYL_PRES_STAT,0,1594870849.9250062
CYL_PRES_STAT,0,1594870849.98275
CYL_PRES_STAT,0,1594870850.015106
CYL_PRES_STAT,0,1594870850.0272439
CYL_PRES_STAT,0,1594870850.0682082
CYL_PRES_STAT,0,1594870850.109251
CYL_PRES_STAT,0,1594870850.223836
CYL_PRES_STAT,0,1594870850.2362812
CYL_PRES_STAT,0,1594870850.241087
CYL_PRES_STAT,0,1594870850.252651
CYL_PRES_STAT,0,1594870850.273607
CYL_PRES_STAT,0,1594870850.2942472
CYL_PRES_STAT,0,1594870850.305792
CYL_PRES_STAT,0,1594870850.314431
CYL_PRES_STAT,0,1594870850.3756876
CYL_PRES_STAT,0,1594870850.387716
CYL_PRES_STAT,0,1594870850.408295
CYL_PRES_STAT,0,1594870850.4204106
CYL_PRES_STAT,0,1594870850.470571
CYL_PRES_STAT,0,1594870850.5025392
CYL_PRES_STAT,0,1594870850.523031
CYL_PRES_STAT,0,1594870850.543701
CYL_PRES_STAT,0,1594870850.55565
CYL_PRES_STAT,0,1594870850.5641768
CYL_PRES_STAT,0,1594870850.5931368
CYL_PRES_STAT,0,1594870850.604922
CYL_PRES_STAT,0,1594870850.637523
CYL_PRES_STAT,0,1594870850.854615
CYL_PRES_STAT,0,1594870850.875377
CYL_PRES_STAT,0,1594870850.924624
CYL_PRES_STAT,0,1594870850.978011
CYL_PRES_STAT,0,1594870851.006741
CYL_PRES_STAT,0,1594870851.0184784
CYL_PRES_STAT,0,1594870851.071753
CYL_PRES_STAT,0,1594870851.1250172
CYL_PRES_STAT,0,1594870851.1335518
CYL_PRES_STAT,0,1594870851.1454194
CYL_PRES_STAT,0,1594870851.165905
CYL_PRES_STAT,0,1594870851.235528
CYL_PRES_STAT,0,1594870851.2683392
CYL_PRES_STAT,0,1594870851.288793
CYL_PRES_STAT,0,1594870851.300958
CYL_PRES_STAT,0,1594870851.309334
CYL_PRES_STAT,0,1594870851.412212
CYL_PRES_STAT,0,1594870851.4327738
CYL_PRES_STAT,0,1594870851.5143714
CYL_PRES_STAT,0,1594870851.535095
CYL_PRES_STAT,0,1594870851.546797
CYL_PRES_STAT,0,1594870851.559042
CYL_PRES_STAT,0,1594870851.579535
CYL_PRES_STAT,0,1594870851.7025542
CYL_PRES_STAT,0,1594870851.711266
CYL_PRES_STAT,0,1594870851.743741
CYL_PRES_STAT,0,1594870851.7644002
CYL_PRES_STAT,0,1594870851.804964
CYL_PRES_STAT,0,1594870851.8255026
CYL_PRES_STAT,0,1594870851.886894
CYL_PRES_STAT,0,1594870851.939925
CYL_PRES_STAT,0,1594870851.9487278
CYL_PRES_STAT,0,1594870851.9696028
CYL_PRES_STAT,0,1594870852.009923
CYL_PRES_STAT,0,1594870852.034237
CYL_PRES_STAT,0,1594870852.046514
CYL_PRES_STAT,0,1594870852.0546749
CYL_PRES_STAT,0,1594870852.075246
CYL_PRES_STAT,0,1594870852.11602
CYL_PRES_STAT,0,1594870852.157085
CYL_PRES_STAT,0,1594870852.178068
CYL_PRES_STAT,0,1594870852.1985972
CYL_PRES_STAT,0,1594870852.2512894
CYL_PRES_STAT,0,1594870852.2717268
CYL_PRES_STAT,0,1594870852.304567
CYL_PRES_STAT,0,1594870852.3127131
CYL_PRES_STAT,0,1594870852.321358
CYL_PRES_STAT,0,1594870852.365925
CYL_PRES_STAT,0,1594870852.374298
CYL_PRES_STAT,0,1594870852.3866382
CYL_PRES_STAT,0,1594870852.488823
CYL_PRES_STAT,0,1594870852.5094466
CYL_PRES_STAT,0,1594870852.5297801
CYL_PRES_STAT,0,1594870852.53843
CYL_PRES_STAT,0,1594870852.6035242
CYL_PRES_STAT,0,1594870852.624285
CYL_PRES_STAT,0,1594870852.64462
CYL_PRES_STAT,0,1594870852.653217
CYL_PRES_STAT,0,1594870852.759218
CYL_PRES_STAT,0,1594870852.767277
CYL_PRES_STAT,0,1594870852.779617
CYL_PRES_STAT,0,1594870852.8410769
CYL_PRES_STAT,0,1594870852.903031
CYL_PRES_STAT,0,1594870852.92337
CYL_PRES_STAT,0,1594870852.9316092
CYL_PRES_STAT,0,1594870852.9435186
CYL_PRES_STAT,0,1594870852.955786
CYL_PRES_STAT,0,1594870852.964082
CYL_PRES_STAT,0,1594870853.004965
CYL_PRES_STAT,0,1594870853.0581188
CYL_PRES_STAT,0,1594870853.1077962
CYL_PRES_STAT,0,1594870853.119689
CYL_PRES_STAT,0,1594870853.201947
CYL_PRES_STAT,0,1594870853.21375
CYL_PRES_STAT,0,1594870853.254843
CYL_PRES_STAT,0,1594870853.3781831
CYL_PRES_STAT,0,1594870853.50086
CYL_PRES_STAT,0,1594870853.5218828
CYL_PRES_STAT,0,1594870853.5333211
CYL_PRES_STAT,0,1594870853.545482
CYL_PRES_STAT,0,1594870853.566091
CYL_PRES_STAT,0,1594870853.5866392
CYL_PRES_STAT,0,1594870853.6479318
CYL_PRES_STAT,0,1594870853.656239
CYL_PRES_STAT,0,1594870853.6773062
CYL_PRES_STAT,0,1594870853.6889658
CYL_PRES_STAT,0,1594870853.812247
CYL_PRES_STAT,0,1594870853.832728
CYL_PRES_STAT,0,1594870853.865088
CYL_PRES_STAT,0,1594870853.873882
CYL_PRES_STAT,0,1594870853.9388669
CYL_PRES_STAT,0,1594870853.9591491
CYL_PRES_STAT,0,1594870853.9880939
CYL_PRES_STAT,0,1594870854.000161
CYL_PRES_STAT,0,1594870854.0412366
CYL_PRES_STAT,0,1594870854.082169
CYL_PRES_STAT,0,1594870854.1236966
CYL_PRES_STAT,0,1594870854.1442199
CYL_PRES_STAT,0,1594870854.184556
CYL_PRES_STAT,0,1594870854.196749
CYL_PRES_STAT,0,1594870854.205195
CYL_PRES_STAT,0,1594870854.258167
CYL_PRES_STAT,0,1594870854.266817
CYL_PRES_STAT,0,1594870854.27878
CYL_PRES_STAT,0,1594870854.2873359
CYL_PRES_STAT,0,1594870854.361397
CYL_PRES_STAT,0,1594870854.4221284
CYL_PRES_STAT,0,1594870854.434761
CYL_PRES_STAT,0,1594870854.4548314
CYL_PRES_STAT,0,1594870854.536835
CYL_PRES_STAT,0,1594870854.5455098
CYL_PRES_STAT,0,1594870854.5573518
CYL_PRES_STAT,0,1594870854.569416
CYL_PRES_STAT,0,1594870854.577781
CYL_PRES_STAT,0,1594870854.7049
CYL_PRES_STAT,0,1594870854.7456071
CYL_PRES_STAT,0,1594870854.774949
CYL_PRES_STAT,0,1594870854.8889868
CYL_PRES_STAT,0,1594870855.015899
CYL_PRES_STAT,0,1594870855.0365386
CYL_PRES_STAT,0,1594870855.044606
CYL_PRES_STAT,0,1594870855.0533679
CYL_PRES_STAT,0,1594870855.073667
CYL_PRES_STAT,0,1594870855.094209
CYL_PRES_STAT,0,1594870855.12654
CYL_PRES_STAT,0,1594870855.138874
CYL_PRES_STAT,0,1594870855.159414
CYL_PRES_STAT,0,1594870855.2002392
CYL_PRES_STAT,0,1594870855.217035
CYL_PRES_STAT,0,1594870855.249792
CYL_PRES_STAT,0,1594870855.2821698
CYL_PRES_STAT,0,1594870855.3232784
CYL_PRES_STAT,0,1594870855.417324
CYL_PRES_STAT,0,1594870855.426017
CYL_PRES_STAT,0,1594870855.437836
CYL_PRES_STAT,0,1594870855.446458
CYL_PRES_STAT,0,1594870855.466877
CYL_PRES_STAT,0,1594870855.5935721
CYL_PRES_STAT,0,1594870855.6344168
CYL_PRES_STAT,0,1594870855.654923
CYL_PRES_STAT,0,1594870855.724957
CYL_PRES_STAT,0,1594870855.8610039
CYL_PRES_STAT,0,1594870855.880785
CYL_PRES_STAT,0,1594870855.892511
CYL_PRES_STAT,0,1594870855.901036
CYL_PRES_STAT,0,1594870855.933846
CYL_PRES_STAT,0,1594870855.945697
CYL_PRES_STAT,0,1594870855.966109
CYL_PRES_STAT,0,1594870856.048193
CYL_PRES_STAT,0,1594870856.0685716
CYL_PRES_STAT,0,1594870856.0891411
CYL_PRES_STAT,0,1594870856.097805
CYL_PRES_STAT,0,1594870856.171075
CYL_PRES_STAT,0,1594870856.1832044
CYL_PRES_STAT,0,1594870856.1919198
CYL_PRES_STAT,0,1594870856.2159462
CYL_PRES_STAT,0,1594870856.2328372
CYL_PRES_STAT,0,1594870856.2537758
CYL_PRES_STAT,0,1594870856.265269
CYL_PRES_STAT,0,1594870856.3390331
CYL_PRES_STAT,0,1594870856.3798811
CYL_PRES_STAT,0,1594870856.4618828
CYL_PRES_STAT,0,1594870856.470788
CYL_PRES_STAT,0,1594870856.490889
CYL_PRES_STAT,0,1594870856.5151026
CYL_PRES_STAT,0,1594870856.5969698
CYL_PRES_STAT,0,1594870856.637963
CYL_PRES_STAT,0,1594870856.646563
CYL_PRES_STAT,0,1594870856.670676
CYL_PRES_STAT,0,1594870856.7939851
CYL_PRES_STAT,0,1594870856.802005
CYL_PRES_STAT,0,1594870856.8139892
CYL_PRES_STAT,0,1594870856.8345668
CYL_PRES_STAT,0,1594870856.8431199
CYL_PRES_STAT,0,1594870856.855114
CYL_PRES_STAT,0,1594870856.916464
CYL_PRES_STAT,0,1594870856.9286778
CYL_PRES_STAT,0,1594870856.937242
CYL_PRES_STAT,0,1594870856.957943
CYL_PRES_STAT,0,1594870857.019428
CYL_PRES_STAT,0,1594870857.051678
CYL_PRES_STAT,0,1594870857.0842812
CYL_PRES_STAT,0,1594870857.093209
CYL_PRES_STAT,0,1594870857.145698
CYL_PRES_STAT,0,1594870857.166166
CYL_PRES_STAT,0,1594870857.175182
CYL_PRES_STAT,0,1594870857.215713
CYL_PRES_STAT,0,1594870857.227724
CYL_PRES_STAT,0,1594870857.25676
CYL_PRES_STAT,0,1594870857.2687721
CYL_PRES_STAT,0,1594870857.392215
CYL_PRES_STAT,0,1594870857.4159694
CYL_PRES_STAT,0,1594870857.432926
CYL_PRES_STAT,0,1594870857.5184152
CYL_PRES_STAT,0,1594870857.538988
CYL_PRES_STAT,0,1594870857.547192
CYL_PRES_STAT,0,1594870857.555817
CYL_PRES_STAT,0,1594870857.579901
CYL_PRES_STAT,0,1594870857.6003869
CYL_PRES_STAT,0,1594870857.674211
CYL_PRES_STAT,0,1594870857.682453
CYL_PRES_STAT,0,1594870857.707006
CYL_PRES_STAT,0,1594870857.711513
CYL_PRES_STAT,0,1594870857.7234614
CYL_PRES_STAT,0,1594870857.7645922
CYL_PRES_STAT,0,1594870857.8466182
CYL_PRES_STAT,0,1594870857.879018
CYL_PRES_STAT,0,1594870857.952729
CYL_PRES_STAT,0,1594870857.973256
CYL_PRES_STAT,0,1594870858.014092
CYL_PRES_STAT,0,1594870858.0345411
CYL_PRES_STAT,0,1594870858.055076
CYL_PRES_STAT,0,1594870858.137385
CYL_PRES_STAT,0,1594870858.272116
CYL_PRES_STAT,0,1594870858.280745
CYL_PRES_STAT,0,1594870858.304975
CYL_PRES_STAT,0,1594870858.3254
CYL_PRES_STAT,0,1594870858.333629
CYL_PRES_STAT,0,1594870858.3458078
CYL_PRES_STAT,0,1594870858.354053
CYL_PRES_STAT,0,1594870858.374638
CYL_PRES_STAT,0,1594870858.407352
CYL_PRES_STAT,0,1594870858.4158864
CYL_PRES_STAT,0,1594870858.509804
CYL_PRES_STAT,0,1594870858.583421
CYL_PRES_STAT,0,1594870858.5956092
CYL_PRES_STAT,0,1594870858.6330726
CYL_PRES_STAT,0,1594870858.6569982
CYL_PRES_STAT,0,1594870858.718574
CYL_PRES_STAT,0,1594870858.7680774
CYL_PRES_STAT,0,1594870858.8005068
CYL_PRES_STAT,0,1594870858.841572
CYL_PRES_STAT,0,1594870858.86202
CYL_PRES_STAT,0,1594870858.9029891
CYL_PRES_STAT,0,1594870858.915193
CYL_PRES_STAT,0,1594870858.9237711
CYL_PRES_STAT,0,1594870859.038024
CYL_PRES_STAT,0,1594870859.046727
CYL_PRES_STAT,0,1594870859.0671518
CYL_PRES_STAT,0,1594870859.078969
CYL_PRES_STAT,0,1594870859.09947
CYL_PRES_STAT,0,1594870859.152801
CYL_PRES_STAT,0,1594870859.161431
CYL_PRES_STAT,0,1594870859.17335
CYL_PRES_STAT,0,1594870859.1938288
CYL_PRES_STAT,0,1594870859.214518
CYL_PRES_STAT,0,1594870859.2346182
CYL_PRES_STAT,0,1594870859.243132
CYL_PRES_STAT,0,1594870859.2637
CYL_PRES_STAT,0,1594870859.31702
CYL_PRES_STAT,0,1594870859.328842
CYL_PRES_STAT,0,1594870859.390334
CYL_PRES_STAT,0,1594870859.4435859
CYL_PRES_STAT,0,1594870859.463954
CYL_PRES_STAT,0,1594870859.4844742
CYL_PRES_STAT,0,1594870859.525665
CYL_PRES_STAT,0,1594870859.545891
CYL_PRES_STAT,0,1594870859.6363258
CYL_PRES_STAT,0,1594870859.648445
CYL_PRES_STAT,0,1594870859.7220562
CYL_PRES_STAT,0,1594870859.77158
CYL_PRES_STAT,0,1594870859.7920918
CYL_PRES_STAT,0,1594870859.81612
CYL_PRES_STAT,0,1594870859.824856
CYL_PRES_STAT,0,1594870859.857217
CYL_PRES_STAT,0,1594870859.8775628
CYL_PRES_STAT,0,1594870859.906411
CYL_PRES_STAT,0,1594870859.915099
CYL_PRES_STAT,0,1594870859.9269671
CYL_PRES_STAT,0,1594870859.96815
CYL_PRES_STAT,0,1594870860.009084
CYL_PRES_STAT,0,1594870860.0414872
CYL_PRES_STAT,0,1594870860.0501199
CYL_PRES_STAT,0,1594870860.065993
CYL_PRES_STAT,0,1594870860.0744364
CYL_PRES_STAT,0,1594870860.082537
CYL_PRES_STAT,0,1594870860.103647
CYL_PRES_STAT,0,1594870860.2096589
CYL_PRES_STAT,0,1594870860.238475
CYL_PRES_STAT,0,1594870860.352948
CYL_PRES_STAT,0,1594870860.3819811
CYL_PRES_STAT,0,1594870860.39372
CYL_PRES_STAT,0,1594870860.4025786
CYL_PRES_STAT,0,1594870860.414216
CYL_PRES_STAT,0,1594870860.434797
CYL_PRES_STAT,0,1594870860.545745
CYL_PRES_STAT,0,1594870860.6196551
CYL_PRES_STAT,0,1594870860.6522398
CYL_PRES_STAT,0,1594870860.664163
CYL_PRES_STAT,0,1594870860.6927528
CYL_PRES_STAT,0,1594870860.7133632
CYL_PRES_STAT,0,1594870860.7254481
CYL_PRES_STAT,0,1594870860.766391
CYL_PRES_STAT,0,1594870860.807682
CYL_PRES_STAT,0,1594870860.819673
CYL_PRES_STAT,0,1594870860.828088
CYL_PRES_STAT,0,1594870860.848407
CYL_PRES_STAT,0,1594870860.951278
CYL_PRES_STAT,0,1594870860.9752321
CYL_PRES_STAT,0,1594870860.983891
CYL_PRES_STAT,0,1594870861.098284
CYL_PRES_STAT,0,1594870861.1186821
CYL_PRES_STAT,0,1594870861.1478481
CYL_PRES_STAT,0,1594870861.2423131
CYL_PRES_STAT,0,1594870861.2828062
CYL_PRES_STAT,0,1594870861.303533
CYL_PRES_STAT,0,1594870861.3358002
CYL_PRES_STAT,0,1594870861.34447
CYL_PRES_STAT,0,1594870861.3649046
CYL_PRES_STAT,0,1594870861.405834
CYL_PRES_STAT,0,1594870861.4264789
CYL_PRES_STAT,0,1594870861.5534608
CYL_PRES_STAT,0,1594870861.565193
CYL_PRES_STAT,0,1594870861.5735931
CYL_PRES_STAT,0,1594870861.594404
CYL_PRES_STAT,0,1594870861.614343
CYL_PRES_STAT,0,1594870861.684607
CYL_PRES_STAT,0,1594870861.6967292
CYL_PRES_STAT,0,1594870861.728993
CYL_PRES_STAT,0,1594870861.843698
CYL_PRES_STAT,0,1594870861.864139
CYL_PRES_STAT,0,1594870861.905138
CYL_PRES_STAT,0,1594870861.92545
CYL_PRES_STAT,0,1594870861.9460669
CYL_PRES_STAT,0,1594870861.9876099
CYL_PRES_STAT,0,1594870862.028057
CYL_PRES_STAT,0,1594870862.048438
CYL_PRES_STAT,0,1594870862.0606806
CYL_PRES_STAT,0,1594870862.1550481
CYL_PRES_STAT,0,1594870862.171707
CYL_PRES_STAT,0,1594870862.1921241
CYL_PRES_STAT,0,1594870862.2572649
CYL_PRES_STAT,0,1594870862.298316
CYL_PRES_STAT,0,1594870862.3070679
CYL_PRES_STAT,0,1594870862.347898
CYL_PRES_STAT,0,1594870862.359753
CYL_PRES_STAT,0,1594870862.3683982
CYL_PRES_STAT,0,1594870862.4745548
CYL_PRES_STAT,0,1594870862.576802
CYL_PRES_STAT,0,1594870862.585534
CYL_PRES_STAT,0,1594870862.6299386
CYL_PRES_STAT,0,1594870862.691467
CYL_PRES_STAT,0,1594870862.724214
CYL_PRES_STAT,0,1594870862.732477
CYL_PRES_STAT,0,1594870862.753097
CYL_PRES_STAT,0,1594870862.793899
CYL_PRES_STAT,0,1594870862.802606
CYL_PRES_STAT,0,1594870862.9208028
CYL_PRES_STAT,0,1594870862.990772
CYL_PRES_STAT,0,1594870863.043803
CYL_PRES_STAT,0,1594870863.064343
CYL_PRES_STAT,0,1594870863.072449
CYL_PRES_STAT,0,1594870863.084686
CYL_PRES_STAT,0,1594870863.1051161
CYL_PRES_STAT,0,1594870863.154818
CYL_PRES_STAT,0,1594870863.1665778
CYL_PRES_STAT,0,1594870863.1871052
CYL_PRES_STAT,0,1594870863.207841
CYL_PRES_STAT,0,1594870863.219806
CYL_PRES_STAT,0,1594870863.2285829
CYL_PRES_STAT,0,1594870863.2486632
CYL_PRES_STAT,0,1594870863.3514268
CYL_PRES_STAT,0,1594870863.4164028
CYL_PRES_STAT,0,1594870863.4779902
CYL_PRES_STAT,0,1594870863.498425
CYL_PRES_STAT,0,1594870863.539356
CYL_PRES_STAT,0,1594870863.6212368
CYL_PRES_STAT,0,1594870863.6416798
CYL_PRES_STAT,0,1594870863.662713
CYL_PRES_STAT,0,1594870863.686694
CYL_PRES_STAT,0,1594870863.695049
CYL_PRES_STAT,0,1594870863.703465
CYL_PRES_STAT,0,1594870863.7154698
CYL_PRES_STAT,0,1594870863.7240539
CYL_PRES_STAT,0,1594870863.78936
CYL_PRES_STAT,0,1594870863.7978294
CYL_PRES_STAT,0,1594870863.830052
CYL_PRES_STAT,0,1594870863.871116
CYL_PRES_STAT,0,1594870863.941016
CYL_PRES_STAT,0,1594870863.961586
CYL_PRES_STAT,0,1594870863.973618
CYL_PRES_STAT,0,1594870863.993942
CYL_PRES_STAT,0,1594870864.014545
CYL_PRES_STAT,0,1594870864.055517
CYL_PRES_STAT,0,1594870864.063893
CYL_PRES_STAT,0,1594870864.0798302
CYL_PRES_STAT,0,1594870864.108757
CYL_PRES_STAT,0,1594870864.117142
CYL_PRES_STAT,0,1594870864.129141
CYL_PRES_STAT,0,1594870864.137665
CYL_PRES_STAT,0,1594870864.1905658
CYL_PRES_STAT,0,1594870864.231555
CYL_PRES_STAT,0,1594870864.243724
CYL_PRES_STAT,0,1594870864.264267
CYL_PRES_STAT,0,1594870864.2847636
CYL_PRES_STAT,0,1594870864.293525
CYL_PRES_STAT,0,1594870864.3051894
CYL_PRES_STAT,0,1594870864.489871
CYL_PRES_STAT,0,1594870864.501811
CYL_PRES_STAT,0,1594870864.543215
CYL_PRES_STAT,0,1594870864.583647
CYL_PRES_STAT,0,1594870864.5926046
CYL_PRES_STAT,0,1594870864.6164289
CYL_PRES_STAT,0,1594870864.6248991
CYL_PRES_STAT,0,1594870864.665996
CYL_PRES_STAT,0,1594870864.677956
CYL_PRES_STAT,0,1594870864.698442
CYL_PRES_STAT,0,1594870864.70727
CYL_PRES_STAT,0,1594870864.7190132
CYL_PRES_STAT,0,1594870864.8218212
CYL_PRES_STAT,0,1594870864.845881
CYL_PRES_STAT,0,1594870864.8662488
CYL_PRES_STAT,0,1594870864.883039
CYL_PRES_STAT,0,1594870864.968719
CYL_PRES_STAT,0,1594870864.989135
CYL_PRES_STAT,0,1594870865.009726
CYL_PRES_STAT,0,1594870865.100241
CYL_PRES_STAT,0,1594870865.1211948
CYL_PRES_STAT,0,1594870865.13269
CYL_PRES_STAT,0,1594870865.173696
CYL_PRES_STAT,0,1594870865.193951
CYL_PRES_STAT,0,1594870865.206395
CYL_PRES_STAT,0,1594870865.297185
CYL_PRES_STAT,0,1594870865.317356
CYL_PRES_STAT,0,1594870865.4234462
CYL_PRES_STAT,0,1594870865.444011
CYL_PRES_STAT,0,1594870865.4526534
CYL_PRES_STAT,0,1594870865.4643528
CYL_PRES_STAT,0,1594870865.52581
CYL_PRES_STAT,0,1594870865.5667598
CYL_PRES_STAT,0,1594870865.588012
CYL_PRES_STAT,0,1594870865.608426
CYL_PRES_STAT,0,1594870865.7018912
CYL_PRES_STAT,0,1594870865.7106318
CYL_PRES_STAT,0,1594870865.734657
CYL_PRES_STAT,0,1594870865.755281
CYL_PRES_STAT,0,1594870865.796031
CYL_PRES_STAT,0,1594870865.869823
CYL_PRES_STAT,0,1594870865.87797
CYL_PRES_STAT,0,1594870865.919111
CYL_PRES_STAT,0,1594870866.0009289
CYL_PRES_STAT,0,1594870866.042155
CYL_PRES_STAT,0,1594870866.0627198
CYL_PRES_STAT,0,1594870866.083103
CYL_PRES_STAT,0,1594870866.1893132
CYL_PRES_STAT,0,1594870866.1980226
CYL_PRES_STAT,0,1594870866.238639
CYL_PRES_STAT,0,1594870866.25072
CYL_PRES_STAT,0,1594870866.3416278
CYL_PRES_STAT,0,1594870866.394115
CYL_PRES_STAT,0,1594870866.549708
CYL_PRES_STAT,0,1594870866.60287
CYL_PRES_STAT,0,1594870866.611613
CYL_PRES_STAT,0,1594870866.623384
CYL_PRES_STAT,0,1594870866.685074
CYL_PRES_STAT,0,1594870866.693743
CYL_PRES_STAT,0,1594870866.808057
CYL_PRES_STAT,0,1594870866.9347222
CYL_PRES_STAT,0,1594870866.943379
CYL_PRES_STAT,0,1594870866.955253
CYL_PRES_STAT,0,1594870866.983892
CYL_PRES_STAT,0,1594870866.996041
CYL_PRES_STAT,0,1594870867.016577
CYL_PRES_STAT,0,1594870867.04575
CYL_PRES_STAT,0,1594870867.057618
CYL_PRES_STAT,0,1594870867.086593
CYL_PRES_STAT,0,1594870867.098911
CYL_PRES_STAT,0,1594870867.205025
CYL_PRES_STAT,0,1594870867.2131786
CYL_PRES_STAT,0,1594870867.2220411
CYL_PRES_STAT,0,1594870867.233686
CYL_PRES_STAT,0,1594870867.2423966
CYL_PRES_STAT,0,1594870867.26247
CYL_PRES_STAT,0,1594870867.3037891
CYL_PRES_STAT,0,1594870867.336252
CYL_PRES_STAT,0,1594870867.5123048
CYL_PRES_STAT,0,1594870867.5209382
CYL_PRES_STAT,0,1594870867.553679
CYL_PRES_STAT,0,1594870867.574226
CYL_PRES_STAT,0,1594870867.59454
CYL_PRES_STAT,0,1594870867.606415
CYL_PRES_STAT,0,1594870867.6969519
CYL_PRES_STAT,0,1594870867.80323
CYL_PRES_STAT,0,1594870867.8241546
CYL_PRES_STAT,0,1594870867.832088
CYL_PRES_STAT,0,1594870867.8439198
CYL_PRES_STAT,0,1594870867.8526876
CYL_PRES_STAT,0,1594870867.86456
CYL_PRES_STAT,0,1594870867.884939
CYL_PRES_STAT,0,1594870867.987765
CYL_PRES_STAT,0,1594870868.008548
CYL_PRES_STAT,0,1594870868.0902581
CYL_PRES_STAT,0,1594870868.1020632
CYL_PRES_STAT,0,1594870868.1142569
CYL_PRES_STAT,0,1594870868.134763
CYL_PRES_STAT,0,1594870868.155265
CYL_PRES_STAT,0,1594870868.2699342
CYL_PRES_STAT,0,1594870868.380511
CYL_PRES_STAT,0,1594870868.4011168
CYL_PRES_STAT,0,1594870868.4338028
CYL_PRES_STAT,0,1594870868.446006
CYL_PRES_STAT,0,1594870868.495232
CYL_PRES_STAT,0,1594870868.503825
CYL_PRES_STAT,0,1594870868.524256
CYL_PRES_STAT,0,1594870868.556632
CYL_PRES_STAT,0,1594870868.5689092
CYL_PRES_STAT,0,1594870868.589437
CYL_PRES_STAT,0,1594870868.7127972
CYL_PRES_STAT,0,1594870868.733349
CYL_PRES_STAT,0,1594870868.753654
CYL_PRES_STAT,0,1594870868.765572
CYL_PRES_STAT,0,1594870868.806684
CYL_PRES_STAT,0,1594870868.83534
CYL_PRES_STAT,0,1594870868.8597708
CYL_PRES_STAT,0,1594870868.8801012
CYL_PRES_STAT,0,1594870868.900599
CYL_PRES_STAT,0,1594870868.94991
CYL_PRES_STAT,0,1594870868.9704142
CYL_PRES_STAT,0,1594870868.982523
CYL_PRES_STAT,0,1594870868.9907858
CYL_PRES_STAT,0,1594870869.003079
CYL_PRES_STAT,0,1594870869.011786
CYL_PRES_STAT,0,1594870869.02356
CYL_PRES_STAT,0,1594870869.064599
CYL_PRES_STAT,0,1594870869.0850172
CYL_PRES_STAT,0,1594870869.208447
CYL_PRES_STAT,0,1594870869.314423
CYL_PRES_STAT,0,1594870869.334883
CYL_PRES_STAT,0,1594870869.343481
CYL_PRES_STAT,0,1594870869.355392
CYL_PRES_STAT,0,1594870869.4167614
CYL_PRES_STAT,0,1594870869.4253812
CYL_PRES_STAT,0,1594870869.457759
CYL_PRES_STAT,0,1594870869.478335
CYL_PRES_STAT,0,1594870869.4986274
CYL_PRES_STAT,0,1594870869.551836
CYL_PRES_STAT,0,1594870869.572525
CYL_PRES_STAT,0,1594870869.58064
CYL_PRES_STAT,0,1594870869.593421
CYL_PRES_STAT,0,1594870869.601613
CYL_PRES_STAT,0,1594870869.622009
CYL_PRES_STAT,0,1594870869.6429029
CYL_PRES_STAT,0,1594870869.724254
CYL_PRES_STAT,0,1594870869.748707
CYL_PRES_STAT,0,1594870869.769
CYL_PRES_STAT,0,1594870869.891883
CYL_PRES_STAT,0,1594870869.9004116
CYL_PRES_STAT,0,1594870869.912394
CYL_PRES_STAT,0,1594870869.9329288
CYL_PRES_STAT,0,1594870869.953374
CYL_PRES_STAT,0,1594870869.965504
CYL_PRES_STAT,0,1594870870.0598118
CYL_PRES_STAT,0,1594870870.076778
CYL_PRES_STAT,0,1594870870.0885706
CYL_PRES_STAT,0,1594870870.203178
CYL_PRES_STAT,0,1594870870.256568
CYL_PRES_STAT,0,1594870870.326098
CYL_PRES_STAT,0,1594870870.3345866
CYL_PRES_STAT,0,1594870870.35887
CYL_PRES_STAT,0,1594870870.367317
CYL_PRES_STAT,0,1594870870.3878348
CYL_PRES_STAT,0,1594870870.473469
CYL_PRES_STAT,0,1594870870.493943
CYL_PRES_STAT,0,1594870870.5028322
CYL_PRES_STAT,0,1594870870.5145018
CYL_PRES_STAT,0,1594870870.555374
CYL_PRES_STAT,0,1594870870.6168902
CYL_PRES_STAT,0,1594870870.637353
CYL_PRES_STAT,0,1594870870.6585019
CYL_PRES_STAT,0,1594870870.7607694
CYL_PRES_STAT,0,1594870870.781013
CYL_PRES_STAT,0,1594870870.834281
CYL_PRES_STAT,0,1594870870.8666198
CYL_PRES_STAT,0,1594870870.948526
CYL_PRES_STAT,0,1594870870.9692152
CYL_PRES_STAT,0,1594870871.092006
CYL_PRES_STAT,0,1594870871.1130571
CYL_PRES_STAT,0,1594870871.13336
CYL_PRES_STAT,0,1594870871.153748
CYL_PRES_STAT,0,1594870871.235922
CYL_PRES_STAT,0,1594870871.256453
CYL_PRES_STAT,0,1594870871.280322
CYL_PRES_STAT,0,1594870871.444221
CYL_PRES_STAT,0,1594870871.4647956
CYL_PRES_STAT,0,1594870871.5265114
CYL_PRES_STAT,0,1594870871.6940422
CYL_PRES_STAT,0,1594870871.714484
CYL_PRES_STAT,0,1594870871.7350411
CYL_PRES_STAT,0,1594870871.7438662
CYL_PRES_STAT,0,1594870871.8291118
CYL_PRES_STAT,0,1594870871.837398
CYL_PRES_STAT,0,1594870871.858185
CYL_PRES_STAT,0,1594870871.9692988
CYL_PRES_STAT,0,1594870871.9930089
CYL_PRES_STAT,0,1594870872.005219
CYL_PRES_STAT,0,1594870872.025692
CYL_PRES_STAT,0,1594870872.1281412
CYL_PRES_STAT,0,1594870872.15748
CYL_PRES_STAT,0,1594870872.2802892
CYL_PRES_STAT,0,1594870872.324825
CYL_PRES_STAT,0,1594870872.333426
CYL_PRES_STAT,0,1594870872.460012
CYL_PRES_STAT,0,1594870872.570924
CYL_PRES_STAT,0,1594870872.5828571
CYL_PRES_STAT,0,1594870872.603324
CYL_PRES_STAT,0,1594870872.624222
CYL_PRES_STAT,0,1594870872.726361
CYL_PRES_STAT,0,1594870872.734803
CYL_PRES_STAT,0,1594870872.767509
CYL_PRES_STAT,0,1594870872.820614
CYL_PRES_STAT,0,1594870872.8533769
CYL_PRES_STAT,0,1594870872.8819034
CYL_PRES_STAT,0,1594870872.8940768
CYL_PRES_STAT,0,1594870872.902848
CYL_PRES_STAT,0,1594870872.91464
CYL_PRES_STAT,0,1594870872.955599
CYL_PRES_STAT,0,1594870873.0172956
CYL_PRES_STAT,0,1594870873.0784712
CYL_PRES_STAT,0,1594870873.111142
CYL_PRES_STAT,0,1594870873.160916
CYL_PRES_STAT,0,1594870873.172833
CYL_PRES_STAT,0,1594870873.2053561
CYL_PRES_STAT,0,1594870873.2258296
CYL_PRES_STAT,0,1594870873.234368
CYL_PRES_STAT,0,1594870873.3282828
CYL_PRES_STAT,0,1594870873.348682
CYL_PRES_STAT,0,1594870873.410343
CYL_PRES_STAT,0,1594870873.4511518
CYL_PRES_STAT,0,1594870873.4596882
CYL_PRES_STAT,0,1594870873.4838321
CYL_PRES_STAT,0,1594870873.4924226
CYL_PRES_STAT,0,1594870873.5132132
CYL_PRES_STAT,0,1594870873.533397
CYL_PRES_STAT,0,1594870873.5452642
CYL_PRES_STAT,0,1594870873.5539901
CYL_PRES_STAT,0,1594870873.6069288
CYL_PRES_STAT,0,1594870873.619048
CYL_PRES_STAT,0,1594870873.6600962
CYL_PRES_STAT,0,1594870873.729722
CYL_PRES_STAT,0,1594870873.762882
CYL_PRES_STAT,0,1594870873.771015
CYL_PRES_STAT,0,1594870873.782897
CYL_PRES_STAT,0,1594870873.823849
CYL_PRES_STAT,0,1594870873.906268
CYL_PRES_STAT,0,1594870873.947114
CYL_PRES_STAT,0,1594870874.008474
CYL_PRES_STAT,0,1594870874.102418
CYL_PRES_STAT,0,1594870874.114613
CYL_PRES_STAT,0,1594870874.217012
CYL_PRES_STAT,0,1594870874.225438
CYL_PRES_STAT,0,1594870874.331703
CYL_PRES_STAT,0,1594870874.361077
CYL_PRES_STAT,0,1594870874.384882
CYL_PRES_STAT,0,1594870874.3937228
CYL_PRES_STAT,0,1594870874.4054909
CYL_PRES_STAT,0,1594870874.425908
CYL_PRES_STAT,0,1594870874.5079126
CYL_PRES_STAT,0,1594870874.5283241
CYL_PRES_STAT,0,1594870874.6431339
CYL_PRES_STAT,0,1594870874.651339
CYL_PRES_STAT,0,1594870874.671736
CYL_PRES_STAT,0,1594870874.713131
CYL_PRES_STAT,0,1594870874.7250009
CYL_PRES_STAT,0,1594870874.7334518
CYL_PRES_STAT,0,1594870874.8067892
CYL_PRES_STAT,0,1594870874.921509
CYL_PRES_STAT,0,1594870874.9628491
CYL_PRES_STAT,0,1594870874.974733
CYL_PRES_STAT,0,1594870874.98338
CYL_PRES_STAT,0,1594870875.024074
CYL_PRES_STAT,0,1594870875.0941381
CYL_PRES_STAT,0,1594870875.109968
CYL_PRES_STAT,0,1594870875.114559
CYL_PRES_STAT,0,1594870875.1472359
CYL_PRES_STAT,0,1594870875.1675992
CYL_PRES_STAT,0,1594870875.2409248
CYL_PRES_STAT,0,1594870875.2495189
CYL_PRES_STAT,0,1594870875.2736552
CYL_PRES_STAT,0,1594870875.2941618
CYL_PRES_STAT,0,1594870875.302868
CYL_PRES_STAT,0,1594870875.3352349
CYL_PRES_STAT,0,1594870875.4496794
CYL_PRES_STAT,0,1594870875.4582534
CYL_PRES_STAT,0,1594870875.511277
CYL_PRES_STAT,0,1594870875.540262
CYL_PRES_STAT,0,1594870875.5523882
CYL_PRES_STAT,0,1594870875.5849519
CYL_PRES_STAT,0,1594870875.6054401
CYL_PRES_STAT,0,1594870875.625891
CYL_PRES_STAT,0,1594870875.675216
CYL_PRES_STAT,0,1594870875.707862
CYL_PRES_STAT,0,1594870875.7201061
CYL_PRES_STAT,0,1594870875.736823
CYL_PRES_STAT,0,1594870875.8553126
CYL_PRES_STAT,0,1594870875.863435
CYL_PRES_STAT,0,1594870875.872064
CYL_PRES_STAT,0,1594870875.8840358
CYL_PRES_STAT,0,1594870875.892898
CYL_PRES_STAT,0,1594870875.913344
CYL_PRES_STAT,0,1594870875.933681
CYL_PRES_STAT,0,1594870876.0156329
CYL_PRES_STAT,0,1594870876.0395858
CYL_PRES_STAT,0,1594870876.0479212
CYL_PRES_STAT,0,1594870876.060163
CYL_PRES_STAT,0,1594870876.1338232
CYL_PRES_STAT,0,1594870876.162524
CYL_PRES_STAT,0,1594870876.215747
CYL_PRES_STAT,0,1594870876.224287
CYL_PRES_STAT,0,1594870876.277122
CYL_PRES_STAT,0,1594870876.286161
CYL_PRES_STAT,0,1594870876.297675
CYL_PRES_STAT,0,1594870876.3181
CYL_PRES_STAT,0,1594870876.326771
CYL_PRES_STAT,0,1594870876.3473432
CYL_PRES_STAT,0,1594870876.4327981
CYL_PRES_STAT,0,1594870876.441071
CYL_PRES_STAT,0,1594870876.465462
CYL_PRES_STAT,0,1594870876.4738078
CYL_PRES_STAT,0,1594870876.494262
CYL_PRES_STAT,0,1594870876.600736
CYL_PRES_STAT,0,1594870876.6053386
CYL_PRES_STAT,0,1594870876.617093
CYL_PRES_STAT,0,1594870876.744042
CYL_PRES_STAT,0,1594870876.7646358
CYL_PRES_STAT,0,1594870876.785203
CYL_PRES_STAT,0,1594870876.793828
CYL_PRES_STAT,0,1594870876.80581
CYL_PRES_STAT,0,1594870876.8343658
CYL_PRES_STAT,0,1594870876.846476
CYL_PRES_STAT,0,1594870876.875337
CYL_PRES_STAT,0,1594870876.8883069
CYL_PRES_STAT,0,1594870876.8961432
CYL_PRES_STAT,0,1594870876.907985
CYL_PRES_STAT,0,1594870876.928468
CYL_PRES_STAT,0,1594870877.0313332
CYL_PRES_STAT,0,1594870877.092866
CYL_PRES_STAT,0,1594870877.1134
CYL_PRES_STAT,0,1594870877.125207
CYL_PRES_STAT,0,1594870877.2194571
CYL_PRES_STAT,0,1594870877.2481039
CYL_PRES_STAT,0,1594870877.3423269
CYL_PRES_STAT,0,1594870877.3632152
CYL_PRES_STAT,0,1594870877.383559
CYL_PRES_STAT,0,1594870877.415774
CYL_PRES_STAT,0,1594870877.4241161
CYL_PRES_STAT,0,1594870877.444609
CYL_PRES_STAT,0,1594870877.486218
CYL_PRES_STAT,0,1594870877.506675
CYL_PRES_STAT,0,1594870877.518281
CYL_PRES_STAT,0,1594870877.5472052
CYL_PRES_STAT,0,1594870877.621017
CYL_PRES_STAT,0,1594870877.6329238
CYL_PRES_STAT,0,1594870877.673802
CYL_PRES_STAT,0,1594870877.7763784
CYL_PRES_STAT,0,1594870877.7886
CYL_PRES_STAT,0,1594870877.7972949
CYL_PRES_STAT,0,1594870877.9114661
CYL_PRES_STAT,0,1594870877.92047
CYL_PRES_STAT,0,1594870877.9319546
CYL_PRES_STAT,0,1594870877.940842
CYL_PRES_STAT,0,1594870877.9851286
CYL_PRES_STAT,0,1594870878.07564
CYL_PRES_STAT,0,1594870878.096354
CYL_PRES_STAT,0,1594870878.1079848
CYL_PRES_STAT,0,1594870878.116713
CYL_PRES_STAT,0,1594870878.1285892
CYL_PRES_STAT,0,1594870878.2518046
CYL_PRES_STAT,0,1594870878.2841456
CYL_PRES_STAT,0,1594870878.292727
CYL_PRES_STAT,0,1594870878.3783524
CYL_PRES_STAT,0,1594870878.398813
CYL_PRES_STAT,0,1594870878.419328
CYL_PRES_STAT,0,1594870878.52186
CYL_PRES_STAT,0,1594870878.542778
CYL_PRES_STAT,0,1594870878.603717
CYL_PRES_STAT,0,1594870878.615807
CYL_PRES_STAT,0,1594870878.689706
CYL_PRES_STAT,0,1594870878.759404
CYL_PRES_STAT,0,1594870878.812555
CYL_PRES_STAT,0,1594870878.841959
CYL_PRES_STAT,0,1594870878.862175
CYL_PRES_STAT,0,1594870878.874193
CYL_PRES_STAT,0,1594870878.894932
CYL_PRES_STAT,0,1594870878.944125
CYL_PRES_STAT,0,1594870878.976416
CYL_PRES_STAT,0,1594870878.996865
CYL_PRES_STAT,0,1594870879.005445
CYL_PRES_STAT,0,1594870879.038483
CYL_PRES_STAT,0,1594870879.111567
CYL_PRES_STAT,0,1594870879.123966
CYL_PRES_STAT,0,1594870879.1443212
CYL_PRES_STAT,0,1594870879.164922
CYL_PRES_STAT,0,1594870879.226231
CYL_PRES_STAT,0,1594870879.275768
CYL_PRES_STAT,0,1594870879.287636
CYL_PRES_STAT,0,1594870879.308409
CYL_PRES_STAT,0,1594870879.475868
CYL_PRES_STAT,0,1594870879.496453
CYL_PRES_STAT,0,1594870879.598876
CYL_PRES_STAT,0,1594870879.6077108
CYL_PRES_STAT,0,1594870879.648399
CYL_PRES_STAT,0,1594870879.680835
CYL_PRES_STAT,0,1594870879.722188
CYL_PRES_STAT,0,1594870879.7462988
CYL_PRES_STAT,0,1594870879.7628546
CYL_PRES_STAT,0,1594870879.803764
CYL_PRES_STAT,0,1594870879.8773868
CYL_PRES_STAT,0,1594870879.886185
CYL_PRES_STAT,0,1594870879.89796
CYL_PRES_STAT,0,1594870880.000343
CYL_PRES_STAT,0,1594870880.008857
CYL_PRES_STAT,0,1594870880.024787
CYL_PRES_STAT,0,1594870880.053979
CYL_PRES_STAT,0,1594870880.0622542
CYL_PRES_STAT,0,1594870880.0740619
CYL_PRES_STAT,0,1594870880.103461
CYL_PRES_STAT,0,1594870880.11505
CYL_PRES_STAT,0,1594870880.177019
CYL_PRES_STAT,0,1594870880.188742
CYL_PRES_STAT,0,1594870880.197247
CYL_PRES_STAT,0,1594870880.3035688
CYL_PRES_STAT,0,1594870880.3533099
CYL_PRES_STAT,0,1594870880.364842
CYL_PRES_STAT,0,1594870880.3856199
CYL_PRES_STAT,0,1594870880.487765
CYL_PRES_STAT,0,1594870880.631706
CYL_PRES_STAT,0,1594870880.6557708
CYL_PRES_STAT,0,1594870880.676021
CYL_PRES_STAT,0,1594870880.6844368
CYL_PRES_STAT,0,1594870880.6965508
CYL_PRES_STAT,0,1594870880.754264
CYL_PRES_STAT,0,1594870880.7665546
CYL_PRES_STAT,0,1594870880.77843
CYL_PRES_STAT,0,1594870880.8808908
CYL_PRES_STAT,0,1594870880.9016151
CYL_PRES_STAT,0,1594870880.922163
CYL_PRES_STAT,0,1594870880.9427466
CYL_PRES_STAT,0,1594870880.983524
CYL_PRES_STAT,0,1594870881.003912
CYL_PRES_STAT,0,1594870881.024749
CYL_PRES_STAT,0,1594870881.069288
CYL_PRES_STAT,0,1594870881.110153
CYL_PRES_STAT,0,1594870881.2332401
CYL_PRES_STAT,0,1594870881.2538922
CYL_PRES_STAT,0,1594870881.2658648
CYL_PRES_STAT,0,1594870881.385246
CYL_PRES_STAT,0,1594870881.503547
CYL_PRES_STAT,0,1594870881.5238779
CYL_PRES_STAT,0,1594870881.544487
CYL_PRES_STAT,0,1594870881.564929
CYL_PRES_STAT,0,1594870881.6346262
CYL_PRES_STAT,0,1594870881.6470392
CYL_PRES_STAT,0,1594870881.667999
CYL_PRES_STAT,0,1594870881.679575
CYL_PRES_STAT,0,1594870881.8112118
CYL_PRES_STAT,0,1594870881.998993
CYL_PRES_STAT,0,1594870882.028353
CYL_PRES_STAT,0,1594870882.122317
CYL_PRES_STAT,0,1594870882.142755
CYL_PRES_STAT,0,1594870882.195614
CYL_PRES_STAT,0,1594870882.2487562
CYL_PRES_STAT,0,1594870882.2569609
CYL_PRES_STAT,0,1594870882.265746
CYL_PRES_STAT,0,1594870882.351251
CYL_PRES_STAT,0,1594870882.3923
CYL_PRES_STAT,0,1594870882.413534
CYL_PRES_STAT,0,1594870882.4250894
CYL_PRES_STAT,0,1594870882.433641
CYL_PRES_STAT,0,1594870882.462359
CYL_PRES_STAT,0,1594870882.4742248
CYL_PRES_STAT,0,1594870882.536027
CYL_PRES_STAT,0,1594870882.568244
CYL_PRES_STAT,0,1594870882.5769851
CYL_PRES_STAT,0,1594870882.58879
CYL_PRES_STAT,0,1594870882.683004
CYL_PRES_STAT,0,1594870882.703439
CYL_PRES_STAT,0,1594870882.7238722
CYL_PRES_STAT,0,1594870882.7444394
CYL_PRES_STAT,0,1594870882.753021
CYL_PRES_STAT,0,1594870882.8881652
CYL_PRES_STAT,0,1594870882.961517
CYL_PRES_STAT,0,1594870883.0030124
CYL_PRES_STAT,0,1594870883.0148249
CYL_PRES_STAT,0,1594870883.035336
CYL_PRES_STAT,0,1594870883.043474
CYL_PRES_STAT,0,1594870883.052377
CYL_PRES_STAT,0,1594870883.076316
CYL_PRES_STAT,0,1594870883.084519
CYL_PRES_STAT,0,1594870883.137675
CYL_PRES_STAT,0,1594870883.158077
CYL_PRES_STAT,0,1594870883.166843
CYL_PRES_STAT,0,1594870883.2604742
CYL_PRES_STAT,0,1594870883.2694669
CYL_PRES_STAT,0,1594870883.281155
CYL_PRES_STAT,0,1594870883.305604
CYL_PRES_STAT,0,1594870883.3138
CYL_PRES_STAT,0,1594870883.322325
CYL_PRES_STAT,0,1594870883.334202
CYL_PRES_STAT,0,1594870883.363534
CYL_PRES_STAT,0,1594870883.395902
CYL_PRES_STAT,0,1594870883.448857
CYL_PRES_STAT,0,1594870883.489899
CYL_PRES_STAT,0,1594870883.572125
CYL_PRES_STAT,0,1594870883.584021
CYL_PRES_STAT,0,1594870883.6128821
CYL_PRES_STAT,0,1594870883.633271
CYL_PRES_STAT,0,1594870883.6541948
CYL_PRES_STAT,0,1594870883.6660204
CYL_PRES_STAT,0,1594870883.727486
CYL_PRES_STAT,0,1594870883.747958
CYL_PRES_STAT,0,1594870883.7565598
CYL_PRES_STAT,0,1594870883.809443
CYL_PRES_STAT,0,1594870883.891258
CYL_PRES_STAT,0,1594870883.912292
CYL_PRES_STAT,0,1594870883.923987
CYL_PRES_STAT,0,1594870883.9445386
CYL_PRES_STAT,0,1594870883.965032
CYL_PRES_STAT,0,1594870884.0673778
CYL_PRES_STAT,0,1594870884.0798411
CYL_PRES_STAT,0,1594870884.161592
CYL_PRES_STAT,0,1594870884.174031
CYL_PRES_STAT,0,1594870884.1943848
CYL_PRES_STAT,0,1594870884.243989
CYL_PRES_STAT,0,1594870884.255811
CYL_PRES_STAT,0,1594870884.276162
CYL_PRES_STAT,0,1594870884.2966368
CYL_PRES_STAT,0,1594870884.461091
CYL_PRES_STAT,0,1594870884.494258
CYL_PRES_STAT,0,1594870884.502398
CYL_PRES_STAT,0,1594870884.522413
CYL_PRES_STAT,0,1594870884.543294
CYL_PRES_STAT,0,1594870884.5753114
CYL_PRES_STAT,0,1594870884.616238
CYL_PRES_STAT,0,1594870884.625299
CYL_PRES_STAT,0,1594870884.64902
CYL_PRES_STAT,0,1594870884.657933
CYL_PRES_STAT,0,1594870884.7104454
CYL_PRES_STAT,0,1594870884.772001
CYL_PRES_STAT,0,1594870884.7923331
CYL_PRES_STAT,0,1594870884.813189
CYL_PRES_STAT,0,1594870884.8419518
CYL_PRES_STAT,0,1594870884.906961
CYL_PRES_STAT,0,1594870884.915391
CYL_PRES_STAT,0,1594870884.939683
CYL_PRES_STAT,0,1594870884.960285
CYL_PRES_STAT,0,1594870884.9978259
CYL_PRES_STAT,0,1594870885.0298731
CYL_PRES_STAT,0,1594870885.071006
CYL_PRES_STAT,0,1594870885.083103
CYL_PRES_STAT,0,1594870885.103624
CYL_PRES_STAT,0,1594870885.1122868
CYL_PRES_STAT,0,1594870885.12412
CYL_PRES_STAT,0,1594870885.153389
CYL_PRES_STAT,0,1594870885.214668
CYL_PRES_STAT,0,1594870885.247586
CYL_PRES_STAT,0,1594870885.3702886
CYL_PRES_STAT,0,1594870885.390786
CYL_PRES_STAT,0,1594870885.402778
CYL_PRES_STAT,0,1594870885.4113052
CYL_PRES_STAT,0,1594870885.435468
CYL_PRES_STAT,0,1594870885.4561422
CYL_PRES_STAT,0,1594870885.517348
CYL_PRES_STAT,0,1594870885.538002
CYL_PRES_STAT,0,1594870885.558221
CYL_PRES_STAT,0,1594870885.578754
CYL_PRES_STAT,0,1594870885.7549481
CYL_PRES_STAT,0,1594870885.763531
CYL_PRES_STAT,0,1594870885.7959528
CYL_PRES_STAT,0,1594870885.820418
CYL_PRES_STAT,0,1594870885.910582
CYL_PRES_STAT,0,1594870886.0131998
CYL_PRES_STAT,0,1594870886.074492
CYL_PRES_STAT,0,1594870886.1399
CYL_PRES_STAT,0,1594870886.1688251
CYL_PRES_STAT,0,1594870886.1772132
CYL_PRES_STAT,0,1594870886.2710476
CYL_PRES_STAT,0,1594870886.283227
CYL_PRES_STAT,0,1594870886.3159502
CYL_PRES_STAT,0,1594870886.32434
CYL_PRES_STAT,0,1594870886.344691
CYL_PRES_STAT,0,1594870886.406105
CYL_PRES_STAT,0,1594870886.426572
CYL_PRES_STAT,0,1594870886.4592671
CYL_PRES_STAT,0,1594870886.467832
CYL_PRES_STAT,0,1594870886.4885044
CYL_PRES_STAT,0,1594870886.553625
CYL_PRES_STAT,0,1594870886.574039
CYL_PRES_STAT,0,1594870886.63545
CYL_PRES_STAT,0,1594870886.6442409
CYL_PRES_STAT,0,1594870886.717429
CYL_PRES_STAT,0,1594870886.725923
CYL_PRES_STAT,0,1594870886.7583401
CYL_PRES_STAT,0,1594870886.860833
CYL_PRES_STAT,0,1594870886.8729448
CYL_PRES_STAT,0,1594870886.8816352
CYL_PRES_STAT,0,1594870886.8936331
CYL_PRES_STAT,0,1594870886.9058
CYL_PRES_STAT,0,1594870886.9344552
CYL_PRES_STAT,0,1594870886.943361
CYL_PRES_STAT,0,1594870886.963511
CYL_PRES_STAT,0,1594870887.008278
CYL_PRES_STAT,0,1594870887.016446
CYL_PRES_STAT,0,1594870887.0250392
CYL_PRES_STAT,0,1594870887.0697012
CYL_PRES_STAT,0,1594870887.15158
CYL_PRES_STAT,0,1594870887.1727734
CYL_PRES_STAT,0,1594870887.193231
CYL_PRES_STAT,0,1594870887.2134712
CYL_PRES_STAT,0,1594870887.254435
CYL_PRES_STAT,0,1594870887.3071306
CYL_PRES_STAT,0,1594870887.315926
CYL_PRES_STAT,0,1594870887.33604
CYL_PRES_STAT,0,1594870887.462775
CYL_PRES_STAT,0,1594870887.503716
CYL_PRES_STAT,0,1594870887.5243561
CYL_PRES_STAT,0,1594870887.5447428
CYL_PRES_STAT,0,1594870887.6273851
CYL_PRES_STAT,0,1594870887.638936
CYL_PRES_STAT,0,1594870887.7907732
CYL_PRES_STAT,0,1594870887.802864
CYL_PRES_STAT,0,1594870887.835559
CYL_PRES_STAT,0,1594870887.856097
CYL_PRES_STAT,0,1594870887.8970306
CYL_PRES_STAT,0,1594870887.9173849
CYL_PRES_STAT,0,1594870887.967081
CYL_PRES_STAT,0,1594870888.040716
CYL_PRES_STAT,0,1594870888.052717
CYL_PRES_STAT,0,1594870888.0613198
CYL_PRES_STAT,0,1594870888.085384
CYL_PRES_STAT,0,1594870888.12275
CYL_PRES_STAT,0,1594870888.134636
CYL_PRES_STAT,0,1594870888.163682
CYL_PRES_STAT,0,1594870888.208183
CYL_PRES_STAT,0,1594870888.2168374
CYL_PRES_STAT,0,1594870888.228759
CYL_PRES_STAT,0,1594870888.3315618
CYL_PRES_STAT,0,1594870888.351891
CYL_PRES_STAT,0,1594870888.3843858
CYL_PRES_STAT,0,1594870888.3931382
CYL_PRES_STAT,0,1594870888.41346
CYL_PRES_STAT,0,1594870888.5158556
CYL_PRES_STAT,0,1594870888.548373
CYL_PRES_STAT,0,1594870888.568876
CYL_PRES_STAT,0,1594870888.5810368
CYL_PRES_STAT,0,1594870888.601398
CYL_PRES_STAT,0,1594870888.6428618
CYL_PRES_STAT,0,1594870888.662859
CYL_PRES_STAT,0,1594870888.683392
CYL_PRES_STAT,0,1594870888.7045069
CYL_PRES_STAT,0,1594870888.7243679
CYL_PRES_STAT,0,1594870888.798153
CYL_PRES_STAT,0,1594870888.8185248
CYL_PRES_STAT,0,1594870888.827103
CYL_PRES_STAT,0,1594870888.8594408
CYL_PRES_STAT,0,1594870888.933231
CYL_PRES_STAT,0,1594870888.953729
CYL_PRES_STAT,0,1594870888.962388
CYL_PRES_STAT,0,1594870889.01518
CYL_PRES_STAT,0,1594870889.0356858
CYL_PRES_STAT,0,1594870889.105669
CYL_PRES_STAT,0,1594870889.117558
CYL_PRES_STAT,0,1594870889.1262882
CYL_PRES_STAT,0,1594870889.261316
CYL_PRES_STAT,0,1594870889.285356
CYL_PRES_STAT,0,1594870889.293775
CYL_PRES_STAT,0,1594870889.3060546
CYL_PRES_STAT,0,1594870889.334723
CYL_PRES_STAT,0,1594870889.343212
CYL_PRES_STAT,0,1594870889.4084456
CYL_PRES_STAT,0,1594870889.5316525
CYL_PRES_STAT,0,1594870889.552078
CYL_PRES_STAT,0,1594870889.5726056
CYL_PRES_STAT,0,1594870889.593226
CYL_PRES_STAT,0,1594870889.666263
CYL_PRES_STAT,0,1594870889.6867962
CYL_PRES_STAT,0,1594870889.715909
CYL_PRES_STAT,0,1594870889.748268
CYL_PRES_STAT,0,1594870889.768973
CYL_PRES_STAT,0,1594870889.7810369
CYL_PRES_STAT,0,1594870889.8016794
CYL_PRES_STAT,0,1594870889.822088
CYL_PRES_STAT,0,1594870889.842558
CYL_PRES_STAT,0,1594870889.904063
CYL_PRES_STAT,0,1594870889.9244976
CYL_PRES_STAT,0,1594870890.059618
CYL_PRES_STAT,0,1594870890.150353
CYL_PRES_STAT,0,1594870890.174355
CYL_PRES_STAT,0,1594870890.1824641
CYL_PRES_STAT,0,1594870890.194816
CYL_PRES_STAT,0,1594870890.203924
CYL_PRES_STAT,0,1594870890.2151802
CYL_PRES_STAT,0,1594870890.2854939
CYL_PRES_STAT,0,1594870890.305939
CYL_PRES_STAT,0,1594870890.346615
CYL_PRES_STAT,0,1594870890.420314
CYL_PRES_STAT,0,1594870890.44116
CYL_PRES_STAT,0,1594870890.45278
CYL_PRES_STAT,0,1594870890.464993
CYL_PRES_STAT,0,1594870890.5757296
CYL_PRES_STAT,0,1594870890.5878859
CYL_PRES_STAT,0,1594870890.608469
CYL_PRES_STAT,0,1594870890.731491
CYL_PRES_STAT,0,1594870890.772751
CYL_PRES_STAT,0,1594870890.784509
CYL_PRES_STAT,0,1594870890.7932858
CYL_PRES_STAT,0,1594870890.8991628
CYL_PRES_STAT,0,1594870891.022175
CYL_PRES_STAT,0,1594870891.030686
CYL_PRES_STAT,0,1594870891.0426538
CYL_PRES_STAT,0,1594870891.0634131
CYL_PRES_STAT,0,1594870891.071527
CYL_PRES_STAT,0,1594870891.0835042
CYL_PRES_STAT,0,1594870891.104073
CYL_PRES_STAT,0,1594870891.133167
CYL_PRES_STAT,0,1594870891.186429
CYL_PRES_STAT,0,1594870891.19831
CYL_PRES_STAT,0,1594870891.218812
CYL_PRES_STAT,0,1594870891.227364
CYL_PRES_STAT,0,1594870891.3091252
CYL_PRES_STAT,0,1594870891.333261
CYL_PRES_STAT,0,1594870891.35385
CYL_PRES_STAT,0,1594870891.394777
CYL_PRES_STAT,0,1594870891.517812
CYL_PRES_STAT,0,1594870891.529884
CYL_PRES_STAT,0,1594870891.611826
CYL_PRES_STAT,0,1594870891.620383
CYL_PRES_STAT,0,1594870891.694392
CYL_PRES_STAT,0,1594870891.7469358
CYL_PRES_STAT,0,1594870891.7880251
CYL_PRES_STAT,0,1594870891.869955
CYL_PRES_STAT,0,1594870891.9317381
CYL_PRES_STAT,0,1594870891.9438019
CYL_PRES_STAT,0,1594870891.9525301
CYL_PRES_STAT,0,1594870891.972668
CYL_PRES_STAT,0,1594870891.9935126
CYL_PRES_STAT,0,1594870892.066427
CYL_PRES_STAT,0,1594870892.078816
CYL_PRES_STAT,0,1594870892.14847
CYL_PRES_STAT,0,1594870892.201859
CYL_PRES_STAT,0,1594870892.2222052
CYL_PRES_STAT,0,1594870892.275292
CYL_PRES_STAT,0,1594870892.284086
CYL_PRES_STAT,0,1594870892.324573
CYL_PRES_STAT,0,1594870892.336786
CYL_PRES_STAT,0,1594870892.407146
CYL_PRES_STAT,0,1594870892.468469
CYL_PRES_STAT,0,1594870892.533458
CYL_PRES_STAT,0,1594870892.562135
CYL_PRES_STAT,0,1594870892.582752
CYL_PRES_STAT,0,1594870892.594887
CYL_PRES_STAT,0,1594870892.603488
CYL_PRES_STAT,0,1594870892.6768222
CYL_PRES_STAT,0,1594870892.697275
CYL_PRES_STAT,0,1594870892.717771
CYL_PRES_STAT,0,1594870892.8037279
CYL_PRES_STAT,0,1594870892.824379
CYL_PRES_STAT,0,1594870892.83235
CYL_PRES_STAT,0,1594870892.8410609
CYL_PRES_STAT,0,1594870892.8529534
CYL_PRES_STAT,0,1594870892.865149
CYL_PRES_STAT,0,1594870892.955352
CYL_PRES_STAT,0,1594870892.967558
CYL_PRES_STAT,0,1594870892.9966881
CYL_PRES_STAT,0,1594870893.008557
CYL_PRES_STAT,0,1594870893.02904
CYL_PRES_STAT,0,1594870893.058235
CYL_PRES_STAT,0,1594870893.0905569
CYL_PRES_STAT,0,1594870893.1028216
CYL_PRES_STAT,0,1594870893.110938
CYL_PRES_STAT,0,1594870893.143679
CYL_PRES_STAT,0,1594870893.1846874
CYL_PRES_STAT,0,1594870893.193268
CYL_PRES_STAT,0,1594870893.2788641
CYL_PRES_STAT,0,1594870893.3075268
CYL_PRES_STAT,0,1594870893.3280706
CYL_PRES_STAT,0,1594870893.3571448
CYL_PRES_STAT,0,1594870893.4426172
CYL_PRES_STAT,0,1594870893.463562
CYL_PRES_STAT,0,1594870893.4840794
CYL_PRES_STAT,0,1594870893.5044868
CYL_PRES_STAT,0,1594870893.733398
CYL_PRES_STAT,0,1594870893.782999
CYL_PRES_STAT,0,1594870893.794888
CYL_PRES_STAT,0,1594870893.857174
CYL_PRES_STAT,0,1594870893.86516
CYL_PRES_STAT,0,1594870893.876883
CYL_PRES_STAT,0,1594870893.9185102
CYL_PRES_STAT,0,1594870893.9831882
CYL_PRES_STAT,0,1594870894.000225
CYL_PRES_STAT,0,1594870894.0205731
CYL_PRES_STAT,0,1594870894.0447204
CYL_PRES_STAT,0,1594870894.065135
CYL_PRES_STAT,0,1594870894.085809
CYL_PRES_STAT,0,1594870894.167819
CYL_PRES_STAT,0,1594870894.179882
CYL_PRES_STAT,0,1594870894.237698
CYL_PRES_STAT,0,1594870894.332024
CYL_PRES_STAT,0,1594870894.343782
CYL_PRES_STAT,0,1594870894.352447
CYL_PRES_STAT,0,1594870894.3846722
CYL_PRES_STAT,0,1594870894.458318
CYL_PRES_STAT,0,1594870894.478956
CYL_PRES_STAT,0,1594870894.49941
CYL_PRES_STAT,0,1594870894.548865
CYL_PRES_STAT,0,1594870894.581764
CYL_PRES_STAT,0,1594870894.602297
CYL_PRES_STAT,0,1594870894.6102881
CYL_PRES_STAT,0,1594870894.622515
CYL_PRES_STAT,0,1594870894.663643
CYL_PRES_STAT,0,1594870894.684155
CYL_PRES_STAT,0,1594870894.745523
CYL_PRES_STAT,0,1594870894.757478
CYL_PRES_STAT,0,1594870894.8480859
CYL_PRES_STAT,0,1594870894.872046
CYL_PRES_STAT,0,1594870894.925416
CYL_PRES_STAT,0,1594870894.9339
CYL_PRES_STAT,0,1594870894.941752
CYL_PRES_STAT,0,1594870894.974401
CYL_PRES_STAT,0,1594870894.995035
CYL_PRES_STAT,0,1594870895.0037198
CYL_PRES_STAT,0,1594870895.056648
CYL_PRES_STAT,0,1594870895.0769448
CYL_PRES_STAT,0,1594870895.179847
CYL_PRES_STAT,0,1594870895.203893
CYL_PRES_STAT,0,1594870895.212086
CYL_PRES_STAT,0,1594870895.2245374
CYL_PRES_STAT,0,1594870895.2324429
CYL_PRES_STAT,0,1594870895.241127
CYL_PRES_STAT,0,1594870895.2530718
CYL_PRES_STAT,0,1594870895.2857876
CYL_PRES_STAT,0,1594870895.314524
CYL_PRES_STAT,0,1594870895.3476758
CYL_PRES_STAT,0,1594870895.3677301
CYL_PRES_STAT,0,1594870895.376296
CYL_PRES_STAT,0,1594870895.4087172
CYL_PRES_STAT,0,1594870895.4376726
CYL_PRES_STAT,0,1594870895.4618409
CYL_PRES_STAT,0,1594870895.502846
CYL_PRES_STAT,0,1594870895.667208
CYL_PRES_STAT,0,1594870895.679092
CYL_PRES_STAT,0,1594870895.760921
CYL_PRES_STAT,0,1594870895.801952
CYL_PRES_STAT,0,1594870895.8232632
CYL_PRES_STAT,0,1594870895.83478
CYL_PRES_STAT,0,1594870895.8468401
CYL_PRES_STAT,0,1594870895.851812
CYL_PRES_STAT,0,1594870895.863347
CYL_PRES_STAT,0,1594870895.945359
CYL_PRES_STAT,0,1594870895.986917
CYL_PRES_STAT,0,1594870895.9985142
CYL_PRES_STAT,0,1594870896.018913
CYL_PRES_STAT,0,1594870896.080868
CYL_PRES_STAT,0,1594870896.113158
CYL_PRES_STAT,0,1594870896.240074
CYL_PRES_STAT,0,1594870896.256587
CYL_PRES_STAT,0,1594870896.29794
CYL_PRES_STAT,0,1594870896.3833358
CYL_PRES_STAT,0,1594870896.420775
CYL_PRES_STAT,0,1594870896.444911
CYL_PRES_STAT,0,1594870896.465369
CYL_PRES_STAT,0,1594870896.5356002
CYL_PRES_STAT,0,1594870896.547332
CYL_PRES_STAT,0,1594870896.56784
CYL_PRES_STAT,0,1594870896.6911519
CYL_PRES_STAT,0,1594870896.715164
CYL_PRES_STAT,0,1594870896.735877
CYL_PRES_STAT,0,1594870896.752842
CYL_PRES_STAT,0,1594870896.8381162
CYL_PRES_STAT,0,1594870896.858677
CYL_PRES_STAT,0,1594870896.920015
CYL_PRES_STAT,0,1594870896.961081
CYL_PRES_STAT,0,1594870896.9814668
CYL_PRES_STAT,0,1594870896.993655
CYL_PRES_STAT,0,1594870897.001939
CYL_PRES_STAT,0,1594870897.043446
CYL_PRES_STAT,0,1594870897.0638454
CYL_PRES_STAT,0,1594870897.0720382
CYL_PRES_STAT,0,1594870897.096108
CYL_PRES_STAT,0,1594870897.1251829
CYL_PRES_STAT,0,1594870897.292763
CYL_PRES_STAT,0,1594870897.301646
CYL_PRES_STAT,0,1594870897.3131778
CYL_PRES_STAT,0,1594870897.321908
CYL_PRES_STAT,0,1594870897.333718
CYL_PRES_STAT,0,1594870897.354217
CYL_PRES_STAT,0,1594870897.4564788
CYL_PRES_STAT,0,1594870897.509897
CYL_PRES_STAT,0,1594870897.539197
CYL_PRES_STAT,0,1594870897.571295
CYL_PRES_STAT,0,1594870897.583477
CYL_PRES_STAT,0,1594870897.6041849
CYL_PRES_STAT,0,1594870897.62467
CYL_PRES_STAT,0,1594870897.686027
CYL_PRES_STAT,0,1594870897.7393432
CYL_PRES_STAT,0,1594870897.767809
CYL_PRES_STAT,0,1594870897.870899
CYL_PRES_STAT,0,1594870897.890709
CYL_PRES_STAT,0,1594870897.932039
CYL_PRES_STAT,0,1594870897.95254
CYL_PRES_STAT,0,1594870898.079093
CYL_PRES_STAT,0,1594870898.169573
CYL_PRES_STAT,0,1594870898.1815832
CYL_PRES_STAT,0,1594870898.202763
CYL_PRES_STAT,0,1594870898.2231731
CYL_PRES_STAT,0,1594870898.234841
CYL_PRES_STAT,0,1594870898.243513
CYL_PRES_STAT,0,1594870898.337077
CYL_PRES_STAT,0,1594870898.3871891
CYL_PRES_STAT,0,1594870898.460295
CYL_PRES_STAT,0,1594870898.4722881
CYL_PRES_STAT,0,1594870898.493366
CYL_PRES_STAT,0,1594870898.501375
CYL_PRES_STAT,0,1594870898.513251
CYL_PRES_STAT,0,1594870898.5543182
CYL_PRES_STAT,0,1594870898.5628788
CYL_PRES_STAT,0,1594870898.6365619
CYL_PRES_STAT,0,1594870898.6774971
CYL_PRES_STAT,0,1594870898.759327
CYL_PRES_STAT,0,1594870898.804016
CYL_PRES_STAT,0,1594870898.812416
CYL_PRES_STAT,0,1594870898.824491
CYL_PRES_STAT,0,1594870898.845056
CYL_PRES_STAT,0,1594870898.8741481
CYL_PRES_STAT,0,1594870898.9357119
CYL_PRES_STAT,0,1594870898.9474561
CYL_PRES_STAT,0,1594870898.997083
CYL_PRES_STAT,0,1594870899.0502589
CYL_PRES_STAT,0,1594870899.062201
CYL_PRES_STAT,0,1594870899.070742
CYL_PRES_STAT,0,1594870899.0915911
CYL_PRES_STAT,0,1594870899.1116931
CYL_PRES_STAT,0,1594870899.1358778
CYL_PRES_STAT,0,1594870899.1645901
CYL_PRES_STAT,0,1594870899.176713
CYL_PRES_STAT,0,1594870899.2141306
CYL_PRES_STAT,0,1594870899.2464788
CYL_PRES_STAT,0,1594870899.2586858
CYL_PRES_STAT,0,1594870899.56654
CYL_PRES_STAT,0,1594870899.692854
CYL_PRES_STAT,0,1594870899.7137294
CYL_PRES_STAT,0,1594870899.7338474
CYL_PRES_STAT,0,1594870899.7544386
CYL_PRES_STAT,0,1594870899.819784
CYL_PRES_STAT,0,1594870899.836792
CYL_PRES_STAT,0,1594870899.898077
CYL_PRES_STAT,0,1594870899.959761
CYL_PRES_STAT,0,1594870899.971832
CYL_PRES_STAT,0,1594870900.004184
CYL_PRES_STAT,0,1594870900.0246751
CYL_PRES_STAT,0,1594870900.1475449
CYL_PRES_STAT,0,1594870900.254009
CYL_PRES_STAT,0,1594870900.274398
CYL_PRES_STAT,0,1594870900.3032641
CYL_PRES_STAT,0,1594870900.315352
CYL_PRES_STAT,0,1594870900.335875
CYL_PRES_STAT,0,1594870900.438358
CYL_PRES_STAT,0,1594870900.520475
CYL_PRES_STAT,0,1594870900.561753
CYL_PRES_STAT,0,1594870900.614455
CYL_PRES_STAT,0,1594870900.634963
CYL_PRES_STAT,0,1594870900.6438382
CYL_PRES_STAT,0,1594870900.6639302
CYL_PRES_STAT,0,1594870900.708618
CYL_PRES_STAT,0,1594870900.716845
CYL_PRES_STAT,0,1594870900.729028
CYL_PRES_STAT,0,1594870900.76995
CYL_PRES_STAT,0,1594870900.851993
CYL_PRES_STAT,0,1594870900.8726768
CYL_PRES_STAT,0,1594870900.89372
CYL_PRES_STAT,0,1594870901.015955
CYL_PRES_STAT,0,1594870901.057316
CYL_PRES_STAT,0,1594870901.089634
CYL_PRES_STAT,0,1594870901.1429071
CYL_PRES_STAT,0,1594870901.1631842
CYL_PRES_STAT,0,1594870901.180088
CYL_PRES_STAT,0,1594870901.1920538
CYL_PRES_STAT,0,1594870901.212942
CYL_PRES_STAT,0,1594870901.22479
CYL_PRES_STAT,0,1594870901.245141
CYL_PRES_STAT,0,1594870901.470832
CYL_PRES_STAT,0,1594870901.494908
CYL_PRES_STAT,0,1594870901.5154374
CYL_PRES_STAT,0,1594870901.5360482
CYL_PRES_STAT,0,1594870901.617954
CYL_PRES_STAT,0,1594870901.630084
CYL_PRES_STAT,0,1594870901.638411
CYL_PRES_STAT,0,1594870901.8230882
CYL_PRES_STAT,0,1594870901.8436108
CYL_PRES_STAT,0,1594870901.875865
CYL_PRES_STAT,0,1594870901.908711
CYL_PRES_STAT,0,1594870901.990623
CYL_PRES_STAT,0,1594870901.9988132
CYL_PRES_STAT,0,1594870902.031601
CYL_PRES_STAT,0,1594870902.0726461
CYL_PRES_STAT,0,1594870902.0930052
CYL_PRES_STAT,0,1594870902.11411
CYL_PRES_STAT,0,1594870902.1954381
CYL_PRES_STAT,0,1594870902.207686
CYL_PRES_STAT,0,1594870902.215893
CYL_PRES_STAT,0,1594870902.2244189
CYL_PRES_STAT,0,1594870902.363328
CYL_PRES_STAT,0,1594870902.383796
CYL_PRES_STAT,0,1594870902.404275
CYL_PRES_STAT,0,1594870902.445257
CYL_PRES_STAT,0,1594870902.4743428
CYL_PRES_STAT,0,1594870902.4949498
CYL_PRES_STAT,0,1594870902.506691
CYL_PRES_STAT,0,1594870902.580367
CYL_PRES_STAT,0,1594870902.633754
CYL_PRES_STAT,0,1594870902.6506119
CYL_PRES_STAT,0,1594870902.6950452
CYL_PRES_STAT,0,1594870902.7036648
CYL_PRES_STAT,0,1594870902.797607
CYL_PRES_STAT,0,1594870902.818091
CYL_PRES_STAT,0,1594870902.838615
CYL_PRES_STAT,0,1594870902.92056
CYL_PRES_STAT,0,1594870902.941257
CYL_PRES_STAT,0,1594870902.953347
CYL_PRES_STAT,0,1594870902.965369
CYL_PRES_STAT,0,1594870902.973553
CYL_PRES_STAT,0,1594870902.9822578
CYL_PRES_STAT,0,1594870903.0027301
CYL_PRES_STAT,0,1594870903.023134
CYL_PRES_STAT,0,1594870903.088224
CYL_PRES_STAT,0,1594870903.105113
CYL_PRES_STAT,0,1594870903.231623
CYL_PRES_STAT,0,1594870903.293217
CYL_PRES_STAT,0,1594870903.428242
CYL_PRES_STAT,0,1594870903.4780002
CYL_PRES_STAT,0,1594870903.4899032
CYL_PRES_STAT,0,1594870903.498413
CYL_PRES_STAT,0,1594870903.522451
CYL_PRES_STAT,0,1594870903.5307488
CYL_PRES_STAT,0,1594870903.563324
CYL_PRES_STAT,0,1594870903.5838778
CYL_PRES_STAT,0,1594870903.6045961
CYL_PRES_STAT,0,1594870903.698603
CYL_PRES_STAT,0,1594870903.707169
CYL_PRES_STAT,0,1594870903.833745
CYL_PRES_STAT,0,1594870903.8419619
CYL_PRES_STAT,0,1594870903.8505569
CYL_PRES_STAT,0,1594870903.862419
CYL_PRES_STAT,0,1594870903.874835
CYL_PRES_STAT,0,1594870903.8951528
CYL_PRES_STAT,0,1594870903.9770072
CYL_PRES_STAT,0,1594870904.0180638
CYL_PRES_STAT,0,1594870904.026929
CYL_PRES_STAT,0,1594870904.120515
CYL_PRES_STAT,0,1594870904.141579
CYL_PRES_STAT,0,1594870904.203089
CYL_PRES_STAT,0,1594870904.223594
CYL_PRES_STAT,0,1594870904.2965178
CYL_PRES_STAT,0,1594870904.329349
CYL_PRES_STAT,0,1594870904.411223
CYL_PRES_STAT,0,1594870904.4439929
CYL_PRES_STAT,0,1594870904.452375
CYL_PRES_STAT,0,1594870904.473244
CYL_PRES_STAT,0,1594870904.53443
CYL_PRES_STAT,0,1594870904.5667539
CYL_PRES_STAT,0,1594870904.5754821
CYL_PRES_STAT,0,1594870904.595606
CYL_PRES_STAT,0,1594870904.607799
CYL_PRES_STAT,0,1594870904.722556
CYL_PRES_STAT,0,1594870904.743048
CYL_PRES_STAT,0,1594870904.764
CYL_PRES_STAT,0,1594870904.783936
CYL_PRES_STAT,0,1594870904.8747454
CYL_PRES_STAT,0,1594870904.886434
CYL_PRES_STAT,0,1594870904.906944
CYL_PRES_STAT,0,1594870905.013348
CYL_PRES_STAT,0,1594870905.021854
CYL_PRES_STAT,0,1594870905.030094
CYL_PRES_STAT,0,1594870905.0507488
CYL_PRES_STAT,0,1594870905.062465
CYL_PRES_STAT,0,1594870905.0748842
CYL_PRES_STAT,0,1594870905.095254
CYL_PRES_STAT,0,1594870905.165165
CYL_PRES_STAT,0,1594870905.2183306
CYL_PRES_STAT,0,1594870905.291701
CYL_PRES_STAT,0,1594870905.34514
CYL_PRES_STAT,0,1594870905.3540149
CYL_PRES_STAT,0,1594870905.36209
CYL_PRES_STAT,0,1594870905.382457
CYL_PRES_STAT,0,1594870905.467957
CYL_PRES_STAT,0,1594870905.488415
CYL_PRES_STAT,0,1594870905.6117706
CYL_PRES_STAT,0,1594870905.63205
CYL_PRES_STAT,0,1594870905.652797
CYL_PRES_STAT,0,1594870905.714114
CYL_PRES_STAT,0,1594870905.7669868
CYL_PRES_STAT,0,1594870905.80806
CYL_PRES_STAT,0,1594870905.828439
CYL_PRES_STAT,0,1594870905.90241
CYL_PRES_STAT,0,1594870905.9635608
CYL_PRES_STAT,0,1594870905.984268
CYL_PRES_STAT,0,1594870906.086943
CYL_PRES_STAT,0,1594870906.0986528
CYL_PRES_STAT,0,1594870906.213436
CYL_PRES_STAT,0,1594870906.221694
CYL_PRES_STAT,0,1594870906.230152
CYL_PRES_STAT,0,1594870906.254304
CYL_PRES_STAT,0,1594870906.275
CYL_PRES_STAT,0,1594870906.356634
CYL_PRES_STAT,0,1594870906.377099
CYL_PRES_STAT,0,1594870906.406414
CYL_PRES_STAT,0,1594870906.418205
CYL_PRES_STAT,0,1594870906.500728
CYL_PRES_STAT,0,1594870906.5124369
CYL_PRES_STAT,0,1594870906.5247278
CYL_PRES_STAT,0,1594870906.582485
CYL_PRES_STAT,0,1594870906.594308
CYL_PRES_STAT,0,1594870906.668023
CYL_PRES_STAT,0,1594870906.717628
CYL_PRES_STAT,0,1594870906.8320892
CYL_PRES_STAT,0,1594870906.844079
CYL_PRES_STAT,0,1594870906.852833
CYL_PRES_STAT,0,1594870906.8735142
CYL_PRES_STAT,0,1594870906.905641
CYL_PRES_STAT,0,1594870906.914184
CYL_PRES_STAT,0,1594870906.9669912
CYL_PRES_STAT,0,1594870906.975807
CYL_PRES_STAT,0,1594870907.102418
CYL_PRES_STAT,0,1594870907.12271
CYL_PRES_STAT,0,1594870907.1431289
CYL_PRES_STAT,0,1594870907.163666
CYL_PRES_STAT,0,1594870907.17594
CYL_PRES_STAT,0,1594870907.2868428
CYL_PRES_STAT,0,1594870907.4134462
CYL_PRES_STAT,0,1594870907.422274
CYL_PRES_STAT,0,1594870907.454433
CYL_PRES_STAT,0,1594870907.556917
CYL_PRES_STAT,0,1594870907.577397
CYL_PRES_STAT,0,1594870907.679997
CYL_PRES_STAT,0,1594870907.700885
CYL_PRES_STAT,0,1594870907.724909
CYL_PRES_STAT,0,1594870907.732826
CYL_PRES_STAT,0,1594870907.741586
CYL_PRES_STAT,0,1594870907.753424
CYL_PRES_STAT,0,1594870907.765645
CYL_PRES_STAT,0,1594870907.7861972
CYL_PRES_STAT,0,1594870907.847582
CYL_PRES_STAT,0,1594870907.8681831
CYL_PRES_STAT,0,1594870907.8886778
CYL_PRES_STAT,0,1594870907.93835
CYL_PRES_STAT,0,1594870908.003289
CYL_PRES_STAT,0,1594870908.032172
CYL_PRES_STAT,0,1594870908.0440938
CYL_PRES_STAT,0,1594870908.052775
CYL_PRES_STAT,0,1594870908.158981
CYL_PRES_STAT,0,1594870908.2080884
CYL_PRES_STAT,0,1594870908.237087
CYL_PRES_STAT,0,1594870908.281754
CYL_PRES_STAT,0,1594870908.290336
CYL_PRES_STAT,0,1594870908.302297
CYL_PRES_STAT,0,1594870908.466481
CYL_PRES_STAT,0,1594870908.527984
CYL_PRES_STAT,0,1594870908.548322
CYL_PRES_STAT,0,1594870908.613504
CYL_PRES_STAT,0,1594870908.6545658
CYL_PRES_STAT,0,1594870908.663049
CYL_PRES_STAT,0,1594870908.674873
CYL_PRES_STAT,0,1594870908.7451198
CYL_PRES_STAT,0,1594870908.756945
CYL_PRES_STAT,0,1594870908.777309
CYL_PRES_STAT,0,1594870908.797911
CYL_PRES_STAT,0,1594870908.8307052
CYL_PRES_STAT,0,1594870908.880115
CYL_PRES_STAT,0,1594870908.900726
CYL_PRES_STAT,0,1594870908.924717
CYL_PRES_STAT,0,1594870908.9622269
CYL_PRES_STAT,0,1594870908.9944599
CYL_PRES_STAT,0,1594870909.0270588
CYL_PRES_STAT,0,1594870909.0356748
CYL_PRES_STAT,0,1594870909.04764
CYL_PRES_STAT,0,1594870909.055841
CYL_PRES_STAT,0,1594870909.0681448
CYL_PRES_STAT,0,1594870909.076698
CYL_PRES_STAT,0,1594870909.0888162
CYL_PRES_STAT,0,1594870909.232327
CYL_PRES_STAT,0,1594870909.244241
CYL_PRES_STAT,0,1594870909.252825
CYL_PRES_STAT,0,1594870909.314293
CYL_PRES_STAT,0,1594870909.358902
CYL_PRES_STAT,0,1594870909.3793669
CYL_PRES_STAT,0,1594870909.4821296
CYL_PRES_STAT,0,1594870909.5029278
CYL_PRES_STAT,0,1594870909.5227618
CYL_PRES_STAT,0,1594870909.543344
CYL_PRES_STAT,0,1594870909.5842721
CYL_PRES_STAT,0,1594870909.6458821
CYL_PRES_STAT,0,1594870909.6579342
CYL_PRES_STAT,0,1594870909.666395
CYL_PRES_STAT,0,1594870909.7397811
CYL_PRES_STAT,0,1594870909.760363
CYL_PRES_STAT,0,1594870909.854618
CYL_PRES_STAT,0,1594870910.059942
CYL_PRES_STAT,0,1594870910.104557
CYL_PRES_STAT,0,1594870910.1248572
CYL_PRES_STAT,0,1594870910.2272158
CYL_PRES_STAT,0,1594870910.235499
CYL_PRES_STAT,0,1594870910.247736
CYL_PRES_STAT,0,1594870910.374839
CYL_PRES_STAT,0,1594870910.391766
CYL_PRES_STAT,0,1594870910.4033852
CYL_PRES_STAT,0,1594870910.412141
CYL_PRES_STAT,0,1594870910.4323132
CYL_PRES_STAT,0,1594870910.538556
CYL_PRES_STAT,0,1594870910.5877519
CYL_PRES_STAT,0,1594870910.661543
CYL_PRES_STAT,0,1594870910.6818788
CYL_PRES_STAT,0,1594870910.7234292
CYL_PRES_STAT,0,1594870910.735308
CYL_PRES_STAT,0,1594870910.8460472
CYL_PRES_STAT,0,1594870910.952322
CYL_PRES_STAT,0,1594870910.9809859
CYL_PRES_STAT,0,1594870911.01375
CYL_PRES_STAT,0,1594870911.0340712
CYL_PRES_STAT,0,1594870911.054592
CYL_PRES_STAT,0,1594870911.075211
CYL_PRES_STAT,0,1594870911.2599194
CYL_PRES_STAT,0,1594870911.280322
CYL_PRES_STAT,0,1594870911.304427
CYL_PRES_STAT,0,1594870911.345474
CYL_PRES_STAT,0,1594870911.427331
CYL_PRES_STAT,0,1594870911.4684598
CYL_PRES_STAT,0,1594870911.612053
CYL_PRES_STAT,0,1594870911.6324742
CYL_PRES_STAT,0,1594870911.644453
CYL_PRES_STAT,0,1594870911.656632
CYL_PRES_STAT,0,1594870911.7385051
CYL_PRES_STAT,0,1594870911.8497288
CYL_PRES_STAT,0,1594870911.861492
CYL_PRES_STAT,0,1594870911.882038
CYL_PRES_STAT,0,1594870911.894191
CYL_PRES_STAT,0,1594870911.903016
CYL_PRES_STAT,0,1594870911.923243
CYL_PRES_STAT,0,1594870911.955801
CYL_PRES_STAT,0,1594870911.9639614
CYL_PRES_STAT,0,1594870912.0048711
CYL_PRES_STAT,0,1594870912.04623
CYL_PRES_STAT,0,1594870912.058113
CYL_PRES_STAT,0,1594870912.15215
CYL_PRES_STAT,0,1594870912.1728158
CYL_PRES_STAT,0,1594870912.222311
CYL_PRES_STAT,0,1594870912.2344162
CYL_PRES_STAT,0,1594870912.254943
CYL_PRES_STAT,0,1594870912.3488278
CYL_PRES_STAT,0,1594870912.357174
CYL_PRES_STAT,0,1594870912.4393668
CYL_PRES_STAT,0,1594870912.472116
CYL_PRES_STAT,0,1594870912.4839628
CYL_PRES_STAT,0,1594870912.504566
CYL_PRES_STAT,0,1594870912.5249698
CYL_PRES_STAT,0,1594870912.63619
CYL_PRES_STAT,0,1594870912.6975546
CYL_PRES_STAT,0,1594870912.7093391
CYL_PRES_STAT,0,1594870912.75438
CYL_PRES_STAT,0,1594870912.774742
CYL_PRES_STAT,0,1594870912.79534
CYL_PRES_STAT,0,1594870912.8122704
CYL_PRES_STAT,0,1594870912.918221
CYL_PRES_STAT,0,1594870913.00876
CYL_PRES_STAT,0,1594870913.0498428
CYL_PRES_STAT,0,1594870913.070112
CYL_PRES_STAT,0,1594870913.1030009
CYL_PRES_STAT,0,1594870913.123026
CYL_PRES_STAT,0,1594870913.1314726
CYL_PRES_STAT,0,1594870913.2171476
CYL_PRES_STAT,0,1594870913.319663
CYL_PRES_STAT,0,1594870913.3524966
CYL_PRES_STAT,0,1594870913.373085
CYL_PRES_STAT,0,1594870913.385228
CYL_PRES_STAT,0,1594870913.3938038
CYL_PRES_STAT,0,1594870913.4137561
CYL_PRES_STAT,0,1594870913.4341726
CYL_PRES_STAT,0,1594870913.4837694
CYL_PRES_STAT,0,1594870913.4957054
CYL_PRES_STAT,0,1594870913.516624
CYL_PRES_STAT,0,1594870913.569435
CYL_PRES_STAT,0,1594870913.577922
CYL_PRES_STAT,0,1594870913.6188989
CYL_PRES_STAT,0,1594870913.6309152
CYL_PRES_STAT,0,1594870913.6432376
CYL_PRES_STAT,0,1594870913.6514602
CYL_PRES_STAT,0,1594870913.6601114
CYL_PRES_STAT,0,1594870913.684044
CYL_PRES_STAT,0,1594870913.724976
CYL_PRES_STAT,0,1594870913.798817
CYL_PRES_STAT,0,1594870913.827455
CYL_PRES_STAT,0,1594870913.836015
CYL_PRES_STAT,0,1594870913.847955
CYL_PRES_STAT,0,1594870913.876964
CYL_PRES_STAT,0,1594870913.929937
CYL_PRES_STAT,0,1594870913.991713
CYL_PRES_STAT,0,1594870914.0157518
CYL_PRES_STAT,0,1594870914.065027
CYL_PRES_STAT,0,1594870914.1184692
CYL_PRES_STAT,0,1594870914.2411578
CYL_PRES_STAT,0,1594870914.261575
CYL_PRES_STAT,0,1594870914.2824829
CYL_PRES_STAT,0,1594870914.2944028
CYL_PRES_STAT,0,1594870914.3031738
CYL_PRES_STAT,0,1594870914.323657
CYL_PRES_STAT,0,1594870914.408917
CYL_PRES_STAT,0,1594870914.449936
CYL_PRES_STAT,0,1594870914.5318332
CYL_PRES_STAT,0,1594870914.540792
CYL_PRES_STAT,0,1594870914.5523992
CYL_PRES_STAT,0,1594870914.6139488
CYL_PRES_STAT,0,1594870914.6226509
CYL_PRES_STAT,0,1594870914.634635
CYL_PRES_STAT,0,1594870914.695791
CYL_PRES_STAT,0,1594870914.819423
CYL_PRES_STAT,0,1594870914.863627
CYL_PRES_STAT,0,1594870914.871927
CYL_PRES_STAT,0,1594870914.884099
CYL_PRES_STAT,0,1594870915.068737
CYL_PRES_STAT,0,1594870915.089013
CYL_PRES_STAT,0,1594870915.1218162
CYL_PRES_STAT,0,1594870915.130346
CYL_PRES_STAT,0,1594870915.1545448
CYL_PRES_STAT,0,1594870915.174986
CYL_PRES_STAT,0,1594870915.195369
CYL_PRES_STAT,0,1594870915.286274
CYL_PRES_STAT,0,1594870915.2978868
CYL_PRES_STAT,0,1594870915.318511
CYL_PRES_STAT,0,1594870915.3680806
CYL_PRES_STAT,0,1594870915.4210892
CYL_PRES_STAT,0,1594870915.6091578
CYL_PRES_STAT,0,1594870915.617801
CYL_PRES_STAT,0,1594870915.679019
CYL_PRES_STAT,0,1594870915.7320368
CYL_PRES_STAT,0,1594870915.75264
CYL_PRES_STAT,0,1594870915.7737288
CYL_PRES_STAT,0,1594870915.814025
CYL_PRES_STAT,0,1594870915.8343945
CYL_PRES_STAT,0,1594870915.879391
CYL_PRES_STAT,0,1594870915.883948
CYL_PRES_STAT,0,1594870915.8963578
CYL_PRES_STAT,0,1594870916.0023599
CYL_PRES_STAT,0,1594870916.019294
CYL_PRES_STAT,0,1594870916.0314162
CYL_PRES_STAT,0,1594870916.113311
CYL_PRES_STAT,0,1594870916.1251118
CYL_PRES_STAT,0,1594870916.2072349
CYL_PRES_STAT,0,1594870916.309833
CYL_PRES_STAT,0,1594870916.3714812
CYL_PRES_STAT,0,1594870916.395464
CYL_PRES_STAT,0,1594870916.444714
CYL_PRES_STAT,0,1594870916.4978838
CYL_PRES_STAT,0,1594870916.547532
CYL_PRES_STAT,0,1594870916.5594418
CYL_PRES_STAT,0,1594870916.579869
CYL_PRES_STAT,0,1594870916.621269
CYL_PRES_STAT,0,1594870916.662291
CYL_PRES_STAT,0,1594870916.682955
CYL_PRES_STAT,0,1594870916.694606
CYL_PRES_STAT,0,1594870916.7030811
CYL_PRES_STAT,0,1594870916.7646651
CYL_PRES_STAT,0,1594870916.7767339
CYL_PRES_STAT,0,1594870916.805753
CYL_PRES_STAT,0,1594870916.837965
CYL_PRES_STAT,0,1594870916.8586292
CYL_PRES_STAT,0,1594870916.9935591
CYL_PRES_STAT,0,1594870917.014498
CYL_PRES_STAT,0,1594870917.076056
CYL_PRES_STAT,0,1594870917.116822
CYL_PRES_STAT,0,1594870917.243327
CYL_PRES_STAT,0,1594870917.2638988
CYL_PRES_STAT,0,1594870917.272819
CYL_PRES_STAT,0,1594870917.2844741
CYL_PRES_STAT,0,1594870917.3252199
CYL_PRES_STAT,0,1594870917.386679
CYL_PRES_STAT,0,1594870917.395246
CYL_PRES_STAT,0,1594870917.427689
CYL_PRES_STAT,0,1594870917.448094
CYL_PRES_STAT,0,1594870917.5101
CYL_PRES_STAT,0,1594870917.521966
CYL_PRES_STAT,0,1594870917.534115
CYL_PRES_STAT,0,1594870917.554726
CYL_PRES_STAT,0,1594870917.575247
CYL_PRES_STAT,0,1594870917.6159658
CYL_PRES_STAT,0,1594870917.64475
CYL_PRES_STAT,0,1594870917.6775649
CYL_PRES_STAT,0,1594870917.686483
CYL_PRES_STAT,0,1594870917.779938
CYL_PRES_STAT,0,1594870917.820976
CYL_PRES_STAT,0,1594870917.865796
CYL_PRES_STAT,0,1594870917.882745
CYL_PRES_STAT,0,1594870917.9888818
CYL_PRES_STAT,0,1594870918.091348
CYL_PRES_STAT,0,1594870918.132483
CYL_PRES_STAT,0,1594870918.1529331
CYL_PRES_STAT,0,1594870918.193732
CYL_PRES_STAT,0,1594870918.2141068
CYL_PRES_STAT,0,1594870918.255724
CYL_PRES_STAT,0,1594870918.267308
CYL_PRES_STAT,0,1594870918.279511
CYL_PRES_STAT,0,1594870918.3082929
CYL_PRES_STAT,0,1594870918.3170614
CYL_PRES_STAT,0,1594870918.34917
CYL_PRES_STAT,0,1594870918.402497
CYL_PRES_STAT,0,1594870918.422957
CYL_PRES_STAT,0,1594870918.4353752
CYL_PRES_STAT,0,1594870918.443342
CYL_PRES_STAT,0,1594870918.463959
CYL_PRES_STAT,0,1594870918.5050206
CYL_PRES_STAT,0,1594870918.534087
CYL_PRES_STAT,0,1594870918.574882
CYL_PRES_STAT,0,1594870918.587185
CYL_PRES_STAT,0,1594870918.598948
CYL_PRES_STAT,0,1594870918.648135
CYL_PRES_STAT,0,1594870918.7100108
CYL_PRES_STAT,0,1594870918.742359
CYL_PRES_STAT,0,1594870918.751467
CYL_PRES_STAT,0,1594870918.7629054
CYL_PRES_STAT,0,1594870918.7750778
CYL_PRES_STAT,0,1594870918.980046
CYL_PRES_STAT,0,1594870919.0014908
CYL_PRES_STAT,0,1594870919.0127301
CYL_PRES_STAT,0,1594870919.0213966
CYL_PRES_STAT,0,1594870919.045407
CYL_PRES_STAT,0,1594870919.0535939
CYL_PRES_STAT,0,1594870919.062156
CYL_PRES_STAT,0,1594870919.082869
CYL_PRES_STAT,0,1594870919.115128
CYL_PRES_STAT,0,1594870919.147819
CYL_PRES_STAT,0,1594870919.164733
CYL_PRES_STAT,0,1594870919.176684
CYL_PRES_STAT,0,1594870919.188799
CYL_PRES_STAT,0,1594870919.229703
CYL_PRES_STAT,0,1594870919.29982
CYL_PRES_STAT,0,1594870919.311701
CYL_PRES_STAT,0,1594870919.332214
CYL_PRES_STAT,0,1594870919.344476
CYL_PRES_STAT,0,1594870919.373128
CYL_PRES_STAT,0,1594870919.455082
CYL_PRES_STAT,0,1594870919.476125
CYL_PRES_STAT,0,1594870919.487894
CYL_PRES_STAT,0,1594870919.5492976
CYL_PRES_STAT,0,1594870919.581986
CYL_PRES_STAT,0,1594870919.590168
CYL_PRES_STAT,0,1594870919.6023989
CYL_PRES_STAT,0,1594870919.6228669
CYL_PRES_STAT,0,1594870919.643467
CYL_PRES_STAT,0,1594870919.651902
CYL_PRES_STAT,0,1594870919.664
CYL_PRES_STAT,0,1594870919.676182
CYL_PRES_STAT,0,1594870919.7459
CYL_PRES_STAT,0,1594870919.7582214
CYL_PRES_STAT,0,1594870919.766476
CYL_PRES_STAT,0,1594870919.774796
CYL_PRES_STAT,0,1594870919.848584
CYL_PRES_STAT,0,1594870919.913725
CYL_PRES_STAT,0,1594870919.9226642
CYL_PRES_STAT,0,1594870919.9546628
CYL_PRES_STAT,0,1594870920.086202
CYL_PRES_STAT,0,1594870920.172084
CYL_PRES_STAT,0,1594870920.180613
CYL_PRES_STAT,0,1594870920.204716
CYL_PRES_STAT,0,1594870920.21279
CYL_PRES_STAT,0,1594870920.2539918
CYL_PRES_STAT,0,1594870920.347869
CYL_PRES_STAT,0,1594870920.4708881
CYL_PRES_STAT,0,1594870920.4998538
CYL_PRES_STAT,0,1594870920.5117831
CYL_PRES_STAT,0,1594870920.655395
CYL_PRES_STAT,0,1594870920.79052
CYL_PRES_STAT,0,1594870920.802592
CYL_PRES_STAT,0,1594870920.945992
CYL_PRES_STAT,0,1594870920.966812
CYL_PRES_STAT,0,1594870921.07301
CYL_PRES_STAT,0,1594870921.081053
CYL_PRES_STAT,0,1594870921.089642
CYL_PRES_STAT,0,1594870921.1549358
CYL_PRES_STAT,0,1594870921.163548
CYL_PRES_STAT,0,1594870921.2572742
CYL_PRES_STAT,0,1594870921.351584
CYL_PRES_STAT,0,1594870921.380567
CYL_PRES_STAT,0,1594870921.404615
CYL_PRES_STAT,0,1594870921.413308
CYL_PRES_STAT,0,1594870921.4250789
CYL_PRES_STAT,0,1594870921.4333
CYL_PRES_STAT,0,1594870921.4417546
CYL_PRES_STAT,0,1594870921.462077
CYL_PRES_STAT,0,1594870921.544277
CYL_PRES_STAT,0,1594870921.588852
CYL_PRES_STAT,0,1594870921.671186
CYL_PRES_STAT,0,1594870921.691902
CYL_PRES_STAT,0,1594870921.8059368
CYL_PRES_STAT,0,1594870921.835527
CYL_PRES_STAT,0,1594870921.855785
CYL_PRES_STAT,0,1594870921.8762698
CYL_PRES_STAT,0,1594870921.9207401
CYL_PRES_STAT,0,1594870921.9616706
CYL_PRES_STAT,0,1594870922.002704
CYL_PRES_STAT,0,1594870922.023134
CYL_PRES_STAT,0,1594870922.0435631
CYL_PRES_STAT,0,1594870922.0641131
CYL_PRES_STAT,0,1594870922.093236
CYL_PRES_STAT,0,1594870922.207792
CYL_PRES_STAT,0,1594870922.2198179
CYL_PRES_STAT,0,1594870922.260719
CYL_PRES_STAT,0,1594870922.269283
CYL_PRES_STAT,0,1594870922.293403
CYL_PRES_STAT,0,1594870922.31406
CYL_PRES_STAT,0,1594870922.322747
CYL_PRES_STAT,0,1594870922.334493
CYL_PRES_STAT,0,1594870922.436852
CYL_PRES_STAT,0,1594870922.4573991
CYL_PRES_STAT,0,1594870922.539152
CYL_PRES_STAT,0,1594870922.559874
CYL_PRES_STAT,0,1594870922.571947
CYL_PRES_STAT,0,1594870922.5806036
CYL_PRES_STAT,0,1594870922.592514
CYL_PRES_STAT,0,1594870922.6011631
CYL_PRES_STAT,0,1594870922.6456368
CYL_PRES_STAT,0,1594870922.666089
CYL_PRES_STAT,0,1594870922.682967
CYL_PRES_STAT,0,1594870922.809439
CYL_PRES_STAT,0,1594870922.8593788
CYL_PRES_STAT,0,1594870922.89208
CYL_PRES_STAT,0,1594870922.90378
CYL_PRES_STAT,0,1594870922.944692
CYL_PRES_STAT,0,1594870922.9533222
CYL_PRES_STAT,0,1594870922.985792
CYL_PRES_STAT,0,1594870923.014694
CYL_PRES_STAT,0,1594870923.035718
CYL_PRES_STAT,0,1594870923.161769
CYL_PRES_STAT,0,1594870923.18216
CYL_PRES_STAT,0,1594870923.20278
CYL_PRES_STAT,0,1594870923.2237651
CYL_PRES_STAT,0,1594870923.264299
CYL_PRES_STAT,0,1594870923.32576
CYL_PRES_STAT,0,1594870923.346515
CYL_PRES_STAT,0,1594870923.452533
CYL_PRES_STAT,0,1594870923.4729862
CYL_PRES_STAT,0,1594870923.5345411
CYL_PRES_STAT,0,1594870923.5839472
CYL_PRES_STAT,0,1594870923.763814
CYL_PRES_STAT,0,1594870923.7843242
CYL_PRES_STAT,0,1594870923.801258
CYL_PRES_STAT,0,1594870923.8251786
CYL_PRES_STAT,0,1594870923.845633
CYL_PRES_STAT,0,1594870923.927689
CYL_PRES_STAT,0,1594870924.0629961
CYL_PRES_STAT,0,1594870924.1329849
CYL_PRES_STAT,0,1594870924.1448019
CYL_PRES_STAT,0,1594870924.1737359
CYL_PRES_STAT,0,1594870924.2184632
CYL_PRES_STAT,0,1594870924.2270858
CYL_PRES_STAT,0,1594870924.288383
CYL_PRES_STAT,0,1594870924.3413134
CYL_PRES_STAT,0,1594870924.39455
CYL_PRES_STAT,0,1594870924.402839
CYL_PRES_STAT,0,1594870924.423303
CYL_PRES_STAT,0,1594870924.5261364
CYL_PRES_STAT,0,1594870924.5461562
CYL_PRES_STAT,0,1594870924.644438
CYL_PRES_STAT,0,1594870924.6526878
CYL_PRES_STAT,0,1594870924.7227778
CYL_PRES_STAT,0,1594870924.8047428
CYL_PRES_STAT,0,1594870924.845666
CYL_PRES_STAT,0,1594870924.857722
CYL_PRES_STAT,0,1594870924.943408
CYL_PRES_STAT,0,1594870924.963849
CYL_PRES_STAT,0,1594870924.984533
CYL_PRES_STAT,0,1594870925.025377
CYL_PRES_STAT,0,1594870925.107206
CYL_PRES_STAT,0,1594870925.1362119
CYL_PRES_STAT,0,1594870925.148184
CYL_PRES_STAT,0,1594870925.2218294
CYL_PRES_STAT,0,1594870925.271534
CYL_PRES_STAT,0,1594870925.291883
CYL_PRES_STAT,0,1594870925.303859
CYL_PRES_STAT,0,1594870925.31252
CYL_PRES_STAT,0,1594870925.3979962
CYL_PRES_STAT,0,1594870925.406116
CYL_PRES_STAT,0,1594870925.414659
CYL_PRES_STAT,0,1594870925.500444
CYL_PRES_STAT,0,1594870925.541485
CYL_PRES_STAT,0,1594870925.561907
CYL_PRES_STAT,0,1594870925.5828018
CYL_PRES_STAT,0,1594870925.603318
CYL_PRES_STAT,0,1594870925.643915
CYL_PRES_STAT,0,1594870925.7091806
CYL_PRES_STAT,0,1594870925.717862
CYL_PRES_STAT,0,1594870925.7263546
CYL_PRES_STAT,0,1594870925.840389
CYL_PRES_STAT,0,1594870925.852586
CYL_PRES_STAT,0,1594870925.893573
CYL_PRES_STAT,0,1594870925.914203
CYL_PRES_STAT,0,1594870925.9347134
CYL_PRES_STAT,0,1594870926.0168178
CYL_PRES_STAT,0,1594870926.119374
CYL_PRES_STAT,0,1594870926.143476
CYL_PRES_STAT,0,1594870926.163969
CYL_PRES_STAT,0,1594870926.17221
CYL_PRES_STAT,0,1594870926.180737
CYL_PRES_STAT,0,1594870926.204981
CYL_PRES_STAT,0,1594870926.2136538
CYL_PRES_STAT,0,1594870926.2253704
CYL_PRES_STAT,0,1594870926.2541811
CYL_PRES_STAT,0,1594870926.28697
CYL_PRES_STAT,0,1594870926.295072
CYL_PRES_STAT,0,1594870926.307282
CYL_PRES_STAT,0,1594870926.409843
CYL_PRES_STAT,0,1594870926.450824
CYL_PRES_STAT,0,1594870926.4629474
CYL_PRES_STAT,0,1594870926.471458
CYL_PRES_STAT,0,1594870926.5326376
CYL_PRES_STAT,0,1594870926.58585
CYL_PRES_STAT,0,1594870926.5943599
CYL_PRES_STAT,0,1594870926.721038
CYL_PRES_STAT,0,1594870926.7414386
CYL_PRES_STAT,0,1594870926.78279
CYL_PRES_STAT,0,1594870926.794752
CYL_PRES_STAT,0,1594870926.803649
CYL_PRES_STAT,0,1594870926.864392
CYL_PRES_STAT,0,1594870926.9056358
CYL_PRES_STAT,0,1594870927.01175
CYL_PRES_STAT,0,1594870927.032265
CYL_PRES_STAT,0,1594870927.040931
CYL_PRES_STAT,0,1594870927.0527518
CYL_PRES_STAT,0,1594870927.0734878
CYL_PRES_STAT,0,1594870927.093777
CYL_PRES_STAT,0,1594870927.114191
CYL_PRES_STAT,0,1594870927.123143
CYL_PRES_STAT,0,1594870927.184227
CYL_PRES_STAT,0,1594870927.21661
CYL_PRES_STAT,0,1594870927.237188
CYL_PRES_STAT,0,1594870927.319348
CYL_PRES_STAT,0,1594870927.3435774
CYL_PRES_STAT,0,1594870927.351716
CYL_PRES_STAT,0,1594870927.360584
CYL_PRES_STAT,0,1594870927.405005
CYL_PRES_STAT,0,1594870927.4218562
CYL_PRES_STAT,0,1594870927.4337711
CYL_PRES_STAT,0,1594870927.445912
CYL_PRES_STAT,0,1594870927.568872
CYL_PRES_STAT,0,1594870927.609875
CYL_PRES_STAT,0,1594870927.654948
CYL_PRES_STAT,0,1594870927.6753411
CYL_PRES_STAT,0,1594870927.69202
CYL_PRES_STAT,0,1594870927.704254
CYL_PRES_STAT,0,1594870927.806408
CYL_PRES_STAT,0,1594870927.8473954
CYL_PRES_STAT,0,1594870927.85966
CYL_PRES_STAT,0,1594870927.9210641
CYL_PRES_STAT,0,1594870927.941559
CYL_PRES_STAT,0,1594870927.950166
CYL_PRES_STAT,0,1594870927.9621
CYL_PRES_STAT,0,1594870927.982573
CYL_PRES_STAT,0,1594870928.023875
CYL_PRES_STAT,0,1594870928.0766652
CYL_PRES_STAT,0,1594870928.106158
CYL_PRES_STAT,0,1594870928.1709044
CYL_PRES_STAT,0,1594870928.191352
CYL_PRES_STAT,0,1594870928.199896
CYL_PRES_STAT,0,1594870928.211863
CYL_PRES_STAT,0,1594870928.2322538
CYL_PRES_STAT,0,1594870928.240649
CYL_PRES_STAT,0,1594870928.273399
CYL_PRES_STAT,0,1594870928.28204
CYL_PRES_STAT,0,1594870928.3022466
CYL_PRES_STAT,0,1594870928.37586
CYL_PRES_STAT,0,1594870928.3965368
CYL_PRES_STAT,0,1594870928.531415
CYL_PRES_STAT,0,1594870928.539886
CYL_PRES_STAT,0,1594870928.686923
CYL_PRES_STAT,0,1594870928.7073052
CYL_PRES_STAT,0,1594870928.7692008
CYL_PRES_STAT,0,1594870928.809834
CYL_PRES_STAT,0,1594870928.834377
CYL_PRES_STAT,0,1594870928.8512974
CYL_PRES_STAT,0,1594870928.863167
CYL_PRES_STAT,0,1594870928.871729
CYL_PRES_STAT,0,1594870928.904284
CYL_PRES_STAT,0,1594870928.912717
CYL_PRES_STAT,0,1594870928.95734
CYL_PRES_STAT,0,1594870928.9777288
CYL_PRES_STAT,0,1594870928.998192
CYL_PRES_STAT,0,1594870929.059649
CYL_PRES_STAT,0,1594870929.080225
CYL_PRES_STAT,0,1594870929.101132
CYL_PRES_STAT,0,1594870929.113
CYL_PRES_STAT,0,1594870929.121459
CYL_PRES_STAT,0,1594870929.129756
CYL_PRES_STAT,0,1594870929.162477
CYL_PRES_STAT,0,1594870929.183178
CYL_PRES_STAT,0,1594870929.2772338
CYL_PRES_STAT,0,1594870929.2973044
CYL_PRES_STAT,0,1594870929.305745
CYL_PRES_STAT,0,1594870929.3382301
CYL_PRES_STAT,0,1594870929.3504794
CYL_PRES_STAT,0,1594870929.371026
CYL_PRES_STAT,0,1594870929.399709
CYL_PRES_STAT,0,1594870929.411881
CYL_PRES_STAT,0,1594870929.432383
CYL_PRES_STAT,0,1594870929.453002
CYL_PRES_STAT,0,1594870929.4738612
CYL_PRES_STAT,0,1594870929.493856
CYL_PRES_STAT,0,1594870929.5030248
CYL_PRES_STAT,0,1594870929.53496
CYL_PRES_STAT,0,1594870929.5555332
CYL_PRES_STAT,0,1594870929.564022
CYL_PRES_STAT,0,1594870929.596621
CYL_PRES_STAT,0,1594870929.608682
CYL_PRES_STAT,0,1594870929.617092
CYL_PRES_STAT,0,1594870929.678537
CYL_PRES_STAT,0,1594870929.7027466
CYL_PRES_STAT,0,1594870929.723186
CYL_PRES_STAT,0,1594870929.740139
CYL_PRES_STAT,0,1594870929.784671
CYL_PRES_STAT,0,1594870929.8549054
CYL_PRES_STAT,0,1594870929.8665931
CYL_PRES_STAT,0,1594870929.9161975
CYL_PRES_STAT,0,1594870930.0344582
CYL_PRES_STAT,0,1594870930.0513759
CYL_PRES_STAT,0,1594870930.0755231
CYL_PRES_STAT,0,1594870930.177845
CYL_PRES_STAT,0,1594870930.1865542
CYL_PRES_STAT,0,1594870930.1983204
CYL_PRES_STAT,0,1594870930.3007886
CYL_PRES_STAT,0,1594870930.321741
CYL_PRES_STAT,0,1594870930.362571
CYL_PRES_STAT,0,1594870930.5300732
CYL_PRES_STAT,0,1594870930.579267
CYL_PRES_STAT,0,1594870930.591529
CYL_PRES_STAT,0,1594870930.600173
CYL_PRES_STAT,0,1594870930.611991
CYL_PRES_STAT,0,1594870930.6324632
CYL_PRES_STAT,0,1594870930.6530054
CYL_PRES_STAT,0,1594870930.6736598
CYL_PRES_STAT,0,1594870930.682163
CYL_PRES_STAT,0,1594870930.878826
CYL_PRES_STAT,0,1594870930.902847
CYL_PRES_STAT,0,1594870930.9232259
CYL_PRES_STAT,0,1594870930.931844
CYL_PRES_STAT,0,1594870931.0461788
CYL_PRES_STAT,0,1594870931.067033
CYL_PRES_STAT,0,1594870931.169376
CYL_PRES_STAT,0,1594870931.1813178
CYL_PRES_STAT,0,1594870931.190012
CYL_PRES_STAT,0,1594870931.214039
CYL_PRES_STAT,0,1594870931.2346725
CYL_PRES_STAT,0,1594870931.324747
CYL_PRES_STAT,0,1594870931.333212
CYL_PRES_STAT,0,1594870931.357375
CYL_PRES_STAT,0,1594870931.377938
CYL_PRES_STAT,0,1594870931.480751
CYL_PRES_STAT,0,1594870931.500854
CYL_PRES_STAT,0,1594870931.542448
CYL_PRES_STAT,0,1594870931.562638
CYL_PRES_STAT,0,1594870931.5831838
CYL_PRES_STAT,0,1594870931.595032
CYL_PRES_STAT,0,1594870931.6650472
CYL_PRES_STAT,0,1594870931.676969
CYL_PRES_STAT,0,1594870931.8121028
CYL_PRES_STAT,0,1594870931.833152
CYL_PRES_STAT,0,1594870931.84483
CYL_PRES_STAT,0,1594870931.861675
CYL_PRES_STAT,0,1594870931.873662
CYL_PRES_STAT,0,1594870931.906189
CYL_PRES_STAT,0,1594870931.9358668
CYL_PRES_STAT,0,1594870931.9554071
CYL_PRES_STAT,0,1594870931.9881608
CYL_PRES_STAT,0,1594870931.996866
CYL_PRES_STAT,0,1594870932.017409
CYL_PRES_STAT,0,1594870932.057987
CYL_PRES_STAT,0,1594870932.070045
CYL_PRES_STAT,0,1594870932.0946822
CYL_PRES_STAT,0,1594870932.123611
CYL_PRES_STAT,0,1594870932.164324
CYL_PRES_STAT,0,1594870932.173173
CYL_PRES_STAT,0,1594870932.1850848
CYL_PRES_STAT,0,1594870932.2462876
CYL_PRES_STAT,0,1594870932.255009
CYL_PRES_STAT,0,1594870932.2668312
CYL_PRES_STAT,0,1594870932.287292
CYL_PRES_STAT,0,1594870932.4427662
CYL_PRES_STAT,0,1594870932.472024
CYL_PRES_STAT,0,1594870932.504426
CYL_PRES_STAT,0,1594870932.545291
CYL_PRES_STAT,0,1594870932.557585
CYL_PRES_STAT,0,1594870932.577914
CYL_PRES_STAT,0,1594870932.607276
CYL_PRES_STAT,0,1594870932.647979
CYL_PRES_STAT,0,1594870932.701432
CYL_PRES_STAT,0,1594870932.7626882
CYL_PRES_STAT,0,1594870932.783201
CYL_PRES_STAT,0,1594870932.836221
CYL_PRES_STAT,0,1594870932.848223
CYL_PRES_STAT,0,1594870932.9302769
CYL_PRES_STAT,0,1594870932.9508529
CYL_PRES_STAT,0,1594870932.9711552
CYL_PRES_STAT,0,1594870932.99172
CYL_PRES_STAT,0,1594870933.012157
CYL_PRES_STAT,0,1594870933.05315
CYL_PRES_STAT,0,1594870933.16801
CYL_PRES_STAT,0,1594870933.2378561
CYL_PRES_STAT,0,1594870933.2619321
CYL_PRES_STAT,0,1594870933.302978
CYL_PRES_STAT,0,1594870933.352581
CYL_PRES_STAT,0,1594870933.3643498
CYL_PRES_STAT,0,1594870933.3850892
CYL_PRES_STAT,0,1594870933.4054449
CYL_PRES_STAT,0,1594870933.4463642
CYL_PRES_STAT,0,1594870933.4548779
CYL_PRES_STAT,0,1594870933.466879
CYL_PRES_STAT,0,1594870933.573459
CYL_PRES_STAT,0,1594870933.581579
CYL_PRES_STAT,0,1594870933.593777
CYL_PRES_STAT,0,1594870933.6142619
CYL_PRES_STAT,0,1594870933.631101
CYL_PRES_STAT,0,1594870933.663552
CYL_PRES_STAT,0,1594870933.6757882
CYL_PRES_STAT,0,1594870933.737188
CYL_PRES_STAT,0,1594870933.7493
CYL_PRES_STAT,0,1594870933.8809052
CYL_PRES_STAT,0,1594870933.92195
CYL_PRES_STAT,0,1594870933.942194
CYL_PRES_STAT,0,1594870933.966406
CYL_PRES_STAT,0,1594870934.0483024
CYL_PRES_STAT,0,1594870934.171826
CYL_PRES_STAT,0,1594870934.1923099
CYL_PRES_STAT,0,1594870934.200619
CYL_PRES_STAT,0,1594870934.2122312
CYL_PRES_STAT,0,1594870934.2331562
CYL_PRES_STAT,0,1594870934.2450502
CYL_PRES_STAT,0,1594870934.2535028
CYL_PRES_STAT,0,1594870934.327491
CYL_PRES_STAT,0,1594870934.36799
CYL_PRES_STAT,0,1594870934.396974
CYL_PRES_STAT,0,1594870934.4088311
CYL_PRES_STAT,0,1594870934.482424
CYL_PRES_STAT,0,1594870934.4914198
CYL_PRES_STAT,0,1594870934.503094
CYL_PRES_STAT,0,1594870934.564436
CYL_PRES_STAT,0,1594870934.593567
CYL_PRES_STAT,0,1594870934.6259024
CYL_PRES_STAT,0,1594870934.741128
CYL_PRES_STAT,0,1594870934.749305
CYL_PRES_STAT,0,1594870934.77004
CYL_PRES_STAT,0,1594870934.8142169
CYL_PRES_STAT,0,1594870934.822968
CYL_PRES_STAT,0,1594870934.834841
CYL_PRES_STAT,0,1594870934.9781508
CYL_PRES_STAT,0,1594870935.007149
CYL_PRES_STAT,0,1594870935.0276759
CYL_PRES_STAT,0,1594870935.051774
CYL_PRES_STAT,0,1594870935.060603
CYL_PRES_STAT,0,1594870935.0726118
CYL_PRES_STAT,0,1594870935.0811598
CYL_PRES_STAT,0,1594870935.1050642
CYL_PRES_STAT,0,1594870935.121835
CYL_PRES_STAT,0,1594870935.1427028
CYL_PRES_STAT,0,1594870935.224568
CYL_PRES_STAT,0,1594870935.2362962
CYL_PRES_STAT,0,1594870935.248372
CYL_PRES_STAT,0,1594870935.3303099
CYL_PRES_STAT,0,1594870935.3388948
CYL_PRES_STAT,0,1594870935.350847
CYL_PRES_STAT,0,1594870935.3715892
CYL_PRES_STAT,0,1594870935.3924348
CYL_PRES_STAT,0,1594870935.433274
CYL_PRES_STAT,0,1594870935.4535966
CYL_PRES_STAT,0,1594870935.547474
CYL_PRES_STAT,0,1594870935.576637
CYL_PRES_STAT,0,1594870935.588543
CYL_PRES_STAT,0,1594870935.641748
CYL_PRES_STAT,0,1594870935.649863
CYL_PRES_STAT,0,1594870935.68257
CYL_PRES_STAT,0,1594870935.7032
CYL_PRES_STAT,0,1594870935.723635
CYL_PRES_STAT,0,1594870935.7358391
CYL_PRES_STAT,0,1594870935.8670151
CYL_PRES_STAT,0,1594870935.95299
CYL_PRES_STAT,0,1594870935.9735038
CYL_PRES_STAT,0,1594870935.982002
CYL_PRES_STAT,0,1594870935.993839
CYL_PRES_STAT,0,1594870936.063997
CYL_PRES_STAT,0,1594870936.105073
CYL_PRES_STAT,0,1594870936.137286
CYL_PRES_STAT,0,1594870936.2313619
CYL_PRES_STAT,0,1594870936.2399411
CYL_PRES_STAT,0,1594870936.2605062
CYL_PRES_STAT,0,1594870936.313472
CYL_PRES_STAT,0,1594870936.3220632
CYL_PRES_STAT,0,1594870936.456648
CYL_PRES_STAT,0,1594870936.551213
CYL_PRES_STAT,0,1594870936.5632071
CYL_PRES_STAT,0,1594870936.5718381
CYL_PRES_STAT,0,1594870936.5925262
CYL_PRES_STAT,0,1594870936.624644
CYL_PRES_STAT,0,1594870936.6331544
CYL_PRES_STAT,0,1594870936.665549
CYL_PRES_STAT,0,1594870936.6947992
CYL_PRES_STAT,0,1594870936.7270231
CYL_PRES_STAT,0,1594870936.73606
CYL_PRES_STAT,0,1594870936.8417194
CYL_PRES_STAT,0,1594870936.862296
CYL_PRES_STAT,0,1594870936.882918
CYL_PRES_STAT,0,1594870936.9119651
CYL_PRES_STAT,0,1594870936.923846
CYL_PRES_STAT,0,1594870937.00592
CYL_PRES_STAT,0,1594870937.1083386
CYL_PRES_STAT,0,1594870937.1288528
CYL_PRES_STAT,0,1594870937.140961
CYL_PRES_STAT,0,1594870937.149239
CYL_PRES_STAT,0,1594870937.1939821
CYL_PRES_STAT,0,1594870937.2144089
CYL_PRES_STAT,0,1594870937.263953
CYL_PRES_STAT,0,1594870937.3254988
CYL_PRES_STAT,0,1594870937.3374348
CYL_PRES_STAT,0,1594870937.4109492
CYL_PRES_STAT,0,1594870937.4399788
CYL_PRES_STAT,0,1594870937.460209
CYL_PRES_STAT,0,1594870937.4810162
CYL_PRES_STAT,0,1594870937.505159
CYL_PRES_STAT,0,1594870937.522291
CYL_PRES_STAT,0,1594870937.5953732
CYL_PRES_STAT,0,1594870937.6077828
CYL_PRES_STAT,0,1594870937.6279788
CYL_PRES_STAT,0,1594870937.6367981
CYL_PRES_STAT,0,1594870937.648553
CYL_PRES_STAT,0,1594870937.730849
CYL_PRES_STAT,0,1594870937.751842
CYL_PRES_STAT,0,1594870937.759838
CYL_PRES_STAT,0,1594870937.771716
CYL_PRES_STAT,0,1594870937.804178
CYL_PRES_STAT,0,1594870937.8656518
CYL_PRES_STAT,0,1594870937.8983374
CYL_PRES_STAT,0,1594870937.947573
CYL_PRES_STAT,0,1594870938.0213966
CYL_PRES_STAT,0,1594870938.062316
CYL_PRES_STAT,0,1594870938.082643
CYL_PRES_STAT,0,1594870938.1116712
CYL_PRES_STAT,0,1594870938.123805
CYL_PRES_STAT,0,1594870938.132225
CYL_PRES_STAT,0,1594870938.217826
CYL_PRES_STAT,0,1594870938.2470489
CYL_PRES_STAT,0,1594870938.2793949
CYL_PRES_STAT,0,1594870938.328856
CYL_PRES_STAT,0,1594870938.3529868
CYL_PRES_STAT,0,1594870938.381986
CYL_PRES_STAT,0,1594870938.496438
CYL_PRES_STAT,0,1594870938.516924
CYL_PRES_STAT,0,1594870938.5251632
CYL_PRES_STAT,0,1594870938.623264
CYL_PRES_STAT,0,1594870938.6316009
CYL_PRES_STAT,0,1594870938.6404722
CYL_PRES_STAT,0,1594870938.701813
CYL_PRES_STAT,0,1594870938.713619
CYL_PRES_STAT,0,1594870938.725682
CYL_PRES_STAT,0,1594870938.815925
CYL_PRES_STAT,0,1594870938.828167
CYL_PRES_STAT,0,1594870938.9634118
CYL_PRES_STAT,0,1594870939.004541
CYL_PRES_STAT,0,1594870939.0130699
CYL_PRES_STAT,0,1594870939.094984
CYL_PRES_STAT,0,1594870939.135757
CYL_PRES_STAT,0,1594870939.22135
CYL_PRES_STAT,0,1594870939.242033
CYL_PRES_STAT,0,1594870939.2629259
CYL_PRES_STAT,0,1594870939.2827652
CYL_PRES_STAT,0,1594870939.311831
CYL_PRES_STAT,0,1594870939.323818
CYL_PRES_STAT,0,1594870939.344251
CYL_PRES_STAT,0,1594870939.3852649
CYL_PRES_STAT,0,1594870939.405792
CYL_PRES_STAT,0,1594870939.438504
CYL_PRES_STAT,0,1594870939.5325296
CYL_PRES_STAT,0,1594870939.5613902
CYL_PRES_STAT,0,1594870939.5737226
CYL_PRES_STAT,0,1594870939.594147
CYL_PRES_STAT,0,1594870939.696577
CYL_PRES_STAT,0,1594870939.708936
CYL_PRES_STAT,0,1594870939.749693
CYL_PRES_STAT,0,1594870939.75795
CYL_PRES_STAT,0,1594870939.7786849
CYL_PRES_STAT,0,1594870939.799241
CYL_PRES_STAT,0,1594870939.819838
CYL_PRES_STAT,0,1594870939.840239
CYL_PRES_STAT,0,1594870939.8643599
CYL_PRES_STAT,0,1594870939.873309
CYL_PRES_STAT,0,1594870939.8849988
CYL_PRES_STAT,0,1594870939.9053118
CYL_PRES_STAT,0,1594870939.9873214
CYL_PRES_STAT,0,1594870940.00773
CYL_PRES_STAT,0,1594870940.028329
CYL_PRES_STAT,0,1594870940.122606
CYL_PRES_STAT,0,1594870940.142863
CYL_PRES_STAT,0,1594870940.1513758
CYL_PRES_STAT,0,1594870940.2043774
CYL_PRES_STAT,0,1594870940.294985
CYL_PRES_STAT,0,1594870940.4011052
CYL_PRES_STAT,0,1594870940.442395
CYL_PRES_STAT,0,1594870940.454268
CYL_PRES_STAT,0,1594870940.462862
CYL_PRES_STAT,0,1594870940.470998
CYL_PRES_STAT,0,1594870940.482932
CYL_PRES_STAT,0,1594870940.503798
CYL_PRES_STAT,0,1594870940.532464
CYL_PRES_STAT,0,1594870940.5857294
CYL_PRES_STAT,0,1594870940.667925
CYL_PRES_STAT,0,1594870940.688215
CYL_PRES_STAT,0,1594870940.7001238
CYL_PRES_STAT,0,1594870940.712169
CYL_PRES_STAT,0,1594870940.753359
CYL_PRES_STAT,0,1594870940.773633
CYL_PRES_STAT,0,1594870940.782314
CYL_PRES_STAT,0,1594870940.823422
CYL_PRES_STAT,0,1594870940.8641539
CYL_PRES_STAT,0,1594870940.876149
CYL_PRES_STAT,0,1594870940.896714
CYL_PRES_STAT,0,1594870940.9052858
CYL_PRES_STAT,0,1594870940.91715
CYL_PRES_STAT,0,1594870940.990816
CYL_PRES_STAT,0,1594870940.999279
CYL_PRES_STAT,0,1594870941.0198886
CYL_PRES_STAT,0,1594870941.0316188
CYL_PRES_STAT,0,1594870941.040523
CYL_PRES_STAT,0,1594870941.084876
CYL_PRES_STAT,0,1594870941.1053526
CYL_PRES_STAT,0,1594870941.207814
CYL_PRES_STAT,0,1594870941.2984939
CYL_PRES_STAT,0,1594870941.330919
CYL_PRES_STAT,0,1594870941.355236
CYL_PRES_STAT,0,1594870941.363589
CYL_PRES_STAT,0,1594870941.39273
CYL_PRES_STAT,0,1594870941.4658089
CYL_PRES_STAT,0,1594870941.474462
CYL_PRES_STAT,0,1594870941.5068948
CYL_PRES_STAT,0,1594870941.5688682
CYL_PRES_STAT,0,1594870941.6010714
CYL_PRES_STAT,0,1594870941.613321
CYL_PRES_STAT,0,1594870941.621613
CYL_PRES_STAT,0,1594870941.642612
CYL_PRES_STAT,0,1594870941.703527
CYL_PRES_STAT,0,1594870941.76535
CYL_PRES_STAT,0,1594870941.777217
CYL_PRES_STAT,0,1594870941.8062668
CYL_PRES_STAT,0,1594870941.818291
CYL_PRES_STAT,0,1594870941.879614
CYL_PRES_STAT,0,1594870941.912249
CYL_PRES_STAT,0,1594870941.953436
CYL_PRES_STAT,0,1594870941.9737198
CYL_PRES_STAT,0,1594870942.076295
CYL_PRES_STAT,0,1594870942.203351
CYL_PRES_STAT,0,1594870942.223594
CYL_PRES_STAT,0,1594870942.244075
CYL_PRES_STAT,0,1594870942.264533
CYL_PRES_STAT,0,1594870942.273417
CYL_PRES_STAT,0,1594870942.2849698
CYL_PRES_STAT,0,1594870942.355285
CYL_PRES_STAT,0,1594870942.366946
CYL_PRES_STAT,0,1594870942.416662
CYL_PRES_STAT,0,1594870942.448894
CYL_PRES_STAT,0,1594870942.490392
CYL_PRES_STAT,0,1594870942.514281
CYL_PRES_STAT,0,1594870942.5233624
CYL_PRES_STAT,0,1594870942.5311348
CYL_PRES_STAT,0,1594870942.57218
CYL_PRES_STAT,0,1594870942.653985
CYL_PRES_STAT,0,1594870942.678165
CYL_PRES_STAT,0,1594870942.7481768
CYL_PRES_STAT,0,1594870942.7806711
CYL_PRES_STAT,0,1594870942.84204
CYL_PRES_STAT,0,1594870942.8544981
CYL_PRES_STAT,0,1594870942.862952
CYL_PRES_STAT,0,1594870942.94493
CYL_PRES_STAT,0,1594870943.050858
CYL_PRES_STAT,0,1594870943.091897
CYL_PRES_STAT,0,1594870943.1004748
CYL_PRES_STAT,0,1594870943.1123881
CYL_PRES_STAT,0,1594870943.132807
CYL_PRES_STAT,0,1594870943.153409
CYL_PRES_STAT,0,1594870943.174008
CYL_PRES_STAT,0,1594870943.2237349
CYL_PRES_STAT,0,1594870943.235413
CYL_PRES_STAT,0,1594870943.2557712
CYL_PRES_STAT,0,1594870943.2681131
CYL_PRES_STAT,0,1594870943.2762551
CYL_PRES_STAT,0,1594870943.3581526
CYL_PRES_STAT,0,1594870943.378914
CYL_PRES_STAT,0,1594870943.399413
CYL_PRES_STAT,0,1594870943.423664
CYL_PRES_STAT,0,1594870943.464533
CYL_PRES_STAT,0,1594870943.640795
CYL_PRES_STAT,0,1594870943.669709
CYL_PRES_STAT,0,1594870943.7107348
CYL_PRES_STAT,0,1594870943.734996
CYL_PRES_STAT,0,1594870943.752193
CYL_PRES_STAT,0,1594870943.76366
CYL_PRES_STAT,0,1594870943.837334
CYL_PRES_STAT,0,1594870944.030344
CYL_PRES_STAT,0,1594870944.042134
CYL_PRES_STAT,0,1594870944.136518
CYL_PRES_STAT,0,1594870944.16539
CYL_PRES_STAT,0,1594870944.1773171
CYL_PRES_STAT,0,1594870944.2598698
CYL_PRES_STAT,0,1594870944.2714822
CYL_PRES_STAT,0,1594870944.29212
CYL_PRES_STAT,0,1594870944.332937
CYL_PRES_STAT,0,1594870944.34163
CYL_PRES_STAT,0,1594870944.353392
CYL_PRES_STAT,0,1594870944.3739884
CYL_PRES_STAT,0,1594870944.5826359
CYL_PRES_STAT,0,1594870944.591661
CYL_PRES_STAT,0,1594870944.603312
CYL_PRES_STAT,0,1594870944.6237912
CYL_PRES_STAT,0,1594870944.64044
CYL_PRES_STAT,0,1594870944.652441
CYL_PRES_STAT,0,1594870944.6646152
CYL_PRES_STAT,0,1594870944.7466302
CYL_PRES_STAT,0,1594870944.796248
CYL_PRES_STAT,0,1594870944.8700051
CYL_PRES_STAT,0,1594870944.89404
CYL_PRES_STAT,0,1594870944.9024608
CYL_PRES_STAT,0,1594870944.910763
CYL_PRES_STAT,0,1594870944.943166
CYL_PRES_STAT,0,1594870945.0374012
CYL_PRES_STAT,0,1594870945.057926
CYL_PRES_STAT,0,1594870945.160347
CYL_PRES_STAT,0,1594870945.172713
CYL_PRES_STAT,0,1594870945.180778
CYL_PRES_STAT,0,1594870945.221993
CYL_PRES_STAT,0,1594870945.254581
CYL_PRES_STAT,0,1594870945.2953658
CYL_PRES_STAT,0,1594870945.345103
CYL_PRES_STAT,0,1594870945.3653789
CYL_PRES_STAT,0,1594870945.3978162
CYL_PRES_STAT,0,1594870945.410082
CYL_PRES_STAT,0,1594870945.4305189
CYL_PRES_STAT,0,1594870945.471931
CYL_PRES_STAT,0,1594870945.4921348
CYL_PRES_STAT,0,1594870945.500675
CYL_PRES_STAT,0,1594870945.533106
CYL_PRES_STAT,0,1594870945.553489
CYL_PRES_STAT,0,1594870945.6271641
CYL_PRES_STAT,0,1594870945.635545
CYL_PRES_STAT,0,1594870945.655906
CYL_PRES_STAT,0,1594870945.6681259
CYL_PRES_STAT,0,1594870945.688621
CYL_PRES_STAT,0,1594870945.697386
CYL_PRES_STAT,0,1594870945.741842
CYL_PRES_STAT,0,1594870945.758811
CYL_PRES_STAT,0,1594870945.7828622
CYL_PRES_STAT,0,1594870945.803227
CYL_PRES_STAT,0,1594870945.832406
CYL_PRES_STAT,0,1594870945.95525
CYL_PRES_STAT,0,1594870945.96719
CYL_PRES_STAT,0,1594870946.0940876
CYL_PRES_STAT,0,1594870946.110523
CYL_PRES_STAT,0,1594870946.1433
CYL_PRES_STAT,0,1594870946.1521752
CYL_PRES_STAT,0,1594870946.1637769
CYL_PRES_STAT,0,1594870946.172298
CYL_PRES_STAT,0,1594870946.233813
CYL_PRES_STAT,0,1594870946.25805
CYL_PRES_STAT,0,1594870946.298887
CYL_PRES_STAT,0,1594870946.3074028
CYL_PRES_STAT,0,1594870946.319356
CYL_PRES_STAT,0,1594870946.328156
CYL_PRES_STAT,0,1594870946.360346
CYL_PRES_STAT,0,1594870946.38111
CYL_PRES_STAT,0,1594870946.4136062
CYL_PRES_STAT,0,1594870946.42224
CYL_PRES_STAT,0,1594870946.454616
CYL_PRES_STAT,0,1594870946.4631932
CYL_PRES_STAT,0,1594870946.5365222
CYL_PRES_STAT,0,1594870946.5450962
CYL_PRES_STAT,0,1594870946.6512618
CYL_PRES_STAT,0,1594870946.6599526
CYL_PRES_STAT,0,1594870946.6718051
CYL_PRES_STAT,0,1594870946.7132194
CYL_PRES_STAT,0,1594870946.762391
CYL_PRES_STAT,0,1594870946.774275
CYL_PRES_STAT,0,1594870946.835775
CYL_PRES_STAT,0,1594870946.917714
CYL_PRES_STAT,0,1594870946.9502149
CYL_PRES_STAT,0,1594870946.958876
CYL_PRES_STAT,0,1594870947.003381
CYL_PRES_STAT,0,1594870947.024129
CYL_PRES_STAT,0,1594870947.0443606
CYL_PRES_STAT,0,1594870947.1061301
CYL_PRES_STAT,0,1594870947.126909
CYL_PRES_STAT,0,1594870947.1674972
CYL_PRES_STAT,0,1594870947.199973
CYL_PRES_STAT,0,1594870947.2205212
CYL_PRES_STAT,0,1594870947.2410188
CYL_PRES_STAT,0,1594870947.249704
CYL_PRES_STAT,0,1594870947.2736168
CYL_PRES_STAT,0,1594870947.294134
CYL_PRES_STAT,0,1594870947.3433099
CYL_PRES_STAT,0,1594870947.3556962
CYL_PRES_STAT,0,1594870947.405256
CYL_PRES_STAT,0,1594870947.417057
CYL_PRES_STAT,0,1594870947.446068
CYL_PRES_STAT,0,1594870947.466709
CYL_PRES_STAT,0,1594870947.478503
CYL_PRES_STAT,0,1594870947.49895
CYL_PRES_STAT,0,1594870947.539979
CYL_PRES_STAT,0,1594870947.580888
CYL_PRES_STAT,0,1594870947.6055892
CYL_PRES_STAT,0,1594870947.6136491
CYL_PRES_STAT,0,1594870947.622237
CYL_PRES_STAT,0,1594870947.642783
CYL_PRES_STAT,0,1594870947.728255
CYL_PRES_STAT,0,1594870947.736833
CYL_PRES_STAT,0,1594870947.839544
CYL_PRES_STAT,0,1594870947.851398
CYL_PRES_STAT,0,1594870947.8717592
CYL_PRES_STAT,0,1594870947.904449
CYL_PRES_STAT,0,1594870948.003217
CYL_PRES_STAT,0,1594870948.047742
CYL_PRES_STAT,0,1594870948.056674
CYL_PRES_STAT,0,1594870948.1542964
CYL_PRES_STAT,0,1594870948.1624498
CYL_PRES_STAT,0,1594870948.170877
CYL_PRES_STAT,0,1594870948.1828609
CYL_PRES_STAT,0,1594870948.223875
CYL_PRES_STAT,0,1594870948.232416
CYL_PRES_STAT,0,1594870948.2443762
CYL_PRES_STAT,0,1594870948.2649539
CYL_PRES_STAT,0,1594870948.3060954
CYL_PRES_STAT,0,1594870948.318191
CYL_PRES_STAT,0,1594870948.3796198
CYL_PRES_STAT,0,1594870948.42913
CYL_PRES_STAT,0,1594870948.441084
CYL_PRES_STAT,0,1594870948.473716
CYL_PRES_STAT,0,1594870948.4820518
CYL_PRES_STAT,0,1594870948.494231
CYL_PRES_STAT,0,1594870948.5147572
CYL_PRES_STAT,0,1594870948.535179
CYL_PRES_STAT,0,1594870948.6255622
CYL_PRES_STAT,0,1594870948.7317274
CYL_PRES_STAT,0,1594870948.781217
CYL_PRES_STAT,0,1594870948.801862
CYL_PRES_STAT,0,1594870948.813794
CYL_PRES_STAT,0,1594870948.9078774
CYL_PRES_STAT,0,1594870948.989887
CYL_PRES_STAT,0,1594870949.0104
CYL_PRES_STAT,0,1594870949.030782
CYL_PRES_STAT,0,1594870949.0512972
CYL_PRES_STAT,0,1594870949.1127832
CYL_PRES_STAT,0,1594870949.133708
CYL_PRES_STAT,0,1594870949.145399
CYL_PRES_STAT,0,1594870949.195261
CYL_PRES_STAT,0,1594870949.215464
CYL_PRES_STAT,0,1594870949.2273462
CYL_PRES_STAT,0,1594870949.36258
CYL_PRES_STAT,0,1594870949.38304
CYL_PRES_STAT,0,1594870949.3952641
CYL_PRES_STAT,0,1594870949.444453
CYL_PRES_STAT,0,1594870949.485657
CYL_PRES_STAT,0,1594870949.5059168
CYL_PRES_STAT,0,1594870949.526505
CYL_PRES_STAT,0,1594870949.6002848
CYL_PRES_STAT,0,1594870949.63275
CYL_PRES_STAT,0,1594870949.6411786
CYL_PRES_STAT,0,1594870949.653347
CYL_PRES_STAT,0,1594870949.6738088
CYL_PRES_STAT,0,1594870949.7237
CYL_PRES_STAT,0,1594870949.784907
CYL_PRES_STAT,0,1594870949.796721
CYL_PRES_STAT,0,1594870949.805595
CYL_PRES_STAT,0,1594870949.8172731
CYL_PRES_STAT,0,1594870949.972856
CYL_PRES_STAT,0,1594870949.981427
CYL_PRES_STAT,0,1594870950.0055714
CYL_PRES_STAT,0,1594870950.0224168
CYL_PRES_STAT,0,1594870950.0957901
CYL_PRES_STAT,0,1594870950.1078858
CYL_PRES_STAT,0,1594870950.124716
CYL_PRES_STAT,0,1594870950.178116
CYL_PRES_STAT,0,1594870950.230911
CYL_PRES_STAT,0,1594870950.25141
CYL_PRES_STAT,0,1594870950.272684
CYL_PRES_STAT,0,1594870950.2805939
CYL_PRES_STAT,0,1594870950.292487
CYL_PRES_STAT,0,1594870950.304659
CYL_PRES_STAT,0,1594870950.312951
CYL_PRES_STAT,0,1594870950.386844
CYL_PRES_STAT,0,1594870950.4478774
CYL_PRES_STAT,0,1594870950.501299
CYL_PRES_STAT,0,1594870950.521703
CYL_PRES_STAT,0,1594870950.5422132
CYL_PRES_STAT,0,1594870950.55444
CYL_PRES_STAT,0,1594870950.562593
CYL_PRES_STAT,0,1594870950.603672
CYL_PRES_STAT,0,1594870950.685917
CYL_PRES_STAT,0,1594870950.726837
CYL_PRES_STAT,0,1594870950.759254
CYL_PRES_STAT,0,1594870950.8124812
CYL_PRES_STAT,0,1594870950.829234
CYL_PRES_STAT,0,1594870950.853413
CYL_PRES_STAT,0,1594870950.87393
CYL_PRES_STAT,0,1594870950.894409
CYL_PRES_STAT,0,1594870950.93531
CYL_PRES_STAT,0,1594870950.943642
CYL_PRES_STAT,0,1594870951.123811
CYL_PRES_STAT,0,1594870951.132359
CYL_PRES_STAT,0,1594870951.1404278
CYL_PRES_STAT,0,1594870951.1612241
CYL_PRES_STAT,0,1594870951.1851869
CYL_PRES_STAT,0,1594870951.226123
CYL_PRES_STAT,0,1594870951.2875981
CYL_PRES_STAT,0,1594870951.295834
CYL_PRES_STAT,0,1594870951.4104779
CYL_PRES_STAT,0,1594870951.431248
CYL_PRES_STAT,0,1594870951.533673
CYL_PRES_STAT,0,1594870951.574516
CYL_PRES_STAT,0,1594870951.5865688
CYL_PRES_STAT,0,1594870951.595103
CYL_PRES_STAT,0,1594870951.7013118
CYL_PRES_STAT,0,1594870951.7219598
CYL_PRES_STAT,0,1594870951.742183
CYL_PRES_STAT,0,1594870951.795406
CYL_PRES_STAT,0,1594870951.8773491
CYL_PRES_STAT,0,1594870952.0126069
CYL_PRES_STAT,0,1594870952.033031
CYL_PRES_STAT,0,1594870952.045234
CYL_PRES_STAT,0,1594870952.053479
CYL_PRES_STAT,0,1594870952.0740108
CYL_PRES_STAT,0,1594870952.176407
CYL_PRES_STAT,0,1594870952.196928
CYL_PRES_STAT,0,1594870952.2791374
CYL_PRES_STAT,0,1594870952.303514
CYL_PRES_STAT,0,1594870952.311408
CYL_PRES_STAT,0,1594870952.3201964
CYL_PRES_STAT,0,1594870952.36127
CYL_PRES_STAT,0,1594870952.373211
CYL_PRES_STAT,0,1594870952.3815525
CYL_PRES_STAT,0,1594870952.4056554
CYL_PRES_STAT,0,1594870952.4876714
CYL_PRES_STAT,0,1594870952.6106
CYL_PRES_STAT,0,1594870952.6228368
CYL_PRES_STAT,0,1594870952.631335
CYL_PRES_STAT,0,1594870952.6523352
CYL_PRES_STAT,0,1594870952.7456539
CYL_PRES_STAT,0,1594870952.815845
CYL_PRES_STAT,0,1594870952.880783
CYL_PRES_STAT,0,1594870952.901501
CYL_PRES_STAT,0,1594870952.9218712
CYL_PRES_STAT,0,1594870952.942678
CYL_PRES_STAT,0,1594870952.983237
CYL_PRES_STAT,0,1594870953.0037608
CYL_PRES_STAT,0,1594870953.065711
CYL_PRES_STAT,0,1594870953.0978072
CYL_PRES_STAT,0,1594870953.106543
CYL_PRES_STAT,0,1594870953.25366
CYL_PRES_STAT,0,1594870953.3238661
CYL_PRES_STAT,0,1594870953.376449
CYL_PRES_STAT,0,1594870953.426252
CYL_PRES_STAT,0,1594870953.43819
CYL_PRES_STAT,0,1594870953.4996688
CYL_PRES_STAT,0,1594870953.5203269
CYL_PRES_STAT,0,1594870953.5442631
CYL_PRES_STAT,0,1594870953.5648599
CYL_PRES_STAT,0,1594870953.667275
CYL_PRES_STAT,0,1594870953.8638332
CYL_PRES_STAT,0,1594870953.8925688
CYL_PRES_STAT,0,1594870953.945785
CYL_PRES_STAT,0,1594870953.954437
CYL_PRES_STAT,0,1594870954.080823
CYL_PRES_STAT,0,1594870954.1015294
CYL_PRES_STAT,0,1594870954.122237
CYL_PRES_STAT,0,1594870954.142188
CYL_PRES_STAT,0,1594870954.171359
CYL_PRES_STAT,0,1594870954.183372
CYL_PRES_STAT,0,1594870954.195483
CYL_PRES_STAT,0,1594870954.203904
CYL_PRES_STAT,0,1594870954.257161
CYL_PRES_STAT,0,1594870954.26527
CYL_PRES_STAT,0,1594870954.326953
CYL_PRES_STAT,0,1594870954.339173
CYL_PRES_STAT,0,1594870954.420825
CYL_PRES_STAT,0,1594870954.433007
CYL_PRES_STAT,0,1594870954.453603
CYL_PRES_STAT,0,1594870954.556275
CYL_PRES_STAT,0,1594870954.658807
CYL_PRES_STAT,0,1594870954.6793568
CYL_PRES_STAT,0,1594870954.699691
CYL_PRES_STAT,0,1594870954.744365
CYL_PRES_STAT,0,1594870954.793559
CYL_PRES_STAT,0,1594870954.8057752
CYL_PRES_STAT,0,1594870954.86735
CYL_PRES_STAT,0,1594870954.9781961
CYL_PRES_STAT,0,1594870955.011103
CYL_PRES_STAT,0,1594870955.023055
CYL_PRES_STAT,0,1594870955.0315711
CYL_PRES_STAT,0,1594870955.0638454
CYL_PRES_STAT,0,1594870955.0723534
CYL_PRES_STAT,0,1594870955.154845
CYL_PRES_STAT,0,1594870955.1785028
CYL_PRES_STAT,0,1594870955.207344
CYL_PRES_STAT,0,1594870955.240196
CYL_PRES_STAT,0,1594870955.260492
CYL_PRES_STAT,0,1594870955.2812269
CYL_PRES_STAT,0,1594870955.301839
CYL_PRES_STAT,0,1594870955.310158
CYL_PRES_STAT,0,1594870955.322125
CYL_PRES_STAT,0,1594870955.383441
CYL_PRES_STAT,0,1594870955.44516
CYL_PRES_STAT,0,1594870955.61269
CYL_PRES_STAT,0,1594870955.633352
CYL_PRES_STAT,0,1594870955.6539252
CYL_PRES_STAT,0,1594870955.7442741
CYL_PRES_STAT,0,1594870955.7647052
CYL_PRES_STAT,0,1594870955.8832374
CYL_PRES_STAT,0,1594870955.899847
CYL_PRES_STAT,0,1594870955.9239948
CYL_PRES_STAT,0,1594870955.932308
CYL_PRES_STAT,0,1594870955.944457
CYL_PRES_STAT,0,1594870955.964885
CYL_PRES_STAT,0,1594870956.005929
CYL_PRES_STAT,0,1594870956.0468118
CYL_PRES_STAT,0,1594870956.0554726
CYL_PRES_STAT,0,1594870956.0673852
CYL_PRES_STAT,0,1594870956.087934
CYL_PRES_STAT,0,1594870956.157818
CYL_PRES_STAT,0,1594870956.169874
CYL_PRES_STAT,0,1594870956.181953
CYL_PRES_STAT,0,1594870956.1907468
CYL_PRES_STAT,0,1594870956.211243
CYL_PRES_STAT,0,1594870956.2520242
CYL_PRES_STAT,0,1594870956.2639492
CYL_PRES_STAT,0,1594870956.2724051
CYL_PRES_STAT,0,1594870956.337736
CYL_PRES_STAT,0,1594870956.378537
CYL_PRES_STAT,0,1594870956.460576
CYL_PRES_STAT,0,1594870956.4897132
CYL_PRES_STAT,0,1594870956.501618
CYL_PRES_STAT,0,1594870956.5101774
CYL_PRES_STAT,0,1594870956.5220609
CYL_PRES_STAT,0,1594870956.542461
CYL_PRES_STAT,0,1594870956.5634289
CYL_PRES_STAT,0,1594870956.583496
CYL_PRES_STAT,0,1594870956.6162088
CYL_PRES_STAT,0,1594870956.645268
CYL_PRES_STAT,0,1594870956.7275069
CYL_PRES_STAT,0,1594870956.771858
CYL_PRES_STAT,0,1594870956.812886
CYL_PRES_STAT,0,1594870956.8334599
CYL_PRES_STAT,0,1594870956.8623052
CYL_PRES_STAT,0,1594870956.874203
CYL_PRES_STAT,0,1594870956.9362726
CYL_PRES_STAT,0,1594870957.0626562
CYL_PRES_STAT,0,1594870957.0708008
CYL_PRES_STAT,0,1594870957.079471
CYL_PRES_STAT,0,1594870957.1240199
CYL_PRES_STAT,0,1594870957.144474
CYL_PRES_STAT,0,1594870957.164976
CYL_PRES_STAT,0,1594870957.173528
CYL_PRES_STAT,0,1594870957.1854599
CYL_PRES_STAT,0,1594870957.2559118
CYL_PRES_STAT,0,1594870957.390924
CYL_PRES_STAT,0,1594870957.414759
CYL_PRES_STAT,0,1594870957.423218
CYL_PRES_STAT,0,1594870957.452201
CYL_PRES_STAT,0,1594870957.4640946
CYL_PRES_STAT,0,1594870957.51374
CYL_PRES_STAT,0,1594870957.534118
CYL_PRES_STAT,0,1594870957.6197498
CYL_PRES_STAT,0,1594870957.669267
CYL_PRES_STAT,0,1594870957.7548852
CYL_PRES_STAT,0,1594870957.7633762
CYL_PRES_STAT,0,1594870957.8251038
CYL_PRES_STAT,0,1594870957.836746
CYL_PRES_STAT,0,1594870957.951494
CYL_PRES_STAT,0,1594870957.971957
CYL_PRES_STAT,0,1594870957.9801538
CYL_PRES_STAT,0,1594870958.012919
CYL_PRES_STAT,0,1594870958.03344
CYL_PRES_STAT,0,1594870958.25903
CYL_PRES_STAT,0,1594870958.2797961
CYL_PRES_STAT,0,1594870958.299975
CYL_PRES_STAT,0,1594870958.324328
CYL_PRES_STAT,0,1594870958.332711
CYL_PRES_STAT,0,1594870958.344716
CYL_PRES_STAT,0,1594870958.414737
CYL_PRES_STAT,0,1594870958.426508
CYL_PRES_STAT,0,1594870958.4762518
CYL_PRES_STAT,0,1594870958.500284
CYL_PRES_STAT,0,1594870958.517175
CYL_PRES_STAT,0,1594870958.5536358
CYL_PRES_STAT,0,1594870958.573979
CYL_PRES_STAT,0,1594870958.590965
CYL_PRES_STAT,0,1594870958.6353762
CYL_PRES_STAT,0,1594870958.7175221
CYL_PRES_STAT,0,1594870958.7581928
CYL_PRES_STAT,0,1594870958.840127
CYL_PRES_STAT,0,1594870958.8817348
CYL_PRES_STAT,0,1594870958.9020524
CYL_PRES_STAT,0,1594870958.913919
CYL_PRES_STAT,0,1594870958.922516
CYL_PRES_STAT,0,1594870958.95501
CYL_PRES_STAT,0,1594870958.963191
CYL_PRES_STAT,0,1594870959.016289
CYL_PRES_STAT,0,1594870959.151826
CYL_PRES_STAT,0,1594870959.163726
CYL_PRES_STAT,0,1594870959.1723
CYL_PRES_STAT,0,1594870959.180268
CYL_PRES_STAT,0,1594870959.192369
CYL_PRES_STAT,0,1594870959.212992
CYL_PRES_STAT,0,1594870959.3153641
CYL_PRES_STAT,0,1594870959.3361876
CYL_PRES_STAT,0,1594870959.4390152
CYL_PRES_STAT,0,1594870959.462734
CYL_PRES_STAT,0,1594870959.479773
CYL_PRES_STAT,0,1594870959.4915578
CYL_PRES_STAT,0,1594870959.770332
CYL_PRES_STAT,0,1594870959.7909741
CYL_PRES_STAT,0,1594870959.8112798
CYL_PRES_STAT,0,1594870959.823143
CYL_PRES_STAT,0,1594870959.835537
CYL_PRES_STAT,0,1594870959.852921
CYL_PRES_STAT,0,1594870959.9055526
CYL_PRES_STAT,0,1594870959.9583614
CYL_PRES_STAT,0,1594870960.007808
CYL_PRES_STAT,0,1594870960.040344
CYL_PRES_STAT,0,1594870960.061069
CYL_PRES_STAT,0,1594870960.073076
CYL_PRES_STAT,0,1594870960.0817091
CYL_PRES_STAT,0,1594870960.089823
CYL_PRES_STAT,0,1594870960.101883
CYL_PRES_STAT,0,1594870960.171627
CYL_PRES_STAT,0,1594870960.204393
CYL_PRES_STAT,0,1594870960.286434
CYL_PRES_STAT,0,1594870960.298411
CYL_PRES_STAT,0,1594870960.319201
CYL_PRES_STAT,0,1594870960.331098
CYL_PRES_STAT,0,1594870960.351596
CYL_PRES_STAT,0,1594870960.392552
CYL_PRES_STAT,0,1594870960.401431
CYL_PRES_STAT,0,1594870960.4217331
CYL_PRES_STAT,0,1594870960.4334419
CYL_PRES_STAT,0,1594870960.4539769
CYL_PRES_STAT,0,1594870960.515717
CYL_PRES_STAT,0,1594870960.609441
CYL_PRES_STAT,0,1594870960.630243
CYL_PRES_STAT,0,1594870960.642192
CYL_PRES_STAT,0,1594870960.6507268
CYL_PRES_STAT,0,1594870960.6629632
CYL_PRES_STAT,0,1594870960.7037132
CYL_PRES_STAT,0,1594870960.733076
CYL_PRES_STAT,0,1594870960.826592
CYL_PRES_STAT,0,1594870960.847154
CYL_PRES_STAT,0,1594870960.8678439
CYL_PRES_STAT,0,1594870960.8799956
CYL_PRES_STAT,0,1594870960.9295301
CYL_PRES_STAT,0,1594870960.953655
CYL_PRES_STAT,0,1594870961.032182
CYL_PRES_STAT,0,1594870961.084828
CYL_PRES_STAT,0,1594870961.096949
CYL_PRES_STAT,0,1594870961.117486
CYL_PRES_STAT,0,1594870961.137864
CYL_PRES_STAT,0,1594870961.220066
CYL_PRES_STAT,0,1594870961.2286954
CYL_PRES_STAT,0,1594870961.2694118
CYL_PRES_STAT,0,1594870961.2814114
CYL_PRES_STAT,0,1594870961.314147
CYL_PRES_STAT,0,1594870961.354902
CYL_PRES_STAT,0,1594870961.404533
CYL_PRES_STAT,0,1594870961.4368439
CYL_PRES_STAT,0,1594870961.4574606
CYL_PRES_STAT,0,1594870961.621582
CYL_PRES_STAT,0,1594870961.63362
CYL_PRES_STAT,0,1594870961.64579
CYL_PRES_STAT,0,1594870961.686785
CYL_PRES_STAT,0,1594870961.694977
CYL_PRES_STAT,0,1594870961.715518
CYL_PRES_STAT,0,1594870961.727756
CYL_PRES_STAT,0,1594870961.8220901
CYL_PRES_STAT,0,1594870961.89215
CYL_PRES_STAT,0,1594870961.9038491
CYL_PRES_STAT,0,1594870961.924308
CYL_PRES_STAT,0,1594870961.9858618
CYL_PRES_STAT,0,1594870962.153906
CYL_PRES_STAT,0,1594870962.1701481
CYL_PRES_STAT,0,1594870962.194622
CYL_PRES_STAT,0,1594870962.2117386
CYL_PRES_STAT,0,1594870962.223574
CYL_PRES_STAT,0,1594870962.23198
CYL_PRES_STAT,0,1594870962.28477
CYL_PRES_STAT,0,1594870962.293302
CYL_PRES_STAT,0,1594870962.3466961
CYL_PRES_STAT,0,1594870962.358539
CYL_PRES_STAT,0,1594870962.41992
CYL_PRES_STAT,0,1594870962.461405
CYL_PRES_STAT,0,1594870962.534566
CYL_PRES_STAT,0,1594870962.543253
CYL_PRES_STAT,0,1594870962.5549788
CYL_PRES_STAT,0,1594870962.5755699
CYL_PRES_STAT,0,1594870962.587889
CYL_PRES_STAT,0,1594870962.5961092
CYL_PRES_STAT,0,1594870962.6048481
CYL_PRES_STAT,0,1594870962.6904302
CYL_PRES_STAT,0,1594870962.710801
CYL_PRES_STAT,0,1594870962.7311141
CYL_PRES_STAT,0,1594870962.7723286
CYL_PRES_STAT,0,1594870962.792661
CYL_PRES_STAT,0,1594870962.804818
CYL_PRES_STAT,0,1594870962.842358
CYL_PRES_STAT,0,1594870962.907409
CYL_PRES_STAT,0,1594870962.915761
CYL_PRES_STAT,0,1594870962.9893858
CYL_PRES_STAT,0,1594870963.042457
CYL_PRES_STAT,0,1594870963.0510774
CYL_PRES_STAT,0,1594870963.063086
CYL_PRES_STAT,0,1594870963.0714269
CYL_PRES_STAT,0,1594870963.0835109
CYL_PRES_STAT,0,1594870963.1039279
CYL_PRES_STAT,0,1594870963.112577
CYL_PRES_STAT,0,1594870963.124474
CYL_PRES_STAT,0,1594870963.186368
CYL_PRES_STAT,0,1594870963.312874
CYL_PRES_STAT,0,1594870963.321137
CYL_PRES_STAT,0,1594870963.329652
CYL_PRES_STAT,0,1594870963.350513
CYL_PRES_STAT,0,1594870963.411602
CYL_PRES_STAT,0,1594870963.4524312
CYL_PRES_STAT,0,1594870963.476635
CYL_PRES_STAT,0,1594870963.52627
CYL_PRES_STAT,0,1594870963.5585954
CYL_PRES_STAT,0,1594870963.62001
CYL_PRES_STAT,0,1594870963.64926
CYL_PRES_STAT,0,1594870963.6610801
CYL_PRES_STAT,0,1594870963.681803
CYL_PRES_STAT,0,1594870963.804702
CYL_PRES_STAT,0,1594870963.910773
CYL_PRES_STAT,0,1594870963.931317
CYL_PRES_STAT,0,1594870963.952093
CYL_PRES_STAT,0,1594870963.964009
CYL_PRES_STAT,0,1594870963.97256
CYL_PRES_STAT,0,1594870963.993292
CYL_PRES_STAT,0,1594870964.03372
CYL_PRES_STAT,0,1594870964.066366
CYL_PRES_STAT,0,1594870964.0747561
CYL_PRES_STAT,0,1594870964.087033
CYL_PRES_STAT,0,1594870964.095576
CYL_PRES_STAT,0,1594870964.116071
CYL_PRES_STAT,0,1594870964.1279922
CYL_PRES_STAT,0,1594870964.201559
CYL_PRES_STAT,0,1594870964.21029
CYL_PRES_STAT,0,1594870964.2220972
CYL_PRES_STAT,0,1594870964.2835588
CYL_PRES_STAT,0,1594870964.292193
CYL_PRES_STAT,0,1594870964.304006
CYL_PRES_STAT,0,1594870964.406416
CYL_PRES_STAT,0,1594870964.439085
CYL_PRES_STAT,0,1594870964.4474828
CYL_PRES_STAT,0,1594870964.500552
CYL_PRES_STAT,0,1594870964.533332
CYL_PRES_STAT,0,1594870964.5416784
CYL_PRES_STAT,0,1594870964.5538619
CYL_PRES_STAT,0,1594870964.574398
CYL_PRES_STAT,0,1594870964.603086
CYL_PRES_STAT,0,1594870964.6152134
CYL_PRES_STAT,0,1594870964.664556
CYL_PRES_STAT,0,1594870964.6730142
CYL_PRES_STAT,0,1594870964.684941
CYL_PRES_STAT,0,1594870964.80066
CYL_PRES_STAT,0,1594870964.808167
CYL_PRES_STAT,0,1594870964.840893
CYL_PRES_STAT,0,1594870964.861492
CYL_PRES_STAT,0,1594870964.8732524
CYL_PRES_STAT,0,1594870964.902526
CYL_PRES_STAT,0,1594870964.9229262
CYL_PRES_STAT,0,1594870964.967586
CYL_PRES_STAT,0,1594870964.975726
CYL_PRES_STAT,0,1594870964.9844632
CYL_PRES_STAT,0,1594870965.008323
CYL_PRES_STAT,0,1594870965.1108322
CYL_PRES_STAT,0,1594870965.119467
CYL_PRES_STAT,0,1594870965.1522481
CYL_PRES_STAT,0,1594870965.1723342
CYL_PRES_STAT,0,1594870965.1932359
CYL_PRES_STAT,0,1594870965.3075411
CYL_PRES_STAT,0,1594870965.316246
CYL_PRES_STAT,0,1594870965.381094
CYL_PRES_STAT,0,1594870965.4015946
CYL_PRES_STAT,0,1594870965.4389482
CYL_PRES_STAT,0,1594870965.451297
CYL_PRES_STAT,0,1594870965.492218
CYL_PRES_STAT,0,1594870965.524607
CYL_PRES_STAT,0,1594870965.5333838
CYL_PRES_STAT,0,1594870965.565505
CYL_PRES_STAT,0,1594870965.7014802
CYL_PRES_STAT,0,1594870965.713022
CYL_PRES_STAT,0,1594870965.721239
CYL_PRES_STAT,0,1594870965.729746
CYL_PRES_STAT,0,1594870965.782944
CYL_PRES_STAT,0,1594870965.794795
CYL_PRES_STAT,0,1594870965.815315
CYL_PRES_STAT,0,1594870965.864867
CYL_PRES_STAT,0,1594870965.979648
CYL_PRES_STAT,0,1594870965.999716
CYL_PRES_STAT,0,1594870966.0118456
CYL_PRES_STAT,0,1594870966.032542
CYL_PRES_STAT,0,1594870966.0413141
CYL_PRES_STAT,0,1594870966.061707
CYL_PRES_STAT,0,1594870966.167716
CYL_PRES_STAT,0,1594870966.249656
CYL_PRES_STAT,0,1594870966.3113
CYL_PRES_STAT,0,1594870966.3313189
CYL_PRES_STAT,0,1594870966.339958
CYL_PRES_STAT,0,1594870966.352014
CYL_PRES_STAT,0,1594870966.364127
CYL_PRES_STAT,0,1594870966.37266
CYL_PRES_STAT,0,1594870966.548467
CYL_PRES_STAT,0,1594870966.55706
CYL_PRES_STAT,0,1594870966.5812778
CYL_PRES_STAT,0,1594870966.601919
CYL_PRES_STAT,0,1594870966.61395
CYL_PRES_STAT,0,1594870966.62222
CYL_PRES_STAT,0,1594870966.6631598
CYL_PRES_STAT,0,1594870966.6839428
CYL_PRES_STAT,0,1594870966.692298
CYL_PRES_STAT,0,1594870966.7865114
CYL_PRES_STAT,0,1594870966.8275518
CYL_PRES_STAT,0,1594870966.868588
CYL_PRES_STAT,0,1594870966.880232
CYL_PRES_STAT,0,1594870966.912935
CYL_PRES_STAT,0,1594870966.933439
CYL_PRES_STAT,0,1594870966.942692
CYL_PRES_STAT,0,1594870966.954016
CYL_PRES_STAT,0,1594870966.9708948
CYL_PRES_STAT,0,1594870967.023596
CYL_PRES_STAT,0,1594870967.183455
CYL_PRES_STAT,0,1594870967.191607
CYL_PRES_STAT,0,1594870967.200313
CYL_PRES_STAT,0,1594870967.2243464
CYL_PRES_STAT,0,1594870967.2414386
CYL_PRES_STAT,0,1594870967.3025742
CYL_PRES_STAT,0,1594870967.367649
CYL_PRES_STAT,0,1594870967.458303
CYL_PRES_STAT,0,1594870967.6255648
CYL_PRES_STAT,0,1594870967.675184
CYL_PRES_STAT,0,1594870967.760747
CYL_PRES_STAT,0,1594870967.7691028
CYL_PRES_STAT,0,1594870967.8021364
CYL_PRES_STAT,0,1594870967.8222778
CYL_PRES_STAT,0,1594870967.842783
CYL_PRES_STAT,0,1594870967.851325
CYL_PRES_STAT,0,1594870967.863293
CYL_PRES_STAT,0,1594870967.88384
CYL_PRES_STAT,0,1594870967.945524
CYL_PRES_STAT,0,1594870967.99835
CYL_PRES_STAT,0,1594870968.027563
CYL_PRES_STAT,0,1594870968.072028
CYL_PRES_STAT,0,1594870968.092488
CYL_PRES_STAT,0,1594870968.1014342
CYL_PRES_STAT,0,1594870968.113129
CYL_PRES_STAT,0,1594870968.256625
CYL_PRES_STAT,0,1594870968.2651362
CYL_PRES_STAT,0,1594870968.2859268
CYL_PRES_STAT,0,1594870968.359164
CYL_PRES_STAT,0,1594870968.379738
CYL_PRES_STAT,0,1594870968.420883
CYL_PRES_STAT,0,1594870968.461476
CYL_PRES_STAT,0,1594870968.485792
CYL_PRES_STAT,0,1594870968.649697
CYL_PRES_STAT,0,1594870968.6704726
CYL_PRES_STAT,0,1594870968.6824598
CYL_PRES_STAT,0,1594870968.699125
CYL_PRES_STAT,0,1594870968.711246
CYL_PRES_STAT,0,1594870968.7523901
CYL_PRES_STAT,0,1594870968.7644038
CYL_PRES_STAT,0,1594870968.8463118
CYL_PRES_STAT,0,1594870968.8551278
CYL_PRES_STAT,0,1594870968.8755796
CYL_PRES_STAT,0,1594870968.887352
CYL_PRES_STAT,0,1594870968.9610088
CYL_PRES_STAT,0,1594870968.9815848
CYL_PRES_STAT,0,1594870969.002367
CYL_PRES_STAT,0,1594870969.0432806
CYL_PRES_STAT,0,1594870969.145702
CYL_PRES_STAT,0,1594870969.166234
CYL_PRES_STAT,0,1594870969.248117
CYL_PRES_STAT,0,1594870969.259935
CYL_PRES_STAT,0,1594870969.3009012
CYL_PRES_STAT,0,1594870969.342348
CYL_PRES_STAT,0,1594870969.3829439
CYL_PRES_STAT,0,1594870969.436069
CYL_PRES_STAT,0,1594870969.509645
CYL_PRES_STAT,0,1594870969.518132
CYL_PRES_STAT,0,1594870969.5798774
CYL_PRES_STAT,0,1594870969.6006458
CYL_PRES_STAT,0,1594870969.624445
CYL_PRES_STAT,0,1594870969.6531806
CYL_PRES_STAT,0,1594870969.661819
CYL_PRES_STAT,0,1594870969.673683
CYL_PRES_STAT,0,1594870969.747226
CYL_PRES_STAT,0,1594870969.756109
CYL_PRES_STAT,0,1594870969.8701706
CYL_PRES_STAT,0,1594870969.92347
CYL_PRES_STAT,0,1594870969.9356954
CYL_PRES_STAT,0,1594870969.9642868
CYL_PRES_STAT,0,1594870969.9732099
CYL_PRES_STAT,0,1594870970.013842
CYL_PRES_STAT,0,1594870970.054943
CYL_PRES_STAT,0,1594870970.0755851
CYL_PRES_STAT,0,1594870970.140568
CYL_PRES_STAT,0,1594870970.169774
CYL_PRES_STAT,0,1594870970.181448
CYL_PRES_STAT,0,1594870970.2020102
CYL_PRES_STAT,0,1594870970.222799
CYL_PRES_STAT,0,1594870970.242858
CYL_PRES_STAT,0,1594870970.251561
CYL_PRES_STAT,0,1594870970.263454
CYL_PRES_STAT,0,1594870970.2924619
CYL_PRES_STAT,0,1594870970.345453
CYL_PRES_STAT,0,1594870970.459967
CYL_PRES_STAT,0,1594870970.472337
CYL_PRES_STAT,0,1594870970.5013828
CYL_PRES_STAT,0,1594870970.5132182
CYL_PRES_STAT,0,1594870970.738959
CYL_PRES_STAT,0,1594870970.759388
CYL_PRES_STAT,0,1594870970.7714279
CYL_PRES_STAT,0,1594870970.8040054
CYL_PRES_STAT,0,1594870970.8245618
CYL_PRES_STAT,0,1594870970.8334222
CYL_PRES_STAT,0,1594870970.955793
CYL_PRES_STAT,0,1594870971.070538
CYL_PRES_STAT,0,1594870971.082565
CYL_PRES_STAT,0,1594870971.094691
CYL_PRES_STAT,0,1594870971.09936
CYL_PRES_STAT,0,1594870971.1112268
CYL_PRES_STAT,0,1594870971.132025
CYL_PRES_STAT,0,1594870971.173292
CYL_PRES_STAT,0,1594870971.213623
CYL_PRES_STAT,0,1594870971.234593
CYL_PRES_STAT,0,1594870971.246421
CYL_PRES_STAT,0,1594870971.266944
CYL_PRES_STAT,0,1594870971.36109
CYL_PRES_STAT,0,1594870971.3815026
CYL_PRES_STAT,0,1594870971.4429572
CYL_PRES_STAT,0,1594870971.451475
CYL_PRES_STAT,0,1594870971.4634418
CYL_PRES_STAT,0,1594870971.627637
CYL_PRES_STAT,0,1594870971.64783
CYL_PRES_STAT,0,1594870971.692735
CYL_PRES_STAT,0,1594870971.7133274
CYL_PRES_STAT,0,1594870971.733876
CYL_PRES_STAT,0,1594870971.762917
CYL_PRES_STAT,0,1594870971.815655
CYL_PRES_STAT,0,1594870971.8244312
CYL_PRES_STAT,0,1594870971.836292
CYL_PRES_STAT,0,1594870971.8447
CYL_PRES_STAT,0,1594870971.856714
CYL_PRES_STAT,0,1594870971.9392939
CYL_PRES_STAT,0,1594870971.9631288
CYL_PRES_STAT,0,1594870971.9836018
CYL_PRES_STAT,0,1594870971.992308
CYL_PRES_STAT,0,1594870972.0008972
CYL_PRES_STAT,0,1594870972.024558
CYL_PRES_STAT,0,1594870972.1473489
CYL_PRES_STAT,0,1594870972.1563034
CYL_PRES_STAT,0,1594870972.188496
CYL_PRES_STAT,0,1594870972.217843
CYL_PRES_STAT,0,1594870972.250036
CYL_PRES_STAT,0,1594870972.2703881
CYL_PRES_STAT,0,1594870972.2791212
CYL_PRES_STAT,0,1594870972.311811
CYL_PRES_STAT,0,1594870972.3235588
CYL_PRES_STAT,0,1594870972.332257
CYL_PRES_STAT,0,1594870972.35258
CYL_PRES_STAT,0,1594870972.425986
CYL_PRES_STAT,0,1594870972.434887
CYL_PRES_STAT,0,1594870972.507918
CYL_PRES_STAT,0,1594870972.5203302
CYL_PRES_STAT,0,1594870972.5288029
CYL_PRES_STAT,0,1594870972.561261
CYL_PRES_STAT,0,1594870972.5735369
CYL_PRES_STAT,0,1594870972.58199
CYL_PRES_STAT,0,1594870972.6025548
CYL_PRES_STAT,0,1594870972.610702
CYL_PRES_STAT,0,1594870972.6225524
CYL_PRES_STAT,0,1594870972.6430886
CYL_PRES_STAT,0,1594870972.6962
CYL_PRES_STAT,0,1594870972.7047179
CYL_PRES_STAT,0,1594870972.7133071
CYL_PRES_STAT,0,1594870972.786858
CYL_PRES_STAT,0,1594870972.8314211
CYL_PRES_STAT,0,1594870972.872297
CYL_PRES_STAT,0,1594870972.892843
CYL_PRES_STAT,0,1594870972.901463
CYL_PRES_STAT,0,1594870972.933856
CYL_PRES_STAT,0,1594870973.015866
CYL_PRES_STAT,0,1594870973.0363429
CYL_PRES_STAT,0,1594870973.130342
CYL_PRES_STAT,0,1594870973.139078
CYL_PRES_STAT,0,1594870973.2619321
CYL_PRES_STAT,0,1594870973.306701
CYL_PRES_STAT,0,1594870973.3150811
CYL_PRES_STAT,0,1594870973.450066
CYL_PRES_STAT,0,1594870973.474508
CYL_PRES_STAT,0,1594870973.491582
CYL_PRES_STAT,0,1594870973.511756
CYL_PRES_STAT,0,1594870973.532398
CYL_PRES_STAT,0,1594870973.617922
CYL_PRES_STAT,0,1594870973.6465259
CYL_PRES_STAT,0,1594870973.720405
CYL_PRES_STAT,0,1594870973.728951
CYL_PRES_STAT,0,1594870973.740824
CYL_PRES_STAT,0,1594870973.7615669
CYL_PRES_STAT,0,1594870973.814377
CYL_PRES_STAT,0,1594870973.823261
CYL_PRES_STAT,0,1594870973.87588
CYL_PRES_STAT,0,1594870973.896333
CYL_PRES_STAT,0,1594870973.905184
CYL_PRES_STAT,0,1594870974.031474
CYL_PRES_STAT,0,1594870974.072428
CYL_PRES_STAT,0,1594870974.092915
CYL_PRES_STAT,0,1594870974.1135461
CYL_PRES_STAT,0,1594870974.163131
CYL_PRES_STAT,0,1594870974.1954038
CYL_PRES_STAT,0,1594870974.2158802
CYL_PRES_STAT,0,1594870974.318683
CYL_PRES_STAT,0,1594870974.342731
CYL_PRES_STAT,0,1594870974.3633332
CYL_PRES_STAT,0,1594870974.383811
CYL_PRES_STAT,0,1594870974.3927028
CYL_PRES_STAT,0,1594870974.421036
CYL_PRES_STAT,0,1594870974.445201
CYL_PRES_STAT,0,1594870974.527134
CYL_PRES_STAT,0,1594870974.6090698
CYL_PRES_STAT,0,1594870974.629998
CYL_PRES_STAT,0,1594870974.641797
CYL_PRES_STAT,0,1594870974.650326
CYL_PRES_STAT,0,1594870974.6708438
CYL_PRES_STAT,0,1594870974.691232
CYL_PRES_STAT,0,1594870974.7119448
CYL_PRES_STAT,0,1594870974.7237391
CYL_PRES_STAT,0,1594870974.805734
CYL_PRES_STAT,0,1594870974.8179786
CYL_PRES_STAT,0,1594870974.9408429
CYL_PRES_STAT,0,1594870974.961291
CYL_PRES_STAT,0,1594870974.9734259
CYL_PRES_STAT,0,1594870974.982181
CYL_PRES_STAT,0,1594870975.0107448
CYL_PRES_STAT,0,1594870975.022642
CYL_PRES_STAT,0,1594870975.08447
CYL_PRES_STAT,0,1594870975.1869562
CYL_PRES_STAT,0,1594870975.219727
CYL_PRES_STAT,0,1594870975.231607
CYL_PRES_STAT,0,1594870975.2521741
CYL_PRES_STAT,0,1594870975.2724462
CYL_PRES_STAT,0,1594870975.387354
CYL_PRES_STAT,0,1594870975.3957698
CYL_PRES_STAT,0,1594870975.4485269
CYL_PRES_STAT,0,1594870975.501939
CYL_PRES_STAT,0,1594870975.522327
CYL_PRES_STAT,0,1594870975.645235
CYL_PRES_STAT,0,1594870975.706677
CYL_PRES_STAT,0,1594870975.8300624
CYL_PRES_STAT,0,1594870975.8541632
CYL_PRES_STAT,0,1594870975.874708
CYL_PRES_STAT,0,1594870975.882828
CYL_PRES_STAT,0,1594870975.891666
CYL_PRES_STAT,0,1594870975.9154232
CYL_PRES_STAT,0,1594870975.9771378
CYL_PRES_STAT,0,1594870975.985482
CYL_PRES_STAT,0,1594870975.9938009
CYL_PRES_STAT,0,1594870976.017892
CYL_PRES_STAT,0,1594870976.0383651
CYL_PRES_STAT,0,1594870976.100055
CYL_PRES_STAT,0,1594870976.120794
CYL_PRES_STAT,0,1594870976.1495268
CYL_PRES_STAT,0,1594870976.161278
CYL_PRES_STAT,0,1594870976.411108
CYL_PRES_STAT,0,1594870976.452363
CYL_PRES_STAT,0,1594870976.472617
CYL_PRES_STAT,0,1594870976.4930232
CYL_PRES_STAT,0,1594870976.56317
CYL_PRES_STAT,0,1594870976.575187
CYL_PRES_STAT,0,1594870976.595576
CYL_PRES_STAT,0,1594870976.616145
CYL_PRES_STAT,0,1594870976.665786
CYL_PRES_STAT,0,1594870976.698262
CYL_PRES_STAT,0,1594870976.710193
CYL_PRES_STAT,0,1594870976.751116
CYL_PRES_STAT,0,1594870976.783816
CYL_PRES_STAT,0,1594870976.792594
CYL_PRES_STAT,0,1594870976.824807
CYL_PRES_STAT,0,1594870977.0009902
CYL_PRES_STAT,0,1594870977.021523
CYL_PRES_STAT,0,1594870977.02973
CYL_PRES_STAT,0,1594870977.12383
CYL_PRES_STAT,0,1594870977.3003268
CYL_PRES_STAT,0,1594870977.341127
CYL_PRES_STAT,0,1594870977.3617249
CYL_PRES_STAT,0,1594870977.3736992
CYL_PRES_STAT,0,1594870977.382359
CYL_PRES_STAT,0,1594870977.403296
CYL_PRES_STAT,0,1594870977.422965
CYL_PRES_STAT,0,1594870977.4643269
CYL_PRES_STAT,0,1594870977.484428
CYL_PRES_STAT,0,1594870977.5052512
CYL_PRES_STAT,0,1594870977.6116009
CYL_PRES_STAT,0,1594870977.631689
CYL_PRES_STAT,0,1594870977.652174
CYL_PRES_STAT,0,1594870977.681298
CYL_PRES_STAT,0,1594870977.693164
CYL_PRES_STAT,0,1594870977.70225
CYL_PRES_STAT,0,1594870977.775359
CYL_PRES_STAT,0,1594870977.7873466
CYL_PRES_STAT,0,1594870977.795979
CYL_PRES_STAT,0,1594870977.877849
CYL_PRES_STAT,0,1594870977.9192011
CYL_PRES_STAT,0,1594870977.963449
CYL_PRES_STAT,0,1594870977.9840288
CYL_PRES_STAT,0,1594870978.045368
CYL_PRES_STAT,0,1594870978.074634
CYL_PRES_STAT,0,1594870978.0865338
CYL_PRES_STAT,0,1594870978.1068132
CYL_PRES_STAT,0,1594870978.147845
CYL_PRES_STAT,0,1594870978.2099528
CYL_PRES_STAT,0,1594870978.2338922
CYL_PRES_STAT,0,1594870978.254256
CYL_PRES_STAT,0,1594870978.2745779
CYL_PRES_STAT,0,1594870978.2829812
CYL_PRES_STAT,0,1594870978.2916858
CYL_PRES_STAT,0,1594870978.3532689
CYL_PRES_STAT,0,1594870978.3770206
CYL_PRES_STAT,0,1594870978.397692
CYL_PRES_STAT,0,1594870978.500562
CYL_PRES_STAT,0,1594870978.521086
CYL_PRES_STAT,0,1594870978.533031
CYL_PRES_STAT,0,1594870978.541106
CYL_PRES_STAT,0,1594870978.582644
CYL_PRES_STAT,0,1594870978.676061
CYL_PRES_STAT,0,1594870978.7826009
CYL_PRES_STAT,0,1594870978.7909071
CYL_PRES_STAT,0,1594870978.8318448
CYL_PRES_STAT,0,1594870978.85235
CYL_PRES_STAT,0,1594870978.864462
CYL_PRES_STAT,0,1594870978.893232
CYL_PRES_STAT,0,1594870978.9840589
CYL_PRES_STAT,0,1594870979.057802
CYL_PRES_STAT,0,1594870979.110818
CYL_PRES_STAT,0,1594870979.1225548
CYL_PRES_STAT,0,1594870979.1307774
CYL_PRES_STAT,0,1594870979.1430662
CYL_PRES_STAT,0,1594870979.163487
CYL_PRES_STAT,0,1594870979.192738
CYL_PRES_STAT,0,1594870979.2045178
CYL_PRES_STAT,0,1594870979.2455618
CYL_PRES_STAT,0,1594870979.266356
CYL_PRES_STAT,0,1594870979.2866619
CYL_PRES_STAT,0,1594870979.339592
CYL_PRES_STAT,0,1594870979.372601
CYL_PRES_STAT,0,1594870979.392809
CYL_PRES_STAT,0,1594870979.4011
CYL_PRES_STAT,0,1594870979.409733
CYL_PRES_STAT,0,1594870979.4301708
CYL_PRES_STAT,0,1594870979.4711509
CYL_PRES_STAT,0,1594870979.5566769
CYL_PRES_STAT,0,1594870979.679634
CYL_PRES_STAT,0,1594870979.6881762
CYL_PRES_STAT,0,1594870979.7209556
CYL_PRES_STAT,0,1594870979.741469
CYL_PRES_STAT,0,1594870979.843961
CYL_PRES_STAT,0,1594870979.855901
CYL_PRES_STAT,0,1594870979.864335
CYL_PRES_STAT,0,1594870979.970358
CYL_PRES_STAT,0,1594870979.99084
CYL_PRES_STAT,0,1594870980.0113802
CYL_PRES_STAT,0,1594870980.03246
CYL_PRES_STAT,0,1594870980.060859
CYL_PRES_STAT,0,1594870980.1225538
CYL_PRES_STAT,0,1594870980.146494
CYL_PRES_STAT,0,1594870980.1548886
CYL_PRES_STAT,0,1594870980.257437
CYL_PRES_STAT,0,1594870980.269771
CYL_PRES_STAT,0,1594870980.2779331
CYL_PRES_STAT,0,1594870980.302345
CYL_PRES_STAT,0,1594870980.34313
CYL_PRES_STAT,0,1594870980.3520539
CYL_PRES_STAT,0,1594870980.36356
CYL_PRES_STAT,0,1594870980.4662678
CYL_PRES_STAT,0,1594870980.568558
CYL_PRES_STAT,0,1594870980.5929544
CYL_PRES_STAT,0,1594870980.6011796
CYL_PRES_STAT,0,1594870980.6099038
CYL_PRES_STAT,0,1594870980.634016
CYL_PRES_STAT,0,1594870980.654429
CYL_PRES_STAT,0,1594870980.744629
CYL_PRES_STAT,0,1594870980.7862358
CYL_PRES_STAT,0,1594870980.879787
CYL_PRES_STAT,0,1594870980.900204
CYL_PRES_STAT,0,1594870980.9739392
CYL_PRES_STAT,0,1594870980.982422
CYL_PRES_STAT,0,1594870981.1705012
CYL_PRES_STAT,0,1594870981.179127
CYL_PRES_STAT,0,1594870981.191013
CYL_PRES_STAT,0,1594870981.1999938
CYL_PRES_STAT,0,1594870981.232024
CYL_PRES_STAT,0,1594870981.253182
CYL_PRES_STAT,0,1594870981.264599
CYL_PRES_STAT,0,1594870981.3019376
CYL_PRES_STAT,0,1594870981.355139
CYL_PRES_STAT,0,1594870981.375251
CYL_PRES_STAT,0,1594870981.407995
CYL_PRES_STAT,0,1594870981.4817998
CYL_PRES_STAT,0,1594870981.50226
CYL_PRES_STAT,0,1594870981.514399
CYL_PRES_STAT,0,1594870981.5225859
CYL_PRES_STAT,0,1594870981.543173
CYL_PRES_STAT,0,1594870981.5636852
CYL_PRES_STAT,0,1594870981.6250381
CYL_PRES_STAT,0,1594870981.645708
CYL_PRES_STAT,0,1594870981.6664689
CYL_PRES_STAT,0,1594870981.67835
CYL_PRES_STAT,0,1594870981.686815
CYL_PRES_STAT,0,1594870981.7602599
CYL_PRES_STAT,0,1594870981.769176
CYL_PRES_STAT,0,1594870981.789199
CYL_PRES_STAT,0,1594870981.809869
CYL_PRES_STAT,0,1594870981.8919182
CYL_PRES_STAT,0,1594870982.018348
CYL_PRES_STAT,0,1594870982.039017
CYL_PRES_STAT,0,1594870982.101064
CYL_PRES_STAT,0,1594870982.124759
CYL_PRES_STAT,0,1594870982.16208
CYL_PRES_STAT,0,1594870982.173849
CYL_PRES_STAT,0,1594870982.1825678
CYL_PRES_STAT,0,1594870982.309062
CYL_PRES_STAT,0,1594870982.3705046
CYL_PRES_STAT,0,1594870982.391541
CYL_PRES_STAT,0,1594870982.399649
CYL_PRES_STAT,0,1594870982.411482
CYL_PRES_STAT,0,1594870982.420161
CYL_PRES_STAT,0,1594870982.432128
CYL_PRES_STAT,0,1594870982.4934108
CYL_PRES_STAT,0,1594870982.534734
CYL_PRES_STAT,0,1594870982.55519
CYL_PRES_STAT,0,1594870982.661342
CYL_PRES_STAT,0,1594870982.669923
CYL_PRES_STAT,0,1594870982.681727
CYL_PRES_STAT,0,1594870982.6901052
CYL_PRES_STAT,0,1594870982.722856
CYL_PRES_STAT,0,1594870982.7431831
CYL_PRES_STAT,0,1594870982.751806
CYL_PRES_STAT,0,1594870982.7637029
CYL_PRES_STAT,0,1594870982.7843351
CYL_PRES_STAT,0,1594870982.8457608
CYL_PRES_STAT,0,1594870983.001871
CYL_PRES_STAT,0,1594870983.042233
CYL_PRES_STAT,0,1594870983.051179
CYL_PRES_STAT,0,1594870983.062769
CYL_PRES_STAT,0,1594870983.136548
CYL_PRES_STAT,0,1594870983.17742
CYL_PRES_STAT,0,1594870983.1860194
CYL_PRES_STAT,0,1594870983.218483
CYL_PRES_STAT,0,1594870983.238961
CYL_PRES_STAT,0,1594870983.247631
CYL_PRES_STAT,0,1594870983.263335
CYL_PRES_STAT,0,1594870983.301182
CYL_PRES_STAT,0,1594870983.353506
CYL_PRES_STAT,0,1594870983.362114
CYL_PRES_STAT,0,1594870983.447664
CYL_PRES_STAT,0,1594870983.509114
CYL_PRES_STAT,0,1594870983.550101
CYL_PRES_STAT,0,1594870983.57074
CYL_PRES_STAT,0,1594870983.6530259
CYL_PRES_STAT,0,1594870983.755218
CYL_PRES_STAT,0,1594870983.8169534
CYL_PRES_STAT,0,1594870983.837494
CYL_PRES_STAT,0,1594870983.861438
CYL_PRES_STAT,0,1594870983.86971
CYL_PRES_STAT,0,1594870983.9023402
CYL_PRES_STAT,0,1594870983.9228866
CYL_PRES_STAT,0,1594870983.9433599
CYL_PRES_STAT,0,1594870984.045815
CYL_PRES_STAT,0,1594870984.1604214
CYL_PRES_STAT,0,1594870984.16895
CYL_PRES_STAT,0,1594870984.1896858
CYL_PRES_STAT,0,1594870984.234097
CYL_PRES_STAT,0,1594870984.242377
CYL_PRES_STAT,0,1594870984.254524
CYL_PRES_STAT,0,1594870984.3365262
CYL_PRES_STAT,0,1594870984.3570292
CYL_PRES_STAT,0,1594870984.4388368
CYL_PRES_STAT,0,1594870984.4475431
CYL_PRES_STAT,0,1594870984.4594922
CYL_PRES_STAT,0,1594870984.501029
CYL_PRES_STAT,0,1594870984.521333
CYL_PRES_STAT,0,1594870984.545343
CYL_PRES_STAT,0,1594870984.562224
CYL_PRES_STAT,0,1594870984.644371
CYL_PRES_STAT,0,1594870984.664565
CYL_PRES_STAT,0,1594870984.8321972
CYL_PRES_STAT,0,1594870984.873177
CYL_PRES_STAT,0,1594870985.041198
CYL_PRES_STAT,0,1594870985.061546
CYL_PRES_STAT,0,1594870985.0697188
CYL_PRES_STAT,0,1594870985.122996
CYL_PRES_STAT,0,1594870985.143425
CYL_PRES_STAT,0,1594870985.254695
CYL_PRES_STAT,0,1594870985.266243
CYL_PRES_STAT,0,1594870985.3281438
CYL_PRES_STAT,0,1594870985.369483
CYL_PRES_STAT,0,1594870985.389853
CYL_PRES_STAT,0,1594870985.401823
CYL_PRES_STAT,0,1594870985.410039
CYL_PRES_STAT,0,1594870985.43054
CYL_PRES_STAT,0,1594870985.462873
CYL_PRES_STAT,0,1594870985.5365891
CYL_PRES_STAT,0,1594870985.586157
CYL_PRES_STAT,0,1594870985.60674
CYL_PRES_STAT,0,1594870985.639166
CYL_PRES_STAT,0,1594870985.6595
CYL_PRES_STAT,0,1594870985.680023
CYL_PRES_STAT,0,1594870985.692166
CYL_PRES_STAT,0,1594870985.700428
CYL_PRES_STAT,0,1594870985.74191
CYL_PRES_STAT,0,1594870985.7619529
CYL_PRES_STAT,0,1594870985.774064
CYL_PRES_STAT,0,1594870985.8236556
CYL_PRES_STAT,0,1594870985.83567
CYL_PRES_STAT,0,1594870985.8442788
CYL_PRES_STAT,0,1594870985.856267
CYL_PRES_STAT,0,1594870985.917839
CYL_PRES_STAT,0,1594870985.9502769
CYL_PRES_STAT,0,1594870985.991876
CYL_PRES_STAT,0,1594870986.0120902
CYL_PRES_STAT,0,1594870986.041122
CYL_PRES_STAT,0,1594870986.052803
CYL_PRES_STAT,0,1594870986.064942
CYL_PRES_STAT,0,1594870986.073298
CYL_PRES_STAT,0,1594870986.13512
CYL_PRES_STAT,0,1594870986.146775
CYL_PRES_STAT,0,1594870986.261479
CYL_PRES_STAT,0,1594870986.2818859
CYL_PRES_STAT,0,1594870986.3026981
CYL_PRES_STAT,0,1594870986.3110762
CYL_PRES_STAT,0,1594870986.323071
CYL_PRES_STAT,0,1594870986.364049
CYL_PRES_STAT,0,1594870986.445915
CYL_PRES_STAT,0,1594870986.466379
CYL_PRES_STAT,0,1594870986.478642
CYL_PRES_STAT,0,1594870986.54884
CYL_PRES_STAT,0,1594870986.5606751
CYL_PRES_STAT,0,1594870986.572948
CYL_PRES_STAT,0,1594870986.634193
CYL_PRES_STAT,0,1594870986.6424818
CYL_PRES_STAT,0,1594870986.654716
CYL_PRES_STAT,0,1594870986.839168
CYL_PRES_STAT,0,1594870986.892321
CYL_PRES_STAT,0,1594870986.9625509
CYL_PRES_STAT,0,1594870986.994686
CYL_PRES_STAT,0,1594870987.015115
CYL_PRES_STAT,0,1594870987.097194
CYL_PRES_STAT,0,1594870987.117732
CYL_PRES_STAT,0,1594870987.138468
CYL_PRES_STAT,0,1594870987.150478
CYL_PRES_STAT,0,1594870987.17151
CYL_PRES_STAT,0,1594870987.1917589
CYL_PRES_STAT,0,1594870987.253021
CYL_PRES_STAT,0,1594870987.273365
CYL_PRES_STAT,0,1594870987.314507
CYL_PRES_STAT,0,1594870987.335014
CYL_PRES_STAT,0,1594870987.441258
CYL_PRES_STAT,0,1594870987.449448
CYL_PRES_STAT,0,1594870987.4615571
CYL_PRES_STAT,0,1594870987.502649
CYL_PRES_STAT,0,1594870987.522975
CYL_PRES_STAT,0,1594870987.543492
CYL_PRES_STAT,0,1594870987.5522099
CYL_PRES_STAT,0,1594870987.699147
CYL_PRES_STAT,0,1594870987.707465
CYL_PRES_STAT,0,1594870987.7489524
CYL_PRES_STAT,0,1594870987.769606
CYL_PRES_STAT,0,1594870987.793355
CYL_PRES_STAT,0,1594870987.8139892
CYL_PRES_STAT,0,1594870987.82231
CYL_PRES_STAT,0,1594870987.830942
CYL_PRES_STAT,0,1594870987.916215
CYL_PRES_STAT,0,1594870987.924736
CYL_PRES_STAT,0,1594870987.936696
CYL_PRES_STAT,0,1594870987.9657466
CYL_PRES_STAT,0,1594870987.9898946
CYL_PRES_STAT,0,1594870988.018698
CYL_PRES_STAT,0,1594870988.039409
CYL_PRES_STAT,0,1594870988.0514288
CYL_PRES_STAT,0,1594870988.059946
CYL_PRES_STAT,0,1594870988.084042
CYL_PRES_STAT,0,1594870988.142366
CYL_PRES_STAT,0,1594870988.183372
CYL_PRES_STAT,0,1594870988.2238472
CYL_PRES_STAT,0,1594870988.329988
CYL_PRES_STAT,0,1594870988.3505461
CYL_PRES_STAT,0,1594870988.383157
CYL_PRES_STAT,0,1594870988.391871
CYL_PRES_STAT,0,1594870988.412338
CYL_PRES_STAT,0,1594870988.4206939
CYL_PRES_STAT,0,1594870988.432499
CYL_PRES_STAT,0,1594870988.453342
CYL_PRES_STAT,0,1594870988.465075
CYL_PRES_STAT,0,1594870988.4937332
CYL_PRES_STAT,0,1594870988.514715
CYL_PRES_STAT,0,1594870988.5350466
CYL_PRES_STAT,0,1594870988.6413221
CYL_PRES_STAT,0,1594870988.6616874
CYL_PRES_STAT,0,1594870988.6822991
CYL_PRES_STAT,0,1594870988.702827
CYL_PRES_STAT,0,1594870988.711212
CYL_PRES_STAT,0,1594870988.723079
CYL_PRES_STAT,0,1594870988.764108
CYL_PRES_STAT,0,1594870988.8136199
CYL_PRES_STAT,0,1594870988.825484
CYL_PRES_STAT,0,1594870988.858204
CYL_PRES_STAT,0,1594870988.878743
CYL_PRES_STAT,0,1594870988.93205
CYL_PRES_STAT,0,1594870988.9525409
CYL_PRES_STAT,0,1594870988.960695
CYL_PRES_STAT,0,1594870989.0139039
CYL_PRES_STAT,0,1594870989.034535
CYL_PRES_STAT,0,1594870989.042687
CYL_PRES_STAT,0,1594870989.116399
CYL_PRES_STAT,0,1594870989.136847
CYL_PRES_STAT,0,1594870989.2191648
CYL_PRES_STAT,0,1594870989.2391891
CYL_PRES_STAT,0,1594870989.260173
CYL_PRES_STAT,0,1594870989.2806132
CYL_PRES_STAT,0,1594870989.29251
CYL_PRES_STAT,0,1594870989.3010418
CYL_PRES_STAT,0,1594870989.321861
CYL_PRES_STAT,0,1594870989.342243
CYL_PRES_STAT,0,1594870989.5300102
CYL_PRES_STAT,0,1594870989.54226
CYL_PRES_STAT,0,1594870989.55104
CYL_PRES_STAT,0,1594870989.571586
CYL_PRES_STAT,0,1594870989.579629
CYL_PRES_STAT,0,1594870989.591417
CYL_PRES_STAT,0,1594870989.632381
CYL_PRES_STAT,0,1594870989.685607
CYL_PRES_STAT,0,1594870989.714612
CYL_PRES_STAT,0,1594870989.7352211
CYL_PRES_STAT,0,1594870989.788098
CYL_PRES_STAT,0,1594870989.8208342
CYL_PRES_STAT,0,1594870989.841335
CYL_PRES_STAT,0,1594870989.8616939
CYL_PRES_STAT,0,1594870989.882167
CYL_PRES_STAT,0,1594870989.902738
CYL_PRES_STAT,0,1594870989.9113758
CYL_PRES_STAT,0,1594870989.923233
CYL_PRES_STAT,0,1594870990.025697
CYL_PRES_STAT,0,1594870990.034466
CYL_PRES_STAT,0,1594870990.058332
CYL_PRES_STAT,0,1594870990.0668561
CYL_PRES_STAT,0,1594870990.128541
CYL_PRES_STAT,0,1594870990.149015
CYL_PRES_STAT,0,1594870990.1731892
CYL_PRES_STAT,0,1594870990.181211
CYL_PRES_STAT,0,1594870990.1902158
CYL_PRES_STAT,0,1594870990.2018778
CYL_PRES_STAT,0,1594870990.213898
CYL_PRES_STAT,0,1594870990.316441
CYL_PRES_STAT,0,1594870990.336886
CYL_PRES_STAT,0,1594870990.418829
CYL_PRES_STAT,0,1594870990.4394329
CYL_PRES_STAT,0,1594870990.451568
CYL_PRES_STAT,0,1594870990.463757
CYL_PRES_STAT,0,1594870990.471935
CYL_PRES_STAT,0,1594870990.53344
CYL_PRES_STAT,0,1594870990.5538912
CYL_PRES_STAT,0,1594870990.583041
CYL_PRES_STAT,0,1594870990.607143
CYL_PRES_STAT,0,1594870990.6358988
CYL_PRES_STAT,0,1594870990.6480439
CYL_PRES_STAT,0,1594870990.7095962
CYL_PRES_STAT,0,1594870990.730048
CYL_PRES_STAT,0,1594870990.7795386
CYL_PRES_STAT,0,1594870990.7915359
CYL_PRES_STAT,0,1594870990.9063392
CYL_PRES_STAT,0,1594870990.914387
CYL_PRES_STAT,0,1594870990.9349642
CYL_PRES_STAT,0,1594870990.976287
CYL_PRES_STAT,0,1594870991.03314
CYL_PRES_STAT,0,1594870991.0413382
CYL_PRES_STAT,0,1594870991.061854
CYL_PRES_STAT,0,1594870991.1438
CYL_PRES_STAT,0,1594870991.1968794
CYL_PRES_STAT,0,1594870991.205899
CYL_PRES_STAT,0,1594870991.225767
CYL_PRES_STAT,0,1594870991.3116226
CYL_PRES_STAT,0,1594870991.3199608
CYL_PRES_STAT,0,1594870991.328609
CYL_PRES_STAT,0,1594870991.349071
CYL_PRES_STAT,0,1594870991.360822
CYL_PRES_STAT,0,1594870991.393593
CYL_PRES_STAT,0,1594870991.413954
CYL_PRES_STAT,0,1594870991.434551
CYL_PRES_STAT,0,1594870991.516633
CYL_PRES_STAT,0,1594870991.525232
CYL_PRES_STAT,0,1594870991.5983891
CYL_PRES_STAT,0,1594870991.6105552
CYL_PRES_STAT,0,1594870991.6274981
CYL_PRES_STAT,0,1594870991.639411
CYL_PRES_STAT,0,1594870991.6602619
CYL_PRES_STAT,0,1594870991.7048278
CYL_PRES_STAT,0,1594870991.7218726
CYL_PRES_STAT,0,1594870991.733469
CYL_PRES_STAT,0,1594870991.762741
CYL_PRES_STAT,0,1594870991.803533
CYL_PRES_STAT,0,1594870991.815418
CYL_PRES_STAT,0,1594870991.8360882
CYL_PRES_STAT,0,1594870991.9301221
CYL_PRES_STAT,0,1594870991.939024
CYL_PRES_STAT,0,1594870991.9506078
CYL_PRES_STAT,0,1594870991.9712682
CYL_PRES_STAT,0,1594870992.024173
CYL_PRES_STAT,0,1594870992.0326872
CYL_PRES_STAT,0,1594870992.094275
CYL_PRES_STAT,0,1594870992.1062891
CYL_PRES_STAT,0,1594870992.114738
CYL_PRES_STAT,0,1594870992.200444
CYL_PRES_STAT,0,1594870992.221055
CYL_PRES_STAT,0,1594870992.270516
CYL_PRES_STAT,0,1594870992.302923
CYL_PRES_STAT,0,1594870992.332237
CYL_PRES_STAT,0,1594870992.34383
CYL_PRES_STAT,0,1594870992.3642726
CYL_PRES_STAT,0,1594870992.3933358
CYL_PRES_STAT,0,1594870992.4053679
CYL_PRES_STAT,0,1594870992.425787
CYL_PRES_STAT,0,1594870992.5285351
CYL_PRES_STAT,0,1594870992.5527039
CYL_PRES_STAT,0,1594870992.5731812
CYL_PRES_STAT,0,1594870992.5937052
CYL_PRES_STAT,0,1594870992.6022248
CYL_PRES_STAT,0,1594870992.6140802
CYL_PRES_STAT,0,1594870992.737032
CYL_PRES_STAT,0,1594870992.7780194
CYL_PRES_STAT,0,1594870992.8520806
CYL_PRES_STAT,0,1594870992.860276
CYL_PRES_STAT,0,1594870992.9013731
CYL_PRES_STAT,0,1594870992.9216099
CYL_PRES_STAT,0,1594870992.974565
CYL_PRES_STAT,0,1594870992.986807
CYL_PRES_STAT,0,1594870993.01557
CYL_PRES_STAT,0,1594870993.077245
CYL_PRES_STAT,0,1594870993.109761
CYL_PRES_STAT,0,1594870993.1183226
CYL_PRES_STAT,0,1594870993.1513126
CYL_PRES_STAT,0,1594870993.183582
CYL_PRES_STAT,0,1594870993.1922932
CYL_PRES_STAT,0,1594870993.232733
CYL_PRES_STAT,0,1594870993.3064902
CYL_PRES_STAT,0,1594870993.388427
CYL_PRES_STAT,0,1594870993.421122
CYL_PRES_STAT,0,1594870993.429735
CYL_PRES_STAT,0,1594870993.441578
CYL_PRES_STAT,0,1594870993.461971
CYL_PRES_STAT,0,1594870993.48236
CYL_PRES_STAT,0,1594870993.5234408
CYL_PRES_STAT,0,1594870993.605598
CYL_PRES_STAT,0,1594870993.6996238
CYL_PRES_STAT,0,1594870993.708447
CYL_PRES_STAT,0,1594870993.728674
CYL_PRES_STAT,0,1594870993.740709
CYL_PRES_STAT,0,1594870993.7938151
CYL_PRES_STAT,0,1594870993.8141599
CYL_PRES_STAT,0,1594870993.8841898
CYL_PRES_STAT,0,1594870993.89614
CYL_PRES_STAT,0,1594870993.9986289
CYL_PRES_STAT,0,1594870994.040187
CYL_PRES_STAT,0,1594870994.063869
CYL_PRES_STAT,0,1594870994.084497
CYL_PRES_STAT,0,1594870994.1013386
CYL_PRES_STAT,0,1594870994.154145
CYL_PRES_STAT,0,1594870994.1835706
CYL_PRES_STAT,0,1594870994.277335
CYL_PRES_STAT,0,1594870994.2978652
CYL_PRES_STAT,0,1594870994.309839
CYL_PRES_STAT,0,1594870994.3392382
CYL_PRES_STAT,0,1594870994.3507829
CYL_PRES_STAT,0,1594870994.3717241
CYL_PRES_STAT,0,1594870994.4126668
CYL_PRES_STAT,0,1594870994.4738119
CYL_PRES_STAT,0,1594870994.494467
CYL_PRES_STAT,0,1594870994.506377
CYL_PRES_STAT,0,1594870994.6211796
CYL_PRES_STAT,0,1594870994.670579
CYL_PRES_STAT,0,1594870994.732061
CYL_PRES_STAT,0,1594870994.7849832
CYL_PRES_STAT,0,1594870994.8054779
CYL_PRES_STAT,0,1594870994.813905
CYL_PRES_STAT,0,1594870994.846663
CYL_PRES_STAT,0,1594870994.867518
CYL_PRES_STAT,0,1594870994.912011
CYL_PRES_STAT,0,1594870994.920567
CYL_PRES_STAT,0,1594870994.928833
CYL_PRES_STAT,0,1594870994.952971
CYL_PRES_STAT,0,1594870994.9733448
CYL_PRES_STAT,0,1594870994.99383
CYL_PRES_STAT,0,1594870995.002493
CYL_PRES_STAT,0,1594870995.0430448
CYL_PRES_STAT,0,1594870995.104656
CYL_PRES_STAT,0,1594870995.1167278
CYL_PRES_STAT,0,1594870995.198981
CYL_PRES_STAT,0,1594870995.219369
CYL_PRES_STAT,0,1594870995.243608
CYL_PRES_STAT,0,1594870995.2846332
CYL_PRES_STAT,0,1594870995.301366
CYL_PRES_STAT,0,1594870995.407521
CYL_PRES_STAT,0,1594870995.550845
CYL_PRES_STAT,0,1594870995.571939
CYL_PRES_STAT,0,1594870995.583593
CYL_PRES_STAT,0,1594870995.592167
CYL_PRES_STAT,0,1594870995.6245391
CYL_PRES_STAT,0,1594870995.674159
CYL_PRES_STAT,0,1594870995.7474186
CYL_PRES_STAT,0,1594870995.800641
CYL_PRES_STAT,0,1594870995.82144
CYL_PRES_STAT,0,1594870995.8297212
CYL_PRES_STAT,0,1594870995.841585
CYL_PRES_STAT,0,1594870995.862186
CYL_PRES_STAT,0,1594870995.911658
CYL_PRES_STAT,0,1594870996.005486
CYL_PRES_STAT,0,1594870996.0791981
CYL_PRES_STAT,0,1594870996.1119206
CYL_PRES_STAT,0,1594870996.161441
CYL_PRES_STAT,0,1594870996.173324
CYL_PRES_STAT,0,1594870996.1938171
CYL_PRES_STAT,0,1594870996.3170369
CYL_PRES_STAT,0,1594870996.3459039
CYL_PRES_STAT,0,1594870996.378252
CYL_PRES_STAT,0,1594870996.419624
CYL_PRES_STAT,0,1594870996.439882
CYL_PRES_STAT,0,1594870996.464127
CYL_PRES_STAT,0,1594870996.484612
CYL_PRES_STAT,0,1594870996.4928582
CYL_PRES_STAT,0,1594870996.501632
CYL_PRES_STAT,0,1594870996.566612
CYL_PRES_STAT,0,1594870996.586977
CYL_PRES_STAT,0,1594870996.657156
CYL_PRES_STAT,0,1594870996.7184632
CYL_PRES_STAT,0,1594870996.739178
CYL_PRES_STAT,0,1594870996.7918231
CYL_PRES_STAT,0,1594870996.832769
CYL_PRES_STAT,0,1594870996.865557
CYL_PRES_STAT,0,1594870996.886022
CYL_PRES_STAT,0,1594870996.894615
CYL_PRES_STAT,0,1594870996.906608
CYL_PRES_STAT,0,1594870996.980242
CYL_PRES_STAT,0,1594870997.000963
CYL_PRES_STAT,0,1594870997.021198
CYL_PRES_STAT,0,1594870997.062165
CYL_PRES_STAT,0,1594870997.0744364
CYL_PRES_STAT,0,1594870997.0827868
CYL_PRES_STAT,0,1594870997.123723
CYL_PRES_STAT,0,1594870997.19721
CYL_PRES_STAT,0,1594870997.205547
CYL_PRES_STAT,0,1594870997.217758
CYL_PRES_STAT,0,1594870997.226444
CYL_PRES_STAT,0,1594870997.238453
CYL_PRES_STAT,0,1594870997.2676556
CYL_PRES_STAT,0,1594870997.312088
CYL_PRES_STAT,0,1594870997.3206449
CYL_PRES_STAT,0,1594870997.332586
CYL_PRES_STAT,0,1594870997.3407538
CYL_PRES_STAT,0,1594870997.353207
CYL_PRES_STAT,0,1594870997.3817961
CYL_PRES_STAT,0,1594870997.393816
CYL_PRES_STAT,0,1594870997.422612
CYL_PRES_STAT,0,1594870997.4759429
CYL_PRES_STAT,0,1594870997.578724
CYL_PRES_STAT,0,1594870997.6029286
CYL_PRES_STAT,0,1594870997.623199
CYL_PRES_STAT,0,1594870997.6402216
CYL_PRES_STAT,0,1594870997.6724749
CYL_PRES_STAT,0,1594870997.681012
CYL_PRES_STAT,0,1594870997.701524
CYL_PRES_STAT,0,1594870997.766721
CYL_PRES_STAT,0,1594870997.807677
CYL_PRES_STAT,0,1594870997.889547
CYL_PRES_STAT,0,1594870997.8981
CYL_PRES_STAT,0,1594870997.930651
CYL_PRES_STAT,0,1594870997.9513988
CYL_PRES_STAT,0,1594870997.9837039
CYL_PRES_STAT,0,1594870998.053774
CYL_PRES_STAT,0,1594870998.065664
CYL_PRES_STAT,0,1594870998.074373
CYL_PRES_STAT,0,1594870998.0947351
CYL_PRES_STAT,0,1594870998.135576
CYL_PRES_STAT,0,1594870998.1802502
CYL_PRES_STAT,0,1594870998.2015822
CYL_PRES_STAT,0,1594870998.221714
CYL_PRES_STAT,0,1594870998.2417226
CYL_PRES_STAT,0,1594870998.262342
CYL_PRES_STAT,0,1594870998.365015
CYL_PRES_STAT,0,1594870998.3857226
CYL_PRES_STAT,0,1594870998.4588132
CYL_PRES_STAT,0,1594870998.479476
CYL_PRES_STAT,0,1594870998.491532
CYL_PRES_STAT,0,1594870998.5120482
CYL_PRES_STAT,0,1594870998.552997
CYL_PRES_STAT,0,1594870998.5616589
CYL_PRES_STAT,0,1594870998.799144
CYL_PRES_STAT,0,1594870998.8110132
CYL_PRES_STAT,0,1594870998.819849
CYL_PRES_STAT,0,1594870998.8437078
CYL_PRES_STAT,0,1594870998.864268
CYL_PRES_STAT,0,1594870998.8847241
CYL_PRES_STAT,0,1594870998.893033
CYL_PRES_STAT,0,1594870998.9666939
CYL_PRES_STAT,0,1594870998.975397
CYL_PRES_STAT,0,1594870998.9872189
CYL_PRES_STAT,0,1594870999.036793
CYL_PRES_STAT,0,1594870999.089854
CYL_PRES_STAT,0,1594870999.1107109
CYL_PRES_STAT,0,1594870999.183706
CYL_PRES_STAT,0,1594870999.192443
CYL_PRES_STAT,0,1594870999.2575881
CYL_PRES_STAT,0,1594870999.286162
CYL_PRES_STAT,0,1594870999.294799
CYL_PRES_STAT,0,1594870999.359931
CYL_PRES_STAT,0,1594870999.380419
CYL_PRES_STAT,0,1594870999.389208
CYL_PRES_STAT,0,1594870999.400954
CYL_PRES_STAT,0,1594870999.4417849
CYL_PRES_STAT,0,1594870999.462385
CYL_PRES_STAT,0,1594870999.470815
CYL_PRES_STAT,0,1594870999.483056
CYL_PRES_STAT,0,1594870999.646914
CYL_PRES_STAT,0,1594870999.679326
CYL_PRES_STAT,0,1594870999.687842
CYL_PRES_STAT,0,1594870999.7207801
CYL_PRES_STAT,0,1594870999.7532039
CYL_PRES_STAT,0,1594870999.7613509
CYL_PRES_STAT,0,1594870999.77351
CYL_PRES_STAT,0,1594870999.823343
CYL_PRES_STAT,0,1594870999.83504
CYL_PRES_STAT,0,1594870999.8760011
CYL_PRES_STAT,0,1594870999.884827
CYL_PRES_STAT,0,1594870999.937493
CYL_PRES_STAT,0,1594870999.961971
CYL_PRES_STAT,0,1594870999.9789922
CYL_PRES_STAT,0,1594870999.9993534
CYL_PRES_STAT,0,1594871000.019746
CYL_PRES_STAT,0,1594871000.031507
CYL_PRES_STAT,0,1594871000.1871731
CYL_PRES_STAT,0,1594871000.2693694
CYL_PRES_STAT,0,1594871000.310806
CYL_PRES_STAT,0,1594871000.3309538
CYL_PRES_STAT,0,1594871000.3723466
CYL_PRES_STAT,0,1594871000.6338
CYL_PRES_STAT,0,1594871000.736073
CYL_PRES_STAT,0,1594871000.7564552
CYL_PRES_STAT,0,1594871000.88349
CYL_PRES_STAT,0,1594871000.8882
CYL_PRES_STAT,0,1594871000.9085119
CYL_PRES_STAT,0,1594871000.9531672
CYL_PRES_STAT,0,1594871000.9941
CYL_PRES_STAT,0,1594871001.08455
CYL_PRES_STAT,0,1594871001.1584
CYL_PRES_STAT,0,1594871001.199299
CYL_PRES_STAT,0,1594871001.211231
CYL_PRES_STAT,0,1594871001.22349
CYL_PRES_STAT,0,1594871001.243933
CYL_PRES_STAT,0,1594871001.260727
CYL_PRES_STAT,0,1594871001.2814538
CYL_PRES_STAT,0,1594871001.2931268
CYL_PRES_STAT,0,1594871001.3426292
CYL_PRES_STAT,0,1594871001.477827
CYL_PRES_STAT,0,1594871001.48969
CYL_PRES_STAT,0,1594871001.5105898
CYL_PRES_STAT,0,1594871001.572278
CYL_PRES_STAT,0,1594871001.5925221
CYL_PRES_STAT,0,1594871001.6335194
CYL_PRES_STAT,0,1594871001.694994
CYL_PRES_STAT,0,1594871001.760194
CYL_PRES_STAT,0,1594871001.780643
CYL_PRES_STAT,0,1594871001.821585
CYL_PRES_STAT,0,1594871001.841988
CYL_PRES_STAT,0,1594871001.8628328
CYL_PRES_STAT,0,1594871001.8915222
CYL_PRES_STAT,0,1594871001.9036102
CYL_PRES_STAT,0,1594871001.9649124
CYL_PRES_STAT,0,1594871002.018133
CYL_PRES_STAT,0,1594871002.0918381
CYL_PRES_STAT,0,1594871002.112195
CYL_PRES_STAT,0,1594871002.124514
CYL_PRES_STAT,0,1594871002.132692
CYL_PRES_STAT,0,1594871002.1532779
CYL_PRES_STAT,0,1594871002.182345
CYL_PRES_STAT,0,1594871002.194169
CYL_PRES_STAT,0,1594871002.264338
CYL_PRES_STAT,0,1594871002.276184
CYL_PRES_STAT,0,1594871002.296606
CYL_PRES_STAT,0,1594871002.3585448
CYL_PRES_STAT,0,1594871002.378856
CYL_PRES_STAT,0,1594871002.399508
CYL_PRES_STAT,0,1594871002.4439628
CYL_PRES_STAT,0,1594871002.452781
CYL_PRES_STAT,0,1594871002.464436
CYL_PRES_STAT,0,1594871002.546365
CYL_PRES_STAT,0,1594871002.587286
CYL_PRES_STAT,0,1594871002.6693716
CYL_PRES_STAT,0,1594871002.702251
CYL_PRES_STAT,0,1594871002.710542
CYL_PRES_STAT,0,1594871002.731057
CYL_PRES_STAT,0,1594871002.7721882
CYL_PRES_STAT,0,1594871002.784048
CYL_PRES_STAT,0,1594871002.792553
CYL_PRES_STAT,0,1594871002.8249109
CYL_PRES_STAT,0,1594871002.833589
CYL_PRES_STAT,0,1594871002.8542578
CYL_PRES_STAT,0,1594871002.9601052
CYL_PRES_STAT,0,1594871002.980908
CYL_PRES_STAT,0,1594871002.989153
CYL_PRES_STAT,0,1594871003.0014038
CYL_PRES_STAT,0,1594871003.021665
CYL_PRES_STAT,0,1594871003.0300546
CYL_PRES_STAT,0,1594871003.0420322
CYL_PRES_STAT,0,1594871003.2507892
CYL_PRES_STAT,0,1594871003.2714539
CYL_PRES_STAT,0,1594871003.279593
CYL_PRES_STAT,0,1594871003.288202
CYL_PRES_STAT,0,1594871003.3329954
CYL_PRES_STAT,0,1594871003.353479
CYL_PRES_STAT,0,1594871003.361619
CYL_PRES_STAT,0,1594871003.373777
CYL_PRES_STAT,0,1594871003.4556758
CYL_PRES_STAT,0,1594871003.5379882
CYL_PRES_STAT,0,1594871003.582573
CYL_PRES_STAT,0,1594871003.6031082
CYL_PRES_STAT,0,1594871003.6236422
CYL_PRES_STAT,0,1594871003.6318278
CYL_PRES_STAT,0,1594871003.640634
CYL_PRES_STAT,0,1594871003.660876
CYL_PRES_STAT,0,1594871003.775816
CYL_PRES_STAT,0,1594871003.816654
CYL_PRES_STAT,0,1594871003.8494134
CYL_PRES_STAT,0,1594871003.861182
CYL_PRES_STAT,0,1594871003.869716
CYL_PRES_STAT,0,1594871003.8938289
CYL_PRES_STAT,0,1594871003.8986714
CYL_PRES_STAT,0,1594871003.9105222
CYL_PRES_STAT,0,1594871003.951647
CYL_PRES_STAT,0,1594871003.9726038
CYL_PRES_STAT,0,1594871004.004734
CYL_PRES_STAT,0,1594871004.0335839
CYL_PRES_STAT,0,1594871004.0660226
CYL_PRES_STAT,0,1594871004.139735
CYL_PRES_STAT,0,1594871004.160234
CYL_PRES_STAT,0,1594871004.201492
CYL_PRES_STAT,0,1594871004.2217238
CYL_PRES_STAT,0,1594871004.2423348
CYL_PRES_STAT,0,1594871004.28344
CYL_PRES_STAT,0,1594871004.3772118
CYL_PRES_STAT,0,1594871004.3977199
CYL_PRES_STAT,0,1594871004.45913
CYL_PRES_STAT,0,1594871004.467751
CYL_PRES_STAT,0,1594871004.4885962
CYL_PRES_STAT,0,1594871004.5001512
CYL_PRES_STAT,0,1594871004.5123782
CYL_PRES_STAT,0,1594871004.521032
CYL_PRES_STAT,0,1594871004.6239939
CYL_PRES_STAT,0,1594871004.635295
CYL_PRES_STAT,0,1594871004.688473
CYL_PRES_STAT,0,1594871004.7376132
CYL_PRES_STAT,0,1594871004.7623131
CYL_PRES_STAT,0,1594871004.771112
CYL_PRES_STAT,0,1594871004.77894
CYL_PRES_STAT,0,1594871004.799644
CYL_PRES_STAT,0,1594871004.843982
CYL_PRES_STAT,0,1594871004.8523798
CYL_PRES_STAT,0,1594871004.861047
CYL_PRES_STAT,0,1594871004.8817432
CYL_PRES_STAT,0,1594871004.913906
CYL_PRES_STAT,0,1594871004.926003
CYL_PRES_STAT,0,1594871004.9347851
CYL_PRES_STAT,0,1594871005.049033
CYL_PRES_STAT,0,1594871005.090477
CYL_PRES_STAT,0,1594871005.102257
CYL_PRES_STAT,0,1594871005.1107671
CYL_PRES_STAT,0,1594871005.131232
CYL_PRES_STAT,0,1594871005.339794
CYL_PRES_STAT,0,1594871005.34845
CYL_PRES_STAT,0,1594871005.36042
CYL_PRES_STAT,0,1594871005.38083
CYL_PRES_STAT,0,1594871005.401359
CYL_PRES_STAT,0,1594871005.450864
CYL_PRES_STAT,0,1594871005.503649
CYL_PRES_STAT,0,1594871005.544909
CYL_PRES_STAT,0,1594871005.630478
CYL_PRES_STAT,0,1594871005.6510198
CYL_PRES_STAT,0,1594871005.671485
CYL_PRES_STAT,0,1594871005.712484
CYL_PRES_STAT,0,1594871005.732924
CYL_PRES_STAT,0,1594871005.753532
CYL_PRES_STAT,0,1594871005.835377
CYL_PRES_STAT,0,1594871005.8475454
CYL_PRES_STAT,0,1594871005.962242
CYL_PRES_STAT,0,1594871005.979073
CYL_PRES_STAT,0,1594871006.0032618
CYL_PRES_STAT,0,1594871006.011592
CYL_PRES_STAT,0,1594871006.126152
CYL_PRES_STAT,0,1594871006.175852
CYL_PRES_STAT,0,1594871006.196179
CYL_PRES_STAT,0,1594871006.217097
CYL_PRES_STAT,0,1594871006.249435
CYL_PRES_STAT,0,1594871006.2613409
CYL_PRES_STAT,0,1594871006.2699974
CYL_PRES_STAT,0,1594871006.294049
CYL_PRES_STAT,0,1594871006.3021948
CYL_PRES_STAT,0,1594871006.343272
CYL_PRES_STAT,0,1594871006.351769
CYL_PRES_STAT,0,1594871006.4169226
CYL_PRES_STAT,0,1594871006.4256349
CYL_PRES_STAT,0,1594871006.4663
CYL_PRES_STAT,0,1594871006.4988608
CYL_PRES_STAT,0,1594871006.5691476
CYL_PRES_STAT,0,1594871006.5930738
CYL_PRES_STAT,0,1594871006.601376
CYL_PRES_STAT,0,1594871006.6220028
CYL_PRES_STAT,0,1594871006.642251
CYL_PRES_STAT,0,1594871006.7978966
CYL_PRES_STAT,0,1594871006.839129
CYL_PRES_STAT,0,1594871006.85109
CYL_PRES_STAT,0,1594871006.8716226
CYL_PRES_STAT,0,1594871006.8921142
CYL_PRES_STAT,0,1594871006.9005818
CYL_PRES_STAT,0,1594871006.912765
CYL_PRES_STAT,0,1594871006.921
CYL_PRES_STAT,0,1594871006.9331632
CYL_PRES_STAT,0,1594871007.014847
CYL_PRES_STAT,0,1594871007.035462
CYL_PRES_STAT,0,1594871007.109038
CYL_PRES_STAT,0,1594871007.117505
CYL_PRES_STAT,0,1594871007.138294
CYL_PRES_STAT,0,1594871007.150039
CYL_PRES_STAT,0,1594871007.158674
CYL_PRES_STAT,0,1594871007.1707962
CYL_PRES_STAT,0,1594871007.179209
CYL_PRES_STAT,0,1594871007.223946
CYL_PRES_STAT,0,1594871007.2407832
CYL_PRES_STAT,0,1594871007.2730482
CYL_PRES_STAT,0,1594871007.3466551
CYL_PRES_STAT,0,1594871007.428774
CYL_PRES_STAT,0,1594871007.470046
CYL_PRES_STAT,0,1594871007.490454
CYL_PRES_STAT,0,1594871007.5146039
CYL_PRES_STAT,0,1594871007.6988971
CYL_PRES_STAT,0,1594871007.7523189
CYL_PRES_STAT,0,1594871007.7812982
CYL_PRES_STAT,0,1594871007.7896726
CYL_PRES_STAT,0,1594871007.801344
CYL_PRES_STAT,0,1594871007.8219454
CYL_PRES_STAT,0,1594871007.8427641
CYL_PRES_STAT,0,1594871007.916218
CYL_PRES_STAT,0,1594871007.924917
CYL_PRES_STAT,0,1594871008.006525
CYL_PRES_STAT,0,1594871008.0305989
CYL_PRES_STAT,0,1594871008.051135
CYL_PRES_STAT,0,1594871008.059411
CYL_PRES_STAT,0,1594871008.1125538
CYL_PRES_STAT,0,1594871008.1331902
CYL_PRES_STAT,0,1594871008.182268
CYL_PRES_STAT,0,1594871008.235501
CYL_PRES_STAT,0,1594871008.33855
CYL_PRES_STAT,0,1594871008.432147
CYL_PRES_STAT,0,1594871008.555239
CYL_PRES_STAT,0,1594871008.575883
CYL_PRES_STAT,0,1594871008.6329136
CYL_PRES_STAT,0,1594871008.637288
CYL_PRES_STAT,0,1594871008.649173
CYL_PRES_STAT,0,1594871008.6614509
CYL_PRES_STAT,0,1594871008.670123
CYL_PRES_STAT,0,1594871008.690434
CYL_PRES_STAT,0,1594871008.731713
CYL_PRES_STAT,0,1594871008.8171134
CYL_PRES_STAT,0,1594871008.9199092
CYL_PRES_STAT,0,1594871008.9399
CYL_PRES_STAT,0,1594871008.9604216
CYL_PRES_STAT,0,1594871008.9811099
CYL_PRES_STAT,0,1594871008.989527
CYL_PRES_STAT,0,1594871009.0015204
CYL_PRES_STAT,0,1594871009.022239
CYL_PRES_STAT,0,1594871009.062906
CYL_PRES_STAT,0,1594871009.1161249
CYL_PRES_STAT,0,1594871009.1243386
CYL_PRES_STAT,0,1594871009.1365368
CYL_PRES_STAT,0,1594871009.186035
CYL_PRES_STAT,0,1594871009.2307024
CYL_PRES_STAT,0,1594871009.239459
CYL_PRES_STAT,0,1594871009.2512288
CYL_PRES_STAT,0,1594871009.2718458
CYL_PRES_STAT,0,1594871009.292244
CYL_PRES_STAT,0,1594871009.3127651
CYL_PRES_STAT,0,1594871009.3212051
CYL_PRES_STAT,0,1594871009.4068868
CYL_PRES_STAT,0,1594871009.415395
CYL_PRES_STAT,0,1594871009.435892
CYL_PRES_STAT,0,1594871009.5215418
CYL_PRES_STAT,0,1594871009.542027
CYL_PRES_STAT,0,1594871009.558877
CYL_PRES_STAT,0,1594871009.6034439
CYL_PRES_STAT,0,1594871009.624042
CYL_PRES_STAT,0,1594871009.644355
CYL_PRES_STAT,0,1594871009.653169
CYL_PRES_STAT,0,1594871009.726336
CYL_PRES_STAT,0,1594871009.808314
CYL_PRES_STAT,0,1594871009.8204954
CYL_PRES_STAT,0,1594871009.8700328
CYL_PRES_STAT,0,1594871009.890831
CYL_PRES_STAT,0,1594871009.90259
CYL_PRES_STAT,0,1594871009.911071
CYL_PRES_STAT,0,1594871009.9314294
CYL_PRES_STAT,0,1594871010.013349
CYL_PRES_STAT,0,1594871010.140005
CYL_PRES_STAT,0,1594871010.152301
CYL_PRES_STAT,0,1594871010.160876
CYL_PRES_STAT,0,1594871010.181244
CYL_PRES_STAT,0,1594871010.1897511
CYL_PRES_STAT,0,1594871010.234207
CYL_PRES_STAT,0,1594871010.304287
CYL_PRES_STAT,0,1594871010.3162408
CYL_PRES_STAT,0,1594871010.3249018
CYL_PRES_STAT,0,1594871010.512644
CYL_PRES_STAT,0,1594871010.533348
CYL_PRES_STAT,0,1594871010.582942
CYL_PRES_STAT,0,1594871010.6237829
CYL_PRES_STAT,0,1594871010.7178972
CYL_PRES_STAT,0,1594871010.7420099
CYL_PRES_STAT,0,1594871010.762601
CYL_PRES_STAT,0,1594871010.783026
CYL_PRES_STAT,0,1594871010.803607
CYL_PRES_STAT,0,1594871010.8118386
CYL_PRES_STAT,0,1594871010.82404
CYL_PRES_STAT,0,1594871010.9058962
CYL_PRES_STAT,0,1594871010.935233
CYL_PRES_STAT,0,1594871010.967398
CYL_PRES_STAT,0,1594871010.9760268
CYL_PRES_STAT,0,1594871011.008842
CYL_PRES_STAT,0,1594871011.032845
CYL_PRES_STAT,0,1594871011.037329
CYL_PRES_STAT,0,1594871011.0532749
CYL_PRES_STAT,0,1594871011.06177
CYL_PRES_STAT,0,1594871011.131632
CYL_PRES_STAT,0,1594871011.1434162
CYL_PRES_STAT,0,1594871011.163867
CYL_PRES_STAT,0,1594871011.184447
CYL_PRES_STAT,0,1594871011.193098
CYL_PRES_STAT,0,1594871011.237801
CYL_PRES_STAT,0,1594871011.2993226
CYL_PRES_STAT,0,1594871011.3114278
CYL_PRES_STAT,0,1594871011.3199131
CYL_PRES_STAT,0,1594871011.340325
CYL_PRES_STAT,0,1594871011.381033
CYL_PRES_STAT,0,1594871011.401885
CYL_PRES_STAT,0,1594871011.451067
CYL_PRES_STAT,0,1594871011.4630349
CYL_PRES_STAT,0,1594871011.5041976
CYL_PRES_STAT,0,1594871011.586514
CYL_PRES_STAT,0,1594871011.630868
CYL_PRES_STAT,0,1594871011.643098
CYL_PRES_STAT,0,1594871011.65132
CYL_PRES_STAT,0,1594871011.659624
CYL_PRES_STAT,0,1594871011.67202
CYL_PRES_STAT,0,1594871011.6922462
CYL_PRES_STAT,0,1594871011.741825
CYL_PRES_STAT,0,1594871011.7540462
CYL_PRES_STAT,0,1594871011.807172
CYL_PRES_STAT,0,1594871011.815664
CYL_PRES_STAT,0,1594871011.83577
CYL_PRES_STAT,0,1594871011.917993
CYL_PRES_STAT,0,1594871011.942136
CYL_PRES_STAT,0,1594871011.958923
CYL_PRES_STAT,0,1594871011.970856
CYL_PRES_STAT,0,1594871012.003551
CYL_PRES_STAT,0,1594871012.020298
CYL_PRES_STAT,0,1594871012.032524
CYL_PRES_STAT,0,1594871012.0445068
CYL_PRES_STAT,0,1594871012.114499
CYL_PRES_STAT,0,1594871012.126472
CYL_PRES_STAT,0,1594871012.2084649
CYL_PRES_STAT,0,1594871012.2206988
CYL_PRES_STAT,0,1594871012.228899
CYL_PRES_STAT,0,1594871012.2495189
CYL_PRES_STAT,0,1594871012.270277
CYL_PRES_STAT,0,1594871012.2907908
CYL_PRES_STAT,0,1594871012.3026078
CYL_PRES_STAT,0,1594871012.331852
CYL_PRES_STAT,0,1594871012.372568
CYL_PRES_STAT,0,1594871012.384492
CYL_PRES_STAT,0,1594871012.393143
CYL_PRES_STAT,0,1594871012.467016
CYL_PRES_STAT,0,1594871012.519667
CYL_PRES_STAT,0,1594871012.540767
CYL_PRES_STAT,0,1594871012.55247
CYL_PRES_STAT,0,1594871012.561085
CYL_PRES_STAT,0,1594871012.56934
CYL_PRES_STAT,0,1594871012.581126
CYL_PRES_STAT,0,1594871012.622144
CYL_PRES_STAT,0,1594871012.73682
CYL_PRES_STAT,0,1594871012.806912
CYL_PRES_STAT,0,1594871012.830883
CYL_PRES_STAT,0,1594871012.8719301
CYL_PRES_STAT,0,1594871012.8804858
CYL_PRES_STAT,0,1594871012.8923938
CYL_PRES_STAT,0,1594871012.921659
CYL_PRES_STAT,0,1594871012.9333491
CYL_PRES_STAT,0,1594871013.003367
CYL_PRES_STAT,0,1594871013.0153232
CYL_PRES_STAT,0,1594871013.035841
CYL_PRES_STAT,0,1594871013.129916
CYL_PRES_STAT,0,1594871013.1387491
CYL_PRES_STAT,0,1594871013.158977
CYL_PRES_STAT,0,1594871013.183302
CYL_PRES_STAT,0,1594871013.191349
CYL_PRES_STAT,0,1594871013.20016
CYL_PRES_STAT,0,1594871013.224184
CYL_PRES_STAT,0,1594871013.306155
CYL_PRES_STAT,0,1594871013.408426
CYL_PRES_STAT,0,1594871013.417442
CYL_PRES_STAT,0,1594871013.429028
CYL_PRES_STAT,0,1594871013.4374242
CYL_PRES_STAT,0,1594871013.4496038
CYL_PRES_STAT,0,1594871013.605047
CYL_PRES_STAT,0,1594871013.6379619
CYL_PRES_STAT,0,1594871013.6993618
CYL_PRES_STAT,0,1594871013.707958
CYL_PRES_STAT,0,1594871013.7198288
CYL_PRES_STAT,0,1594871013.7607481
CYL_PRES_STAT,0,1594871013.781323
CYL_PRES_STAT,0,1594871013.8228571
CYL_PRES_STAT,0,1594871013.8426418
CYL_PRES_STAT,0,1594871013.8512518
CYL_PRES_STAT,0,1594871013.8753624
CYL_PRES_STAT,0,1594871013.904597
CYL_PRES_STAT,0,1594871014.018843
CYL_PRES_STAT,0,1594871014.030893
CYL_PRES_STAT,0,1594871014.0391731
CYL_PRES_STAT,0,1594871014.051522
CYL_PRES_STAT,0,1594871014.1009886
CYL_PRES_STAT,0,1594871014.112899
CYL_PRES_STAT,0,1594871014.133544
CYL_PRES_STAT,0,1594871014.162143
CYL_PRES_STAT,0,1594871014.2153444
CYL_PRES_STAT,0,1594871014.248029
CYL_PRES_STAT,0,1594871014.288932
CYL_PRES_STAT,0,1594871014.3094242
CYL_PRES_STAT,0,1594871014.3182302
CYL_PRES_STAT,0,1594871014.338938
CYL_PRES_STAT,0,1594871014.4206238
CYL_PRES_STAT,0,1594871014.432498
CYL_PRES_STAT,0,1594871014.608942
CYL_PRES_STAT,0,1594871014.6945062
CYL_PRES_STAT,0,1594871014.702938
CYL_PRES_STAT,0,1594871014.7641752
CYL_PRES_STAT,0,1594871014.7846198
CYL_PRES_STAT,0,1594871014.793288
CYL_PRES_STAT,0,1594871014.846237
CYL_PRES_STAT,0,1594871014.907559
CYL_PRES_STAT,0,1594871014.920094
CYL_PRES_STAT,0,1594871014.940475
CYL_PRES_STAT,0,1594871014.960777
CYL_PRES_STAT,0,1594871015.0225751
CYL_PRES_STAT,0,1594871015.0837018
CYL_PRES_STAT,0,1594871015.157349
CYL_PRES_STAT,0,1594871015.1989448
CYL_PRES_STAT,0,1594871015.2720141
CYL_PRES_STAT,0,1594871015.2802482
CYL_PRES_STAT,0,1594871015.2925284
CYL_PRES_STAT,0,1594871015.313039
CYL_PRES_STAT,0,1594871015.403575
CYL_PRES_STAT,0,1594871015.415479
CYL_PRES_STAT,0,1594871015.456346
CYL_PRES_STAT,0,1594871015.518367
CYL_PRES_STAT,0,1594871015.542376
CYL_PRES_STAT,0,1594871015.559277
CYL_PRES_STAT,0,1594871015.5797381
CYL_PRES_STAT,0,1594871015.600178
CYL_PRES_STAT,0,1594871015.612024
CYL_PRES_STAT,0,1594871015.6448588
CYL_PRES_STAT,0,1594871015.694292
CYL_PRES_STAT,0,1594871015.706153
CYL_PRES_STAT,0,1594871015.726657
CYL_PRES_STAT,0,1594871015.735348
CYL_PRES_STAT,0,1594871015.82915
CYL_PRES_STAT,0,1594871015.849874
CYL_PRES_STAT,0,1594871015.861799
CYL_PRES_STAT,0,1594871015.9113126
CYL_PRES_STAT,0,1594871015.931753
CYL_PRES_STAT,0,1594871015.943776
CYL_PRES_STAT,0,1594871016.034262
CYL_PRES_STAT,0,1594871016.09945
CYL_PRES_STAT,0,1594871016.120064
CYL_PRES_STAT,0,1594871016.1491392
CYL_PRES_STAT,0,1594871016.160832
CYL_PRES_STAT,0,1594871016.181309
CYL_PRES_STAT,0,1594871016.1936266
CYL_PRES_STAT,0,1594871016.2021642
CYL_PRES_STAT,0,1594871016.222637
CYL_PRES_STAT,0,1594871016.242825
CYL_PRES_STAT,0,1594871016.304317
CYL_PRES_STAT,0,1594871016.3164868
CYL_PRES_STAT,0,1594871016.3250241
CYL_PRES_STAT,0,1594871016.357507
CYL_PRES_STAT,0,1594871016.439492
CYL_PRES_STAT,0,1594871016.554014
CYL_PRES_STAT,0,1594871016.6153524
CYL_PRES_STAT,0,1594871016.701437
CYL_PRES_STAT,0,1594871016.7221189
CYL_PRES_STAT,0,1594871016.7300944
CYL_PRES_STAT,0,1594871016.7389991
CYL_PRES_STAT,0,1594871016.759292
CYL_PRES_STAT,0,1594871016.783366
CYL_PRES_STAT,0,1594871016.821046
CYL_PRES_STAT,0,1594871016.9063838
CYL_PRES_STAT,0,1594871016.9677818
CYL_PRES_STAT,0,1594871017.029495
CYL_PRES_STAT,0,1594871017.0501919
CYL_PRES_STAT,0,1594871017.0741189
CYL_PRES_STAT,0,1594871017.1114788
CYL_PRES_STAT,0,1594871017.184988
CYL_PRES_STAT,0,1594871017.193492
CYL_PRES_STAT,0,1594871017.205342
CYL_PRES_STAT,0,1594871017.21396
CYL_PRES_STAT,0,1594871017.2996428
CYL_PRES_STAT,0,1594871017.319985
CYL_PRES_STAT,0,1594871017.3404758
CYL_PRES_STAT,0,1594871017.360914
CYL_PRES_STAT,0,1594871017.369552
CYL_PRES_STAT,0,1594871017.4104311
CYL_PRES_STAT,0,1594871017.4223292
CYL_PRES_STAT,0,1594871017.442802
CYL_PRES_STAT,0,1594871017.5042748
CYL_PRES_STAT,0,1594871017.557465
CYL_PRES_STAT,0,1594871017.6276119
CYL_PRES_STAT,0,1594871017.672081
CYL_PRES_STAT,0,1594871017.680619
CYL_PRES_STAT,0,1594871017.692708
CYL_PRES_STAT,0,1594871017.7336476
CYL_PRES_STAT,0,1594871017.795029
CYL_PRES_STAT,0,1594871017.803693
CYL_PRES_STAT,0,1594871017.815639
CYL_PRES_STAT,0,1594871017.835959
CYL_PRES_STAT,0,1594871017.865181
CYL_PRES_STAT,0,1594871017.9220052
CYL_PRES_STAT,0,1594871017.9304528
CYL_PRES_STAT,0,1594871017.9424849
CYL_PRES_STAT,0,1594871017.950722
CYL_PRES_STAT,0,1594871017.959289
CYL_PRES_STAT,0,1594871017.9713438
CYL_PRES_STAT,0,1594871017.9798892
CYL_PRES_STAT,0,1594871018.003858
CYL_PRES_STAT,0,1594871018.094456
CYL_PRES_STAT,0,1594871018.19688
CYL_PRES_STAT,0,1594871018.208756
CYL_PRES_STAT,0,1594871018.237823
CYL_PRES_STAT,0,1594871018.311213
CYL_PRES_STAT,0,1594871018.3321002
CYL_PRES_STAT,0,1594871018.343853
CYL_PRES_STAT,0,1594871018.35274
CYL_PRES_STAT,0,1594871018.540647
CYL_PRES_STAT,0,1594871018.561408
CYL_PRES_STAT,0,1594871018.5814269
CYL_PRES_STAT,0,1594871018.589979
CYL_PRES_STAT,0,1594871018.602005
CYL_PRES_STAT,0,1594871018.6224449
CYL_PRES_STAT,0,1594871018.631017
CYL_PRES_STAT,0,1594871018.642873
CYL_PRES_STAT,0,1594871018.757507
CYL_PRES_STAT,0,1594871018.7780259
CYL_PRES_STAT,0,1594871018.8276322
CYL_PRES_STAT,0,1594871018.839492
CYL_PRES_STAT,0,1594871018.848109
CYL_PRES_STAT,0,1594871018.8724189
CYL_PRES_STAT,0,1594871018.892711
CYL_PRES_STAT,0,1594871018.9221401
CYL_PRES_STAT,0,1594871018.9337568
CYL_PRES_STAT,0,1594871019.044708
CYL_PRES_STAT,0,1594871019.1221068
CYL_PRES_STAT,0,1594871019.1301868
CYL_PRES_STAT,0,1594871019.1712382
CYL_PRES_STAT,0,1594871019.179816
CYL_PRES_STAT,0,1594871019.203927
CYL_PRES_STAT,0,1594871019.294353
CYL_PRES_STAT,0,1594871019.3063512
CYL_PRES_STAT,0,1594871019.3268561
CYL_PRES_STAT,0,1594871019.429586
CYL_PRES_STAT,0,1594871019.4379199
CYL_PRES_STAT,0,1594871019.449777
CYL_PRES_STAT,0,1594871019.4707038
CYL_PRES_STAT,0,1594871019.478803
CYL_PRES_STAT,0,1594871019.4908571
CYL_PRES_STAT,0,1594871019.511252
CYL_PRES_STAT,0,1594871019.597077
CYL_PRES_STAT,0,1594871019.72029
CYL_PRES_STAT,0,1594871019.7409546
CYL_PRES_STAT,0,1594871019.748935
CYL_PRES_STAT,0,1594871019.7609909
CYL_PRES_STAT,0,1594871019.7693589
CYL_PRES_STAT,0,1594871019.8021119
CYL_PRES_STAT,0,1594871019.822633
CYL_PRES_STAT,0,1594871019.8633964
CYL_PRES_STAT,0,1594871019.9253726
CYL_PRES_STAT,0,1594871019.99865
CYL_PRES_STAT,0,1594871020.007503
CYL_PRES_STAT,0,1594871020.0272806
CYL_PRES_STAT,0,1594871020.068619
CYL_PRES_STAT,0,1594871020.0804949
CYL_PRES_STAT,0,1594871020.092753
CYL_PRES_STAT,0,1594871020.113282
CYL_PRES_STAT,0,1594871020.203697
CYL_PRES_STAT,0,1594871020.215724
CYL_PRES_STAT,0,1594871020.2363784
CYL_PRES_STAT,0,1594871020.2448
CYL_PRES_STAT,0,1594871020.306143
CYL_PRES_STAT,0,1594871020.3183026
CYL_PRES_STAT,0,1594871020.3302634
CYL_PRES_STAT,0,1594871020.3388882
CYL_PRES_STAT,0,1594871020.4208279
CYL_PRES_STAT,0,1594871020.4942482
CYL_PRES_STAT,0,1594871020.5269141
CYL_PRES_STAT,0,1594871020.6293619
CYL_PRES_STAT,0,1594871020.691181
CYL_PRES_STAT,0,1594871020.711757
CYL_PRES_STAT,0,1594871020.764471
CYL_PRES_STAT,0,1594871020.813998
CYL_PRES_STAT,0,1594871020.825921
CYL_PRES_STAT,0,1594871020.866957
CYL_PRES_STAT,0,1594871020.9405868
CYL_PRES_STAT,0,1594871020.961183
CYL_PRES_STAT,0,1594871020.969551
CYL_PRES_STAT,0,1594871020.981499
CYL_PRES_STAT,0,1594871020.99043
CYL_PRES_STAT,0,1594871021.002039
CYL_PRES_STAT,0,1594871021.104682
CYL_PRES_STAT,0,1594871021.125018
CYL_PRES_STAT,0,1594871021.145453
CYL_PRES_STAT,0,1594871021.1781929
CYL_PRES_STAT,0,1594871021.1870382
CYL_PRES_STAT,0,1594871021.2396858
CYL_PRES_STAT,0,1594871021.251955
CYL_PRES_STAT,0,1594871021.272557
CYL_PRES_STAT,0,1594871021.2805
CYL_PRES_STAT,0,1594871021.28912
CYL_PRES_STAT,0,1594871021.3132849
CYL_PRES_STAT,0,1594871021.444792
CYL_PRES_STAT,0,1594871021.4567802
CYL_PRES_STAT,0,1594871021.47712
CYL_PRES_STAT,0,1594871021.518213
CYL_PRES_STAT,0,1594871021.5387056
CYL_PRES_STAT,0,1594871021.571666
CYL_PRES_STAT,0,1594871021.5796149
CYL_PRES_STAT,0,1594871021.600089
CYL_PRES_STAT,0,1594871021.6825018
CYL_PRES_STAT,0,1594871021.706609
CYL_PRES_STAT,0,1594871021.7557812
CYL_PRES_STAT,0,1594871021.7966821
CYL_PRES_STAT,0,1594871021.8500571
CYL_PRES_STAT,0,1594871021.870483
CYL_PRES_STAT,0,1594871021.891167
CYL_PRES_STAT,0,1594871021.9118989
CYL_PRES_STAT,0,1594871021.952411
CYL_PRES_STAT,0,1594871022.014055
CYL_PRES_STAT,0,1594871022.0875466
CYL_PRES_STAT,0,1594871022.137269
CYL_PRES_STAT,0,1594871022.149001
CYL_PRES_STAT,0,1594871022.157486
CYL_PRES_STAT,0,1594871022.169408
CYL_PRES_STAT,0,1594871022.222616
CYL_PRES_STAT,0,1594871022.231164
CYL_PRES_STAT,0,1594871022.251318
CYL_PRES_STAT,0,1594871022.263525
CYL_PRES_STAT,0,1594871022.345579
CYL_PRES_STAT,0,1594871022.501154
CYL_PRES_STAT,0,1594871022.509758
CYL_PRES_STAT,0,1594871022.6650279
CYL_PRES_STAT,0,1594871022.677115
CYL_PRES_STAT,0,1594871022.788288
CYL_PRES_STAT,0,1594871022.861907
CYL_PRES_STAT,0,1594871022.911128
CYL_PRES_STAT,0,1594871022.9231222
CYL_PRES_STAT,0,1594871022.93522
CYL_PRES_STAT,0,1594871022.9438028
CYL_PRES_STAT,0,1594871022.984782
CYL_PRES_STAT,0,1594871023.06671
CYL_PRES_STAT,0,1594871023.1114368
CYL_PRES_STAT,0,1594871023.131868
CYL_PRES_STAT,0,1594871023.152343
CYL_PRES_STAT,0,1594871023.1729114
CYL_PRES_STAT,0,1594871023.193316
CYL_PRES_STAT,0,1594871023.201761
CYL_PRES_STAT,0,1594871023.254924
CYL_PRES_STAT,0,1594871023.275257
CYL_PRES_STAT,0,1594871023.284253
CYL_PRES_STAT,0,1594871023.295702
CYL_PRES_STAT,0,1594871023.316332
CYL_PRES_STAT,0,1594871023.3453538
CYL_PRES_STAT,0,1594871023.377742
CYL_PRES_STAT,0,1594871023.422689
CYL_PRES_STAT,0,1594871023.4513109
CYL_PRES_STAT,0,1594871023.45999
CYL_PRES_STAT,0,1594871023.4803321
CYL_PRES_STAT,0,1594871023.566133
CYL_PRES_STAT,0,1594871023.7093449
CYL_PRES_STAT,0,1594871023.750323
CYL_PRES_STAT,0,1594871023.7712374
CYL_PRES_STAT,0,1594871023.864928
CYL_PRES_STAT,0,1594871023.8732524
CYL_PRES_STAT,0,1594871023.8855321
CYL_PRES_STAT,0,1594871023.8937972
CYL_PRES_STAT,0,1594871023.9558148
CYL_PRES_STAT,0,1594871023.9761212
CYL_PRES_STAT,0,1594871024.020654
CYL_PRES_STAT,0,1594871024.0535882
CYL_PRES_STAT,0,1594871024.0615802
CYL_PRES_STAT,0,1594871024.082051
CYL_PRES_STAT,0,1594871024.1230874
CYL_PRES_STAT,0,1594871024.184586
CYL_PRES_STAT,0,1594871024.2050538
CYL_PRES_STAT,0,1594871024.266567
CYL_PRES_STAT,0,1594871024.2750876
CYL_PRES_STAT,0,1594871024.328248
CYL_PRES_STAT,0,1594871024.3483698
CYL_PRES_STAT,0,1594871024.3811471
CYL_PRES_STAT,0,1594871024.389717
CYL_PRES_STAT,0,1594871024.410275
CYL_PRES_STAT,0,1594871024.512595
CYL_PRES_STAT,0,1594871024.536721
CYL_PRES_STAT,0,1594871024.5572102
CYL_PRES_STAT,0,1594871024.659624
CYL_PRES_STAT,0,1594871024.680054
CYL_PRES_STAT,0,1594871024.7006161
CYL_PRES_STAT,0,1594871024.712759
CYL_PRES_STAT,0,1594871024.7213109
CYL_PRES_STAT,0,1594871024.835708
CYL_PRES_STAT,0,1594871024.844276
CYL_PRES_STAT,0,1594871024.958692
CYL_PRES_STAT,0,1594871024.970863
CYL_PRES_STAT,0,1594871024.9882429
CYL_PRES_STAT,0,1594871025.032475
CYL_PRES_STAT,0,1594871025.041196
CYL_PRES_STAT,0,1594871025.0528948
CYL_PRES_STAT,0,1594871025.0732312
CYL_PRES_STAT,0,1594871025.257731
CYL_PRES_STAT,0,1594871025.278549
CYL_PRES_STAT,0,1594871025.2905018
CYL_PRES_STAT,0,1594871025.30286
CYL_PRES_STAT,0,1594871025.31087
CYL_PRES_STAT,0,1594871025.319344
CYL_PRES_STAT,0,1594871025.3400779
CYL_PRES_STAT,0,1594871025.360375
CYL_PRES_STAT,0,1594871025.380828
CYL_PRES_STAT,0,1594871025.4422839
CYL_PRES_STAT,0,1594871025.462799
CYL_PRES_STAT,0,1594871025.487011
CYL_PRES_STAT,0,1594871025.589739
CYL_PRES_STAT,0,1594871025.6103866
CYL_PRES_STAT,0,1594871025.671387
CYL_PRES_STAT,0,1594871025.691801
CYL_PRES_STAT,0,1594871025.712242
CYL_PRES_STAT,0,1594871025.753628
CYL_PRES_STAT,0,1594871025.8563268
CYL_PRES_STAT,0,1594871025.921201
CYL_PRES_STAT,0,1594871025.9378982
CYL_PRES_STAT,0,1594871025.9499311
CYL_PRES_STAT,0,1594871025.962021
CYL_PRES_STAT,0,1594871025.982651
CYL_PRES_STAT,0,1594871026.0029922
CYL_PRES_STAT,0,1594871026.0727232
CYL_PRES_STAT,0,1594871026.084984
CYL_PRES_STAT,0,1594871026.1586401
CYL_PRES_STAT,0,1594871026.208441
CYL_PRES_STAT,0,1594871026.23243
CYL_PRES_STAT,0,1594871026.240576
CYL_PRES_STAT,0,1594871026.2496364
CYL_PRES_STAT,0,1594871026.27006
CYL_PRES_STAT,0,1594871026.310567
CYL_PRES_STAT,0,1594871026.4372098
CYL_PRES_STAT,0,1594871026.5193038
CYL_PRES_STAT,0,1594871026.560107
CYL_PRES_STAT,0,1594871026.5805109
CYL_PRES_STAT,0,1594871026.601396
CYL_PRES_STAT,0,1594871026.630147
CYL_PRES_STAT,0,1594871026.642058
CYL_PRES_STAT,0,1594871026.651144
CYL_PRES_STAT,0,1594871026.7034712
CYL_PRES_STAT,0,1594871026.8590848
CYL_PRES_STAT,0,1594871026.871402
CYL_PRES_STAT,0,1594871026.8917599
CYL_PRES_STAT,0,1594871026.953205
CYL_PRES_STAT,0,1594871027.0269241
CYL_PRES_STAT,0,1594871027.158538
CYL_PRES_STAT,0,1594871027.1702142
CYL_PRES_STAT,0,1594871027.334358
CYL_PRES_STAT,0,1594871027.3428938
CYL_PRES_STAT,0,1594871027.3549619
CYL_PRES_STAT,0,1594871027.36696
CYL_PRES_STAT,0,1594871027.4899712
CYL_PRES_STAT,0,1594871027.510659
CYL_PRES_STAT,0,1594871027.52254
CYL_PRES_STAT,0,1594871027.551456
CYL_PRES_STAT,0,1594871027.6539671
CYL_PRES_STAT,0,1594871027.706963
CYL_PRES_STAT,0,1594871027.760095
CYL_PRES_STAT,0,1594871027.7686331
CYL_PRES_STAT,0,1594871027.780633
CYL_PRES_STAT,0,1594871027.7887669
CYL_PRES_STAT,0,1594871027.7973561
CYL_PRES_STAT,0,1594871027.8420026
CYL_PRES_STAT,0,1594871027.850624
CYL_PRES_STAT,0,1594871027.862434
CYL_PRES_STAT,0,1594871027.88301
CYL_PRES_STAT,0,1594871028.1000779
CYL_PRES_STAT,0,1594871028.108768
CYL_PRES_STAT,0,1594871028.1329026
CYL_PRES_STAT,0,1594871028.1375194
CYL_PRES_STAT,0,1594871028.1821704
CYL_PRES_STAT,0,1594871028.190699
CYL_PRES_STAT,0,1594871028.252197
CYL_PRES_STAT,0,1594871028.263841
CYL_PRES_STAT,0,1594871028.296593
CYL_PRES_STAT,0,1594871028.399767
CYL_PRES_STAT,0,1594871028.4079
CYL_PRES_STAT,0,1594871028.419522
CYL_PRES_STAT,0,1594871028.428195
CYL_PRES_STAT,0,1594871028.44
CYL_PRES_STAT,0,1594871028.469087
CYL_PRES_STAT,0,1594871028.4809651
CYL_PRES_STAT,0,1594871028.501599
CYL_PRES_STAT,0,1594871028.5751274
CYL_PRES_STAT,0,1594871028.583617
CYL_PRES_STAT,0,1594871028.604244
CYL_PRES_STAT,0,1594871028.751255
CYL_PRES_STAT,0,1594871028.760163
CYL_PRES_STAT,0,1594871028.772001
CYL_PRES_STAT,0,1594871028.8209634
CYL_PRES_STAT,0,1594871028.8621712
CYL_PRES_STAT,0,1594871028.87426
CYL_PRES_STAT,0,1594871028.894753
CYL_PRES_STAT,0,1594871028.915159
CYL_PRES_STAT,0,1594871028.9358249
CYL_PRES_STAT,0,1594871028.9766061
CYL_PRES_STAT,0,1594871029.01799
CYL_PRES_STAT,0,1594871029.037932
CYL_PRES_STAT,0,1594871029.0589669
CYL_PRES_STAT,0,1594871029.079339
CYL_PRES_STAT,0,1594871029.152804
CYL_PRES_STAT,0,1594871029.2141712
CYL_PRES_STAT,0,1594871029.226325
CYL_PRES_STAT,0,1594871029.328835
CYL_PRES_STAT,0,1594871029.341038
CYL_PRES_STAT,0,1594871029.423079
CYL_PRES_STAT,0,1594871029.484385
CYL_PRES_STAT,0,1594871029.51361
CYL_PRES_STAT,0,1594871029.545825
CYL_PRES_STAT,0,1594871029.566284
CYL_PRES_STAT,0,1594871029.62785
CYL_PRES_STAT,0,1594871029.660511
CYL_PRES_STAT,0,1594871029.669047
CYL_PRES_STAT,0,1594871029.68112
CYL_PRES_STAT,0,1594871029.701471
CYL_PRES_STAT,0,1594871029.7219381
CYL_PRES_STAT,0,1594871029.783425
CYL_PRES_STAT,0,1594871029.8366199
CYL_PRES_STAT,0,1594871029.845022
CYL_PRES_STAT,0,1594871029.865443
CYL_PRES_STAT,0,1594871029.9148529
CYL_PRES_STAT,0,1594871029.9392269
CYL_PRES_STAT,0,1594871029.967787
CYL_PRES_STAT,0,1594871030.053907
CYL_PRES_STAT,0,1594871030.143842
CYL_PRES_STAT,0,1594871030.15275
CYL_PRES_STAT,0,1594871030.164371
CYL_PRES_STAT,0,1594871030.27906
CYL_PRES_STAT,0,1594871030.300153
CYL_PRES_STAT,0,1594871030.3082418
CYL_PRES_STAT,0,1594871030.3200731
CYL_PRES_STAT,0,1594871030.340503
CYL_PRES_STAT,0,1594871030.3613482
CYL_PRES_STAT,0,1594871030.455043
CYL_PRES_STAT,0,1594871030.4636981
CYL_PRES_STAT,0,1594871030.4842088
CYL_PRES_STAT,0,1594871030.5370526
CYL_PRES_STAT,0,1594871030.566428
CYL_PRES_STAT,0,1594871030.578146
CYL_PRES_STAT,0,1594871030.672281
CYL_PRES_STAT,0,1594871030.692703
CYL_PRES_STAT,0,1594871030.7131572
CYL_PRES_STAT,0,1594871030.721459
CYL_PRES_STAT,0,1594871030.7951438
CYL_PRES_STAT,0,1594871030.9098828
CYL_PRES_STAT,0,1594871030.918359
CYL_PRES_STAT,0,1594871030.963037
CYL_PRES_STAT,0,1594871030.9712029
CYL_PRES_STAT,0,1594871030.9798558
CYL_PRES_STAT,0,1594871030.991724
CYL_PRES_STAT,0,1594871031.000345
CYL_PRES_STAT,0,1594871031.020828
CYL_PRES_STAT,0,1594871031.073726
CYL_PRES_STAT,0,1594871031.082294
CYL_PRES_STAT,0,1594871031.0941372
CYL_PRES_STAT,0,1594871031.1064382
CYL_PRES_STAT,0,1594871031.1968694
CYL_PRES_STAT,0,1594871031.2088056
CYL_PRES_STAT,0,1594871031.2504268
CYL_PRES_STAT,0,1594871031.311265
CYL_PRES_STAT,0,1594871031.3197062
CYL_PRES_STAT,0,1594871031.3318632
CYL_PRES_STAT,0,1594871031.393653
CYL_PRES_STAT,0,1594871031.4874
CYL_PRES_STAT,0,1594871031.516681
CYL_PRES_STAT,0,1594871031.536743
CYL_PRES_STAT,0,1594871031.5572221
CYL_PRES_STAT,0,1594871031.569275
CYL_PRES_STAT,0,1594871031.581462
CYL_PRES_STAT,0,1594871031.60208
CYL_PRES_STAT,0,1594871031.6307359
CYL_PRES_STAT,0,1594871031.642838
CYL_PRES_STAT,0,1594871031.7043169
CYL_PRES_STAT,0,1594871031.7371671
CYL_PRES_STAT,0,1594871031.901078
CYL_PRES_STAT,0,1594871032.064848
CYL_PRES_STAT,0,1594871032.1590939
CYL_PRES_STAT,0,1594871032.200317
CYL_PRES_STAT,0,1594871032.220748
CYL_PRES_STAT,0,1594871032.2327402
CYL_PRES_STAT,0,1594871032.24139
CYL_PRES_STAT,0,1594871032.26191
CYL_PRES_STAT,0,1594871032.2822864
CYL_PRES_STAT,0,1594871032.2905679
CYL_PRES_STAT,0,1594871032.351882
CYL_PRES_STAT,0,1594871032.478472
CYL_PRES_STAT,0,1594871032.4907448
CYL_PRES_STAT,0,1594871032.5112581
CYL_PRES_STAT,0,1594871032.531898
CYL_PRES_STAT,0,1594871032.5400789
CYL_PRES_STAT,0,1594871032.642783
CYL_PRES_STAT,0,1594871032.6547348
CYL_PRES_STAT,0,1594871032.675122
CYL_PRES_STAT,0,1594871032.777971
CYL_PRES_STAT,0,1594871032.79808
CYL_PRES_STAT,0,1594871032.839527
CYL_PRES_STAT,0,1594871032.859971
CYL_PRES_STAT,0,1594871032.880401
CYL_PRES_STAT,0,1594871032.9332619
CYL_PRES_STAT,0,1594871033.003325
CYL_PRES_STAT,0,1594871033.06827
CYL_PRES_STAT,0,1594871033.109705
CYL_PRES_STAT,0,1594871033.129975
CYL_PRES_STAT,0,1594871033.14199
CYL_PRES_STAT,0,1594871033.1501818
CYL_PRES_STAT,0,1594871033.170793
CYL_PRES_STAT,0,1594871033.232496
CYL_PRES_STAT,0,1594871033.264752
CYL_PRES_STAT,0,1594871033.396231
CYL_PRES_STAT,0,1594871033.4204972
CYL_PRES_STAT,0,1594871033.4820561
CYL_PRES_STAT,0,1594871033.502432
CYL_PRES_STAT,0,1594871033.5637894
CYL_PRES_STAT,0,1594871033.5843148
CYL_PRES_STAT,0,1594871033.605082
CYL_PRES_STAT,0,1594871033.69898
CYL_PRES_STAT,0,1594871033.7486851
CYL_PRES_STAT,0,1594871033.7692668
CYL_PRES_STAT,0,1594871033.7895448
CYL_PRES_STAT,0,1594871033.8015618
CYL_PRES_STAT,0,1594871033.813566
CYL_PRES_STAT,0,1594871033.842336
CYL_PRES_STAT,0,1594871033.8510878
CYL_PRES_STAT,0,1594871033.912373
CYL_PRES_STAT,0,1594871033.936573
CYL_PRES_STAT,0,1594871033.9569466
CYL_PRES_STAT,0,1594871033.9653602
CYL_PRES_STAT,0,1594871033.986401
CYL_PRES_STAT,0,1594871034.0512571
CYL_PRES_STAT,0,1594871034.06807
CYL_PRES_STAT,0,1594871034.079962
CYL_PRES_STAT,0,1594871034.2150972
CYL_PRES_STAT,0,1594871034.2852051
CYL_PRES_STAT,0,1594871034.3792539
CYL_PRES_STAT,0,1594871034.391215
CYL_PRES_STAT,0,1594871034.411766
CYL_PRES_STAT,0,1594871034.452642
CYL_PRES_STAT,0,1594871034.4609568
CYL_PRES_STAT,0,1594871034.473206
CYL_PRES_STAT,0,1594871034.4814332
CYL_PRES_STAT,0,1594871034.5347042
CYL_PRES_STAT,0,1594871034.5431788
CYL_PRES_STAT,0,1594871034.555069
CYL_PRES_STAT,0,1594871034.5755148
CYL_PRES_STAT,0,1594871034.5960162
CYL_PRES_STAT,0,1594871034.6579711
CYL_PRES_STAT,0,1594871034.6988218
CYL_PRES_STAT,0,1594871034.710655
CYL_PRES_STAT,0,1594871034.7192352
CYL_PRES_STAT,0,1594871034.7601225
CYL_PRES_STAT,0,1594871034.8458278
CYL_PRES_STAT,0,1594871034.886681
CYL_PRES_STAT,0,1594871034.968742
CYL_PRES_STAT,0,1594871035.009723
CYL_PRES_STAT,0,1594871035.030646
CYL_PRES_STAT,0,1594871035.04245
CYL_PRES_STAT,0,1594871035.050719
CYL_PRES_STAT,0,1594871035.071094
CYL_PRES_STAT,0,1594871035.124274
CYL_PRES_STAT,0,1594871035.1532788
CYL_PRES_STAT,0,1594871035.2353811
CYL_PRES_STAT,0,1594871035.300552
CYL_PRES_STAT,0,1594871035.320993
CYL_PRES_STAT,0,1594871035.3414762
CYL_PRES_STAT,0,1594871035.3497422
CYL_PRES_STAT,0,1594871035.361838
CYL_PRES_STAT,0,1594871035.48488
CYL_PRES_STAT,0,1594871035.54619
CYL_PRES_STAT,0,1594871035.566947
CYL_PRES_STAT,0,1594871035.6081438
CYL_PRES_STAT,0,1594871035.620103
CYL_PRES_STAT,0,1594871035.669471
CYL_PRES_STAT,0,1594871035.6903412
CYL_PRES_STAT,0,1594871035.7020938
CYL_PRES_STAT,0,1594871035.710475
CYL_PRES_STAT,0,1594871035.8042428
CYL_PRES_STAT,0,1594871035.8128462
CYL_PRES_STAT,0,1594871035.8247626
CYL_PRES_STAT,0,1594871035.837006
CYL_PRES_STAT,0,1594871035.845266
CYL_PRES_STAT,0,1594871035.866398
CYL_PRES_STAT,0,1594871035.878011
CYL_PRES_STAT,0,1594871035.918954
CYL_PRES_STAT,0,1594871035.9396954
CYL_PRES_STAT,0,1594871035.951962
CYL_PRES_STAT,0,1594871035.959896
CYL_PRES_STAT,0,1594871035.9805212
CYL_PRES_STAT,0,1594871036.001318
CYL_PRES_STAT,0,1594871036.050679
CYL_PRES_STAT,0,1594871036.1156619
CYL_PRES_STAT,0,1594871036.1242938
CYL_PRES_STAT,0,1594871036.2301
CYL_PRES_STAT,0,1594871036.2506714
CYL_PRES_STAT,0,1594871036.2711911
CYL_PRES_STAT,0,1594871036.312053
CYL_PRES_STAT,0,1594871036.332705
CYL_PRES_STAT,0,1594871036.3940294
CYL_PRES_STAT,0,1594871036.455516
CYL_PRES_STAT,0,1594871036.4880798
CYL_PRES_STAT,0,1594871036.5584419
CYL_PRES_STAT,0,1594871036.5905929
CYL_PRES_STAT,0,1594871036.599172
CYL_PRES_STAT,0,1594871036.611223
CYL_PRES_STAT,0,1594871036.7259061
CYL_PRES_STAT,0,1594871036.7545831
CYL_PRES_STAT,0,1594871036.7668571
CYL_PRES_STAT,0,1594871036.848814
CYL_PRES_STAT,0,1594871036.8609538
CYL_PRES_STAT,0,1594871036.869515
CYL_PRES_STAT,0,1594871036.877779
CYL_PRES_STAT,0,1594871036.8897548
CYL_PRES_STAT,0,1594871037.045231
CYL_PRES_STAT,0,1594871037.07433
CYL_PRES_STAT,0,1594871037.094924
CYL_PRES_STAT,0,1594871037.15991
CYL_PRES_STAT,0,1594871037.2009714
CYL_PRES_STAT,0,1594871037.2828891
CYL_PRES_STAT,0,1594871037.3238668
CYL_PRES_STAT,0,1594871037.3326778
CYL_PRES_STAT,0,1594871037.3443038
CYL_PRES_STAT,0,1594871037.352874
CYL_PRES_STAT,0,1594871037.364744
CYL_PRES_STAT,0,1594871037.3938382
CYL_PRES_STAT,0,1594871037.4057279
CYL_PRES_STAT,0,1594871037.5086026
CYL_PRES_STAT,0,1594871037.532759
CYL_PRES_STAT,0,1594871037.540925
CYL_PRES_STAT,0,1594871037.6109388
CYL_PRES_STAT,0,1594871037.6432881
CYL_PRES_STAT,0,1594871037.675953
CYL_PRES_STAT,0,1594871037.704736
CYL_PRES_STAT,0,1594871037.737489
CYL_PRES_STAT,0,1594871037.7990332
CYL_PRES_STAT,0,1594871037.8193548
CYL_PRES_STAT,0,1594871037.848808
CYL_PRES_STAT,0,1594871037.860363
CYL_PRES_STAT,0,1594871037.881472
CYL_PRES_STAT,0,1594871037.921963
CYL_PRES_STAT,0,1594871037.9749608
CYL_PRES_STAT,0,1594871037.9839141
CYL_PRES_STAT,0,1594871038.0040472
CYL_PRES_STAT,0,1594871038.056969
CYL_PRES_STAT,0,1594871038.0774848
CYL_PRES_STAT,0,1594871038.130671
CYL_PRES_STAT,0,1594871038.151173
CYL_PRES_STAT,0,1594871038.1593711
CYL_PRES_STAT,0,1594871038.1715028
CYL_PRES_STAT,0,1594871038.180175
CYL_PRES_STAT,0,1594871038.1920938
CYL_PRES_STAT,0,1594871038.2622519
CYL_PRES_STAT,0,1594871038.294507
CYL_PRES_STAT,0,1594871038.30318
CYL_PRES_STAT,0,1594871038.31499
CYL_PRES_STAT,0,1594871038.388661
CYL_PRES_STAT,0,1594871038.479178
CYL_PRES_STAT,0,1594871038.500055
CYL_PRES_STAT,0,1594871038.51158
CYL_PRES_STAT,0,1594871038.520184
CYL_PRES_STAT,0,1594871038.634511
CYL_PRES_STAT,0,1594871038.749114
CYL_PRES_STAT,0,1594871038.7577279
CYL_PRES_STAT,0,1594871038.7696
CYL_PRES_STAT,0,1594871038.790252
CYL_PRES_STAT,0,1594871038.94565
CYL_PRES_STAT,0,1594871038.9542432
CYL_PRES_STAT,0,1594871039.0603411
CYL_PRES_STAT,0,1594871039.080983
CYL_PRES_STAT,0,1594871039.089073
CYL_PRES_STAT,0,1594871039.121825
CYL_PRES_STAT,0,1594871039.142313
CYL_PRES_STAT,0,1594871039.192045
CYL_PRES_STAT,0,1594871039.244804
CYL_PRES_STAT,0,1594871039.257014
CYL_PRES_STAT,0,1594871039.347203
CYL_PRES_STAT,0,1594871039.371732
CYL_PRES_STAT,0,1594871039.3881102
CYL_PRES_STAT,0,1594871039.412601
CYL_PRES_STAT,0,1594871039.421101
CYL_PRES_STAT,0,1594871039.4331222
CYL_PRES_STAT,0,1594871039.4413419
CYL_PRES_STAT,0,1594871039.4499464
CYL_PRES_STAT,0,1594871039.470467
CYL_PRES_STAT,0,1594871039.543732
CYL_PRES_STAT,0,1594871039.658916
CYL_PRES_STAT,0,1594871039.6709726
CYL_PRES_STAT,0,1594871039.67926
CYL_PRES_STAT,0,1594871039.6876268
CYL_PRES_STAT,0,1594871039.6993768
CYL_PRES_STAT,0,1594871039.843175
CYL_PRES_STAT,0,1594871039.9698062
CYL_PRES_STAT,0,1594871040.0106769
CYL_PRES_STAT,0,1594871040.031153
CYL_PRES_STAT,0,1594871040.051967
CYL_PRES_STAT,0,1594871040.0601091
CYL_PRES_STAT,0,1594871040.072027
CYL_PRES_STAT,0,1594871040.0807471
CYL_PRES_STAT,0,1594871040.092643
CYL_PRES_STAT,0,1594871040.186712
CYL_PRES_STAT,0,1594871040.2071948
CYL_PRES_STAT,0,1594871040.227732
CYL_PRES_STAT,0,1594871040.277363
CYL_PRES_STAT,0,1594871040.309681
CYL_PRES_STAT,0,1594871040.318708
CYL_PRES_STAT,0,1594871040.330192
CYL_PRES_STAT,0,1594871040.3391008
CYL_PRES_STAT,0,1594871040.383519
CYL_PRES_STAT,0,1594871040.4207141
CYL_PRES_STAT,0,1594871040.4536488
CYL_PRES_STAT,0,1594871040.4652991
CYL_PRES_STAT,0,1594871040.5683188
CYL_PRES_STAT,0,1594871040.579941
CYL_PRES_STAT,0,1594871040.5884538
CYL_PRES_STAT,0,1594871040.609112
CYL_PRES_STAT,0,1594871040.629424
CYL_PRES_STAT,0,1594871040.6499069
CYL_PRES_STAT,0,1594871040.661866
CYL_PRES_STAT,0,1594871040.670491
CYL_PRES_STAT,0,1594871040.784877
CYL_PRES_STAT,0,1594871040.793507
CYL_PRES_STAT,0,1594871040.817636
CYL_PRES_STAT,0,1594871040.858498
CYL_PRES_STAT,0,1594871040.911725
CYL_PRES_STAT,0,1594871040.920191
CYL_PRES_STAT,0,1594871040.96125
CYL_PRES_STAT,0,1594871040.993536
CYL_PRES_STAT,0,1594871041.014084
CYL_PRES_STAT,0,1594871041.0346189
CYL_PRES_STAT,0,1594871041.15815
CYL_PRES_STAT,0,1594871041.1699898
CYL_PRES_STAT,0,1594871041.1902258
CYL_PRES_STAT,0,1594871041.2111
CYL_PRES_STAT,0,1594871041.2190151
CYL_PRES_STAT,0,1594871041.231172
CYL_PRES_STAT,0,1594871041.2396948
CYL_PRES_STAT,0,1594871041.27231
CYL_PRES_STAT,0,1594871041.292541
CYL_PRES_STAT,0,1594871041.3626142
CYL_PRES_STAT,0,1594871041.460525
CYL_PRES_STAT,0,1594871041.477486
CYL_PRES_STAT,0,1594871041.4891849
CYL_PRES_STAT,0,1594871041.522222
CYL_PRES_STAT,0,1594871041.5424562
CYL_PRES_STAT,0,1594871041.562876
CYL_PRES_STAT,0,1594871041.5717962
CYL_PRES_STAT,0,1594871041.644804
CYL_PRES_STAT,0,1594871041.653501
CYL_PRES_STAT,0,1594871041.665522
CYL_PRES_STAT,0,1594871041.7677598
CYL_PRES_STAT,0,1594871041.788382
CYL_PRES_STAT,0,1594871041.8090901
CYL_PRES_STAT,0,1594871041.8536391
CYL_PRES_STAT,0,1594871041.8620071
CYL_PRES_STAT,0,1594871041.870858
CYL_PRES_STAT,0,1594871041.890955
CYL_PRES_STAT,0,1594871041.9029288
CYL_PRES_STAT,0,1594871041.911509
CYL_PRES_STAT,0,1594871041.964393
CYL_PRES_STAT,0,1594871041.9765491
CYL_PRES_STAT,0,1594871041.997072
CYL_PRES_STAT,0,1594871042.0588698
CYL_PRES_STAT,0,1594871042.070709
CYL_PRES_STAT,0,1594871042.07939
CYL_PRES_STAT,0,1594871042.0874991
CYL_PRES_STAT,0,1594871042.0994349
CYL_PRES_STAT,0,1594871042.120226
CYL_PRES_STAT,0,1594871042.152759
CYL_PRES_STAT,0,1594871042.161018
CYL_PRES_STAT,0,1594871042.181796
CYL_PRES_STAT,0,1594871042.2019188
CYL_PRES_STAT,0,1594871042.369927
CYL_PRES_STAT,0,1594871042.378075
CYL_PRES_STAT,0,1594871042.3992052
CYL_PRES_STAT,0,1594871042.4108949
CYL_PRES_STAT,0,1594871042.4520788
CYL_PRES_STAT,0,1594871042.472321
CYL_PRES_STAT,0,1594871042.4809768
CYL_PRES_STAT,0,1594871042.492739
CYL_PRES_STAT,0,1594871042.554392
CYL_PRES_STAT,0,1594871042.5625858
CYL_PRES_STAT,0,1594871042.583431
CYL_PRES_STAT,0,1594871042.595089
CYL_PRES_STAT,0,1594871042.677485
CYL_PRES_STAT,0,1594871042.7016351
CYL_PRES_STAT,0,1594871042.7221038
CYL_PRES_STAT,0,1594871042.783604
CYL_PRES_STAT,0,1594871042.886035
CYL_PRES_STAT,0,1594871042.8946922
CYL_PRES_STAT,0,1594871042.9682212
CYL_PRES_STAT,0,1594871042.980046
CYL_PRES_STAT,0,1594871042.988811
CYL_PRES_STAT,0,1594871043.0500698
CYL_PRES_STAT,0,1594871043.0619476
CYL_PRES_STAT,0,1594871043.0707252
CYL_PRES_STAT,0,1594871043.164402
CYL_PRES_STAT,0,1594871043.1765869
CYL_PRES_STAT,0,1594871043.279145
CYL_PRES_STAT,0,1594871043.300102
CYL_PRES_STAT,0,1594871043.320105
CYL_PRES_STAT,0,1594871043.340941
CYL_PRES_STAT,0,1594871043.361168
CYL_PRES_STAT,0,1594871043.4639294
CYL_PRES_STAT,0,1594871043.537122
CYL_PRES_STAT,0,1594871043.54561
CYL_PRES_STAT,0,1594871043.5575721
CYL_PRES_STAT,0,1594871043.566494
CYL_PRES_STAT,0,1594871043.590328
CYL_PRES_STAT,0,1594871043.610917
CYL_PRES_STAT,0,1594871043.692807
CYL_PRES_STAT,0,1594871043.8572462
CYL_PRES_STAT,0,1594871043.8776364
CYL_PRES_STAT,0,1594871043.918407
CYL_PRES_STAT,0,1594871043.942569
CYL_PRES_STAT,0,1594871043.963108
CYL_PRES_STAT,0,1594871043.9800909
CYL_PRES_STAT,0,1594871044.065408
CYL_PRES_STAT,0,1594871044.0742419
CYL_PRES_STAT,0,1594871044.085927
CYL_PRES_STAT,0,1594871044.188295
CYL_PRES_STAT,0,1594871044.2092931
CYL_PRES_STAT,0,1594871044.221169
CYL_PRES_STAT,0,1594871044.2912788
CYL_PRES_STAT,0,1594871044.3029811
CYL_PRES_STAT,0,1594871044.311316
CYL_PRES_STAT,0,1594871044.35625
CYL_PRES_STAT,0,1594871044.4586089
CYL_PRES_STAT,0,1594871044.467268
CYL_PRES_STAT,0,1594871044.4792168
CYL_PRES_STAT,0,1594871044.499614
CYL_PRES_STAT,0,1594871044.508258
CYL_PRES_STAT,0,1594871044.520143
CYL_PRES_STAT,0,1594871044.5405052
CYL_PRES_STAT,0,1594871044.561128
CYL_PRES_STAT,0,1594871044.581739
CYL_PRES_STAT,0,1594871044.602174
CYL_PRES_STAT,0,1594871044.692524
CYL_PRES_STAT,0,1594871044.790386
CYL_PRES_STAT,0,1594871044.79917
CYL_PRES_STAT,0,1594871044.8601902
CYL_PRES_STAT,0,1594871044.872407
CYL_PRES_STAT,0,1594871044.91325
CYL_PRES_STAT,0,1594871044.9543052
CYL_PRES_STAT,0,1594871045.027906
CYL_PRES_STAT,0,1594871045.0777311
CYL_PRES_STAT,0,1594871045.101752
CYL_PRES_STAT,0,1594871045.1222892
CYL_PRES_STAT,0,1594871045.1835802
CYL_PRES_STAT,0,1594871045.2533631
CYL_PRES_STAT,0,1594871045.265528
CYL_PRES_STAT,0,1594871045.335525
CYL_PRES_STAT,0,1594871045.368459
CYL_PRES_STAT,0,1594871045.380124
CYL_PRES_STAT,0,1594871045.3883722
CYL_PRES_STAT,0,1594871045.4505801
CYL_PRES_STAT,0,1594871045.4621198
CYL_PRES_STAT,0,1594871045.470814
CYL_PRES_STAT,0,1594871045.5733519
CYL_PRES_STAT,0,1594871045.593524
CYL_PRES_STAT,0,1594871045.6055412
CYL_PRES_STAT,0,1594871045.679176
CYL_PRES_STAT,0,1594871045.6998124
CYL_PRES_STAT,0,1594871045.741068
CYL_PRES_STAT,0,1594871045.8106961
CYL_PRES_STAT,0,1594871045.822558
CYL_PRES_STAT,0,1594871045.884484
CYL_PRES_STAT,0,1594871045.9663308
CYL_PRES_STAT,0,1594871046.031432
CYL_PRES_STAT,0,1594871046.051944
CYL_PRES_STAT,0,1594871046.1014938
CYL_PRES_STAT,0,1594871046.133894
CYL_PRES_STAT,0,1594871046.1748931
CYL_PRES_STAT,0,1594871046.248553
CYL_PRES_STAT,0,1594871046.257389
CYL_PRES_STAT,0,1594871046.26916
CYL_PRES_STAT,0,1594871046.301877
CYL_PRES_STAT,0,1594871046.322249
CYL_PRES_STAT,0,1594871046.3427632
CYL_PRES_STAT,0,1594871046.363134
CYL_PRES_STAT,0,1594871046.3720632
CYL_PRES_STAT,0,1594871046.383633
CYL_PRES_STAT,0,1594871046.404333
CYL_PRES_STAT,0,1594871046.462002
CYL_PRES_STAT,0,1594871046.515415
CYL_PRES_STAT,0,1594871046.556437
CYL_PRES_STAT,0,1594871046.5889552
CYL_PRES_STAT,0,1594871046.6094458
CYL_PRES_STAT,0,1594871046.6213386
CYL_PRES_STAT,0,1594871046.633494
CYL_PRES_STAT,0,1594871046.641654
CYL_PRES_STAT,0,1594871046.691284
CYL_PRES_STAT,0,1594871046.703029
CYL_PRES_STAT,0,1594871046.711649
CYL_PRES_STAT,0,1594871046.7563572
CYL_PRES_STAT,0,1594871046.871089
CYL_PRES_STAT,0,1594871046.9530182
CYL_PRES_STAT,0,1594871046.961772
CYL_PRES_STAT,0,1594871047.002374
CYL_PRES_STAT,0,1594871047.1253312
CYL_PRES_STAT,0,1594871047.1992881
CYL_PRES_STAT,0,1594871047.211148
CYL_PRES_STAT,0,1594871047.231894
CYL_PRES_STAT,0,1594871047.239808
CYL_PRES_STAT,0,1594871047.252167
CYL_PRES_STAT,0,1594871047.27256
CYL_PRES_STAT,0,1594871047.3133712
CYL_PRES_STAT,0,1594871047.374858
CYL_PRES_STAT,0,1594871047.4247699
CYL_PRES_STAT,0,1594871047.456964
CYL_PRES_STAT,0,1594871047.477367
CYL_PRES_STAT,0,1594871047.498029
CYL_PRES_STAT,0,1594871047.518624
CYL_PRES_STAT,0,1594871047.563154
CYL_PRES_STAT,0,1594871047.580297
CYL_PRES_STAT,0,1594871047.604225
CYL_PRES_STAT,0,1594871047.7356944
CYL_PRES_STAT,0,1594871047.756734
CYL_PRES_STAT,0,1594871047.76821
CYL_PRES_STAT,0,1594871047.80958
CYL_PRES_STAT,0,1594871047.8300412
CYL_PRES_STAT,0,1594871047.850375
CYL_PRES_STAT,0,1594871047.871064
CYL_PRES_STAT,0,1594871047.9033642
CYL_PRES_STAT,0,1594871047.9527838
CYL_PRES_STAT,0,1594871047.973401
CYL_PRES_STAT,0,1594871047.9852202
CYL_PRES_STAT,0,1594871048.005526
CYL_PRES_STAT,0,1594871048.0179482
CYL_PRES_STAT,0,1594871048.07982
CYL_PRES_STAT,0,1594871048.087651
CYL_PRES_STAT,0,1594871048.1000268
CYL_PRES_STAT,0,1594871048.108433
CYL_PRES_STAT,0,1594871048.120384
CYL_PRES_STAT,0,1594871048.1411211
CYL_PRES_STAT,0,1594871048.1941679
CYL_PRES_STAT,0,1594871048.264102
CYL_PRES_STAT,0,1594871048.2758858
CYL_PRES_STAT,0,1594871048.3578289
CYL_PRES_STAT,0,1594871048.366938
CYL_PRES_STAT,0,1594871048.390623
CYL_PRES_STAT,0,1594871048.40753
CYL_PRES_STAT,0,1594871048.440309
CYL_PRES_STAT,0,1594871048.452259
CYL_PRES_STAT,0,1594871048.472578
CYL_PRES_STAT,0,1594871048.583499
CYL_PRES_STAT,0,1594871048.5954602
CYL_PRES_STAT,0,1594871048.624722
CYL_PRES_STAT,0,1594871048.657022
CYL_PRES_STAT,0,1594871048.698173
CYL_PRES_STAT,0,1594871048.7224262
CYL_PRES_STAT,0,1594871048.742766
CYL_PRES_STAT,0,1594871048.915618
CYL_PRES_STAT,0,1594871048.956331
CYL_PRES_STAT,0,1594871048.968078
CYL_PRES_STAT,0,1594871048.989302
CYL_PRES_STAT,0,1594871049.0096462
CYL_PRES_STAT,0,1594871049.0216382
CYL_PRES_STAT,0,1594871049.0296788
CYL_PRES_STAT,0,1594871049.062309
CYL_PRES_STAT,0,1594871049.070914
CYL_PRES_STAT,0,1594871049.091659
CYL_PRES_STAT,0,1594871049.259109
CYL_PRES_STAT,0,1594871049.271282
CYL_PRES_STAT,0,1594871049.2793481
CYL_PRES_STAT,0,1594871049.320338
CYL_PRES_STAT,0,1594871049.341492
CYL_PRES_STAT,0,1594871049.3533726
CYL_PRES_STAT,0,1594871049.361896
CYL_PRES_STAT,0,1594871049.402327
CYL_PRES_STAT,0,1594871049.4726741
CYL_PRES_STAT,0,1594871049.5906088
CYL_PRES_STAT,0,1594871049.599422
CYL_PRES_STAT,0,1594871049.611232
CYL_PRES_STAT,0,1594871049.628099
CYL_PRES_STAT,0,1594871049.652287
CYL_PRES_STAT,0,1594871049.6929688
CYL_PRES_STAT,0,1594871049.7423599
CYL_PRES_STAT,0,1594871049.845108
CYL_PRES_STAT,0,1594871049.85745
CYL_PRES_STAT,0,1594871049.881618
CYL_PRES_STAT,0,1594871049.898278
CYL_PRES_STAT,0,1594871049.9189632
CYL_PRES_STAT,0,1594871049.9632561
CYL_PRES_STAT,0,1594871049.980122
CYL_PRES_STAT,0,1594871050.0043972
CYL_PRES_STAT,0,1594871050.168254
CYL_PRES_STAT,0,1594871050.209482
CYL_PRES_STAT,0,1594871050.230069
CYL_PRES_STAT,0,1594871050.2543092
CYL_PRES_STAT,0,1594871050.270644
CYL_PRES_STAT,0,1594871050.4794922
CYL_PRES_STAT,0,1594871050.500318
CYL_PRES_STAT,0,1594871050.512176
CYL_PRES_STAT,0,1594871050.5206091
CYL_PRES_STAT,0,1594871050.664247
CYL_PRES_STAT,0,1594871050.75844
CYL_PRES_STAT,0,1594871050.766837
CYL_PRES_STAT,0,1594871050.7874296
CYL_PRES_STAT,0,1594871050.7991269
CYL_PRES_STAT,0,1594871050.97507
CYL_PRES_STAT,0,1594871051.0571449
CYL_PRES_STAT,0,1594871051.0899081
CYL_PRES_STAT,0,1594871051.1020648
CYL_PRES_STAT,0,1594871051.118664
CYL_PRES_STAT,0,1594871051.139415
CYL_PRES_STAT,0,1594871051.1725068
CYL_PRES_STAT,0,1594871051.212588
CYL_PRES_STAT,0,1594871051.241764
CYL_PRES_STAT,0,1594871051.2536561
CYL_PRES_STAT,0,1594871051.2741132
CYL_PRES_STAT,0,1594871051.2864368
CYL_PRES_STAT,0,1594871051.306895
CYL_PRES_STAT,0,1594871051.3686998
CYL_PRES_STAT,0,1594871051.388709
CYL_PRES_STAT,0,1594871051.4093359
CYL_PRES_STAT,0,1594871051.4178169
CYL_PRES_STAT,0,1594871051.49164
CYL_PRES_STAT,0,1594871051.5648892
CYL_PRES_STAT,0,1594871051.659111
CYL_PRES_STAT,0,1594871051.6677554
CYL_PRES_STAT,0,1594871051.679605
CYL_PRES_STAT,0,1594871051.720534
CYL_PRES_STAT,0,1594871051.740984
CYL_PRES_STAT,0,1594871051.749585
CYL_PRES_STAT,0,1594871051.863968
CYL_PRES_STAT,0,1594871051.896524
CYL_PRES_STAT,0,1594871051.905234
CYL_PRES_STAT,0,1594871051.9171062
CYL_PRES_STAT,0,1594871051.9257972
CYL_PRES_STAT,0,1594871051.970468
CYL_PRES_STAT,0,1594871051.97849
CYL_PRES_STAT,0,1594871051.987296
CYL_PRES_STAT,0,1594871051.9993489
CYL_PRES_STAT,0,1594871052.011301
CYL_PRES_STAT,0,1594871052.0319512
CYL_PRES_STAT,0,1594871052.093198
CYL_PRES_STAT,0,1594871052.154626
CYL_PRES_STAT,0,1594871052.1751614
CYL_PRES_STAT,0,1594871052.1957572
CYL_PRES_STAT,0,1594871052.204341
CYL_PRES_STAT,0,1594871052.2575538
CYL_PRES_STAT,0,1594871052.277965
CYL_PRES_STAT,0,1594871052.298404
CYL_PRES_STAT,0,1594871052.310307
CYL_PRES_STAT,0,1594871052.3598046
CYL_PRES_STAT,0,1594871052.380401
CYL_PRES_STAT,0,1594871052.474241
CYL_PRES_STAT,0,1594871052.486697
CYL_PRES_STAT,0,1594871052.609432
CYL_PRES_STAT,0,1594871052.6301591
CYL_PRES_STAT,0,1594871052.6508071
CYL_PRES_STAT,0,1594871052.662574
CYL_PRES_STAT,0,1594871052.671288
CYL_PRES_STAT,0,1594871052.7855842
CYL_PRES_STAT,0,1594871052.9123142
CYL_PRES_STAT,0,1594871052.9820852
CYL_PRES_STAT,0,1594871052.9909089
CYL_PRES_STAT,0,1594871053.0025382
CYL_PRES_STAT,0,1594871053.084508
CYL_PRES_STAT,0,1594871053.158224
CYL_PRES_STAT,0,1594871053.170572
CYL_PRES_STAT,0,1594871053.1908
CYL_PRES_STAT,0,1594871053.199065
CYL_PRES_STAT,0,1594871053.2318668
CYL_PRES_STAT,0,1594871053.2406974
CYL_PRES_STAT,0,1594871053.252563
CYL_PRES_STAT,0,1594871053.281146
CYL_PRES_STAT,0,1594871053.2932136
CYL_PRES_STAT,0,1594871053.313726
CYL_PRES_STAT,0,1594871053.354882
CYL_PRES_STAT,0,1594871053.375168
CYL_PRES_STAT,0,1594871053.38346
CYL_PRES_STAT,0,1594871053.4900131
CYL_PRES_STAT,0,1594871053.5190802
CYL_PRES_STAT,0,1594871053.530779
CYL_PRES_STAT,0,1594871053.539832
CYL_PRES_STAT,0,1594871053.5718458
CYL_PRES_STAT,0,1594871053.600909
CYL_PRES_STAT,0,1594871053.633256
CYL_PRES_STAT,0,1594871053.666095
CYL_PRES_STAT,0,1594871053.6865358
CYL_PRES_STAT,0,1594871053.768517
CYL_PRES_STAT,0,1594871053.789484
CYL_PRES_STAT,0,1594871053.80945
CYL_PRES_STAT,0,1594871053.8215866
CYL_PRES_STAT,0,1594871053.8506932
CYL_PRES_STAT,0,1594871053.871083
CYL_PRES_STAT,0,1594871053.891735
CYL_PRES_STAT,0,1594871053.9854786
CYL_PRES_STAT,0,1594871054.067426
CYL_PRES_STAT,0,1594871054.1001852
CYL_PRES_STAT,0,1594871054.1209009
CYL_PRES_STAT,0,1594871054.1415591
CYL_PRES_STAT,0,1594871054.161644
CYL_PRES_STAT,0,1594871054.1822114
CYL_PRES_STAT,0,1594871054.2025876
CYL_PRES_STAT,0,1594871054.211342
CYL_PRES_STAT,0,1594871054.26413
CYL_PRES_STAT,0,1594871054.2967038
CYL_PRES_STAT,0,1594871054.3706222
CYL_PRES_STAT,0,1594871054.391011
CYL_PRES_STAT,0,1594871054.399519
CYL_PRES_STAT,0,1594871054.411469
CYL_PRES_STAT,0,1594871054.4196868
CYL_PRES_STAT,0,1594871054.428471
CYL_PRES_STAT,0,1594871054.4524858
CYL_PRES_STAT,0,1594871054.493368
CYL_PRES_STAT,0,1594871054.5101929
CYL_PRES_STAT,0,1594871054.5549312
CYL_PRES_STAT,0,1594871054.563293
CYL_PRES_STAT,0,1594871054.57531
CYL_PRES_STAT,0,1594871054.657591
CYL_PRES_STAT,0,1594871054.6782439
CYL_PRES_STAT,0,1594871054.6986508
CYL_PRES_STAT,0,1594871054.731262
CYL_PRES_STAT,0,1594871054.7396321
CYL_PRES_STAT,0,1594871054.7600262
CYL_PRES_STAT,0,1594871054.7804961
CYL_PRES_STAT,0,1594871054.874331
CYL_PRES_STAT,0,1594871054.927559
CYL_PRES_STAT,0,1594871054.980789
CYL_PRES_STAT,0,1594871054.9890828
CYL_PRES_STAT,0,1594871055.009481
CYL_PRES_STAT,0,1594871055.0304482
CYL_PRES_STAT,0,1594871055.051027
CYL_PRES_STAT,0,1594871055.062753
CYL_PRES_STAT,0,1594871055.0712712
CYL_PRES_STAT,0,1594871055.1652126
CYL_PRES_STAT,0,1594871055.173648
CYL_PRES_STAT,0,1594871055.194205
CYL_PRES_STAT,0,1594871055.205983
CYL_PRES_STAT,0,1594871055.259413
CYL_PRES_STAT,0,1594871055.27969
CYL_PRES_STAT,0,1594871055.300586
CYL_PRES_STAT,0,1594871055.3124552
CYL_PRES_STAT,0,1594871055.3617556
CYL_PRES_STAT,0,1594871055.3822458
CYL_PRES_STAT,0,1594871055.390773
CYL_PRES_STAT,0,1594871055.4028318
CYL_PRES_STAT,0,1594871055.411394
CYL_PRES_STAT,0,1594871055.476275
CYL_PRES_STAT,0,1594871055.5501552
CYL_PRES_STAT,0,1594871055.558341
CYL_PRES_STAT,0,1594871055.5705
CYL_PRES_STAT,0,1594871055.587255
CYL_PRES_STAT,0,1594871055.5993981
CYL_PRES_STAT,0,1594871055.611546
CYL_PRES_STAT,0,1594871055.632159
CYL_PRES_STAT,0,1594871055.640523
CYL_PRES_STAT,0,1594871055.652412
CYL_PRES_STAT,0,1594871055.693435
CYL_PRES_STAT,0,1594871055.70165
CYL_PRES_STAT,0,1594871055.713859
CYL_PRES_STAT,0,1594871055.7223961
CYL_PRES_STAT,0,1594871055.878081
CYL_PRES_STAT,0,1594871055.902264
CYL_PRES_STAT,0,1594871055.922957
CYL_PRES_STAT,0,1594871055.930975
CYL_PRES_STAT,0,1594871055.939876
CYL_PRES_STAT,0,1594871056.001122
CYL_PRES_STAT,0,1594871056.012862
CYL_PRES_STAT,0,1594871056.0456364
CYL_PRES_STAT,0,1594871056.148126
CYL_PRES_STAT,0,1594871056.1686368
CYL_PRES_STAT,0,1594871056.189162
CYL_PRES_STAT,0,1594871056.250492
CYL_PRES_STAT,0,1594871056.271056
CYL_PRES_STAT,0,1594871056.2919838
CYL_PRES_STAT,0,1594871056.459303
CYL_PRES_STAT,0,1594871056.500479
CYL_PRES_STAT,0,1594871056.521218
CYL_PRES_STAT,0,1594871056.5416222
CYL_PRES_STAT,0,1594871056.553549
CYL_PRES_STAT,0,1594871056.5705886
CYL_PRES_STAT,0,1594871056.643656
CYL_PRES_STAT,0,1594871056.652286
CYL_PRES_STAT,0,1594871056.7787678
CYL_PRES_STAT,0,1594871056.787608
CYL_PRES_STAT,0,1594871056.799339
CYL_PRES_STAT,0,1594871056.873152
CYL_PRES_STAT,0,1594871056.954926
CYL_PRES_STAT,0,1594871057.025105
CYL_PRES_STAT,0,1594871057.036829
CYL_PRES_STAT,0,1594871057.049129
CYL_PRES_STAT,0,1594871057.05791
CYL_PRES_STAT,0,1594871057.069512
CYL_PRES_STAT,0,1594871057.077874
CYL_PRES_STAT,0,1594871057.119398
CYL_PRES_STAT,0,1594871057.131104
CYL_PRES_STAT,0,1594871057.140076
CYL_PRES_STAT,0,1594871057.15149
CYL_PRES_STAT,0,1594871057.160112
CYL_PRES_STAT,0,1594871057.184273
CYL_PRES_STAT,0,1594871057.274435
CYL_PRES_STAT,0,1594871057.3481839
CYL_PRES_STAT,0,1594871057.3570626
CYL_PRES_STAT,0,1594871057.369159
CYL_PRES_STAT,0,1594871057.380929
CYL_PRES_STAT,0,1594871057.3898609
CYL_PRES_STAT,0,1594871057.4096134
CYL_PRES_STAT,0,1594871057.43009
CYL_PRES_STAT,0,1594871057.450948
CYL_PRES_STAT,0,1594871057.462801
CYL_PRES_STAT,0,1594871057.51244
CYL_PRES_STAT,0,1594871057.5447679
CYL_PRES_STAT,0,1594871057.6390886
CYL_PRES_STAT,0,1594871057.6594062
CYL_PRES_STAT,0,1594871057.6798382
CYL_PRES_STAT,0,1594871057.7004411
CYL_PRES_STAT,0,1594871057.709142
CYL_PRES_STAT,0,1594871057.7210689
CYL_PRES_STAT,0,1594871057.7617881
CYL_PRES_STAT,0,1594871057.950258
CYL_PRES_STAT,0,1594871057.958507
CYL_PRES_STAT,0,1594871057.96704
CYL_PRES_STAT,0,1594871057.9788618
CYL_PRES_STAT,0,1594871058.011677
CYL_PRES_STAT,0,1594871058.032126
CYL_PRES_STAT,0,1594871058.040868
CYL_PRES_STAT,0,1594871058.228632
CYL_PRES_STAT,0,1594871058.261437
CYL_PRES_STAT,0,1594871058.282038
CYL_PRES_STAT,0,1594871058.290176
CYL_PRES_STAT,0,1594871058.298966
CYL_PRES_STAT,0,1594871058.319232
CYL_PRES_STAT,0,1594871058.381032
CYL_PRES_STAT,0,1594871058.4868019
CYL_PRES_STAT,0,1594871058.5399866
CYL_PRES_STAT,0,1594871058.54901
CYL_PRES_STAT,0,1594871058.556989
CYL_PRES_STAT,0,1594871058.568712
CYL_PRES_STAT,0,1594871058.6712806
CYL_PRES_STAT,0,1594871058.765375
CYL_PRES_STAT,0,1594871058.8803198
CYL_PRES_STAT,0,1594871058.900502
CYL_PRES_STAT,0,1594871058.9209864
CYL_PRES_STAT,0,1594871058.941499
CYL_PRES_STAT,0,1594871058.9618828
CYL_PRES_STAT,0,1594871059.064409
CYL_PRES_STAT,0,1594871059.126143
CYL_PRES_STAT,0,1594871059.1465669
CYL_PRES_STAT,0,1594871059.191123
CYL_PRES_STAT,0,1594871059.199556
CYL_PRES_STAT,0,1594871059.211663
CYL_PRES_STAT,0,1594871059.32295
CYL_PRES_STAT,0,1594871059.3345652
CYL_PRES_STAT,0,1594871059.4372768
CYL_PRES_STAT,0,1594871059.449464
CYL_PRES_STAT,0,1594871059.461437
CYL_PRES_STAT,0,1594871059.519419
CYL_PRES_STAT,0,1594871059.543454
CYL_PRES_STAT,0,1594871059.572184
CYL_PRES_STAT,0,1594871059.5810108
CYL_PRES_STAT,0,1594871059.654176
CYL_PRES_STAT,0,1594871059.674607
CYL_PRES_STAT,0,1594871059.768847
CYL_PRES_STAT,0,1594871059.7979429
CYL_PRES_STAT,0,1594871059.830521
CYL_PRES_STAT,0,1594871059.850989
CYL_PRES_STAT,0,1594871059.965424
CYL_PRES_STAT,0,1594871060.0391636
CYL_PRES_STAT,0,1594871060.047435
CYL_PRES_STAT,0,1594871060.0594912
CYL_PRES_STAT,0,1594871060.067892
CYL_PRES_STAT,0,1594871060.0800369
CYL_PRES_STAT,0,1594871060.10054
CYL_PRES_STAT,0,1594871060.1414368
CYL_PRES_STAT,0,1594871060.161979
CYL_PRES_STAT,0,1594871060.2357461
CYL_PRES_STAT,0,1594871060.329834
CYL_PRES_STAT,0,1594871060.346503
CYL_PRES_STAT,0,1594871060.4323251
CYL_PRES_STAT,0,1594871060.440886
CYL_PRES_STAT,0,1594871060.452897
CYL_PRES_STAT,0,1594871060.534868
CYL_PRES_STAT,0,1594871060.5551062
CYL_PRES_STAT,0,1594871060.6166432
CYL_PRES_STAT,0,1594871060.6371572
CYL_PRES_STAT,0,1594871060.658221
CYL_PRES_STAT,0,1594871060.6783311
CYL_PRES_STAT,0,1594871060.7314508
CYL_PRES_STAT,0,1594871060.740138
CYL_PRES_STAT,0,1594871060.8543859
CYL_PRES_STAT,0,1594871060.927922
CYL_PRES_STAT,0,1594871060.936638
CYL_PRES_STAT,0,1594871060.96886
CYL_PRES_STAT,0,1594871061.0097852
CYL_PRES_STAT,0,1594871061.0221028
CYL_PRES_STAT,0,1594871061.030859
CYL_PRES_STAT,0,1594871061.0510466
CYL_PRES_STAT,0,1594871061.0712712
CYL_PRES_STAT,0,1594871061.165427
CYL_PRES_STAT,0,1594871061.239161
CYL_PRES_STAT,0,1594871061.247344
CYL_PRES_STAT,0,1594871061.268157
CYL_PRES_STAT,0,1594871061.280014
CYL_PRES_STAT,0,1594871061.3007374
CYL_PRES_STAT,0,1594871061.3216784
CYL_PRES_STAT,0,1594871061.444065
CYL_PRES_STAT,0,1594871061.5380619
CYL_PRES_STAT,0,1594871061.5467029
CYL_PRES_STAT,0,1594871061.5709321
CYL_PRES_STAT,0,1594871061.591455
CYL_PRES_STAT,0,1594871061.6822221
CYL_PRES_STAT,0,1594871061.8170679
CYL_PRES_STAT,0,1594871061.8374689
CYL_PRES_STAT,0,1594871061.849451
CYL_PRES_STAT,0,1594871061.858058
CYL_PRES_STAT,0,1594871061.8700318
CYL_PRES_STAT,0,1594871061.9026306
CYL_PRES_STAT,0,1594871061.9232152
CYL_PRES_STAT,0,1594871061.931969
CYL_PRES_STAT,0,1594871061.9518988
CYL_PRES_STAT,0,1594871061.9604359
CYL_PRES_STAT,0,1594871062.1074328
CYL_PRES_STAT,0,1594871062.1485178
CYL_PRES_STAT,0,1594871062.1691544
CYL_PRES_STAT,0,1594871062.181233
CYL_PRES_STAT,0,1594871062.189475
CYL_PRES_STAT,0,1594871062.213919
CYL_PRES_STAT,0,1594871062.222199
CYL_PRES_STAT,0,1594871062.2306302
CYL_PRES_STAT,0,1594871062.263024
CYL_PRES_STAT,0,1594871062.3331
CYL_PRES_STAT,0,1594871062.3451471
CYL_PRES_STAT,0,1594871062.353986
CYL_PRES_STAT,0,1594871062.418803
CYL_PRES_STAT,0,1594871062.4273279
CYL_PRES_STAT,0,1594871062.4392881
CYL_PRES_STAT,0,1594871062.4474292
CYL_PRES_STAT,0,1594871062.4596322
CYL_PRES_STAT,0,1594871062.4801419
CYL_PRES_STAT,0,1594871062.521047
CYL_PRES_STAT,0,1594871062.541628
CYL_PRES_STAT,0,1594871062.5620599
CYL_PRES_STAT,0,1594871062.594751
CYL_PRES_STAT,0,1594871062.656388
CYL_PRES_STAT,0,1594871062.664957
CYL_PRES_STAT,0,1594871062.7914288
CYL_PRES_STAT,0,1594871062.81198
CYL_PRES_STAT,0,1594871062.861475
CYL_PRES_STAT,0,1594871062.902563
CYL_PRES_STAT,0,1594871062.9232142
CYL_PRES_STAT,0,1594871062.934759
CYL_PRES_STAT,0,1594871062.943378
CYL_PRES_STAT,0,1594871063.037933
CYL_PRES_STAT,0,1594871063.0616288
CYL_PRES_STAT,0,1594871063.066224
CYL_PRES_STAT,0,1594871063.0825322
CYL_PRES_STAT,0,1594871063.090974
CYL_PRES_STAT,0,1594871063.1029134
CYL_PRES_STAT,0,1594871063.151892
CYL_PRES_STAT,0,1594871063.164055
CYL_PRES_STAT,0,1594871063.2339466
CYL_PRES_STAT,0,1594871063.275249
CYL_PRES_STAT,0,1594871063.3074179
CYL_PRES_STAT,0,1594871063.3281002
CYL_PRES_STAT,0,1594871063.340252
CYL_PRES_STAT,0,1594871063.349278
CYL_PRES_STAT,0,1594871063.368956
CYL_PRES_STAT,0,1594871063.41027
CYL_PRES_STAT,0,1594871063.4222472
CYL_PRES_STAT,0,1594871063.430868
CYL_PRES_STAT,0,1594871063.4511738
CYL_PRES_STAT,0,1594871063.471809
CYL_PRES_STAT,0,1594871063.5656712
CYL_PRES_STAT,0,1594871063.5861971
CYL_PRES_STAT,0,1594871063.6064794
CYL_PRES_STAT,0,1594871063.659792
CYL_PRES_STAT,0,1594871063.680716
CYL_PRES_STAT,0,1594871063.7012649
CYL_PRES_STAT,0,1594871063.709394
CYL_PRES_STAT,0,1594871063.7211301
CYL_PRES_STAT,0,1594871063.7416694
CYL_PRES_STAT,0,1594871063.750273
CYL_PRES_STAT,0,1594871063.8116622
CYL_PRES_STAT,0,1594871063.9299572
CYL_PRES_STAT,0,1594871063.9505339
CYL_PRES_STAT,0,1594871063.9710212
CYL_PRES_STAT,0,1594871063.9914849
CYL_PRES_STAT,0,1594871064.000046
CYL_PRES_STAT,0,1594871064.0325286
CYL_PRES_STAT,0,1594871064.0530038
CYL_PRES_STAT,0,1594871064.0612009
CYL_PRES_STAT,0,1594871064.134856
CYL_PRES_STAT,0,1594871064.217115
CYL_PRES_STAT,0,1594871064.237874
CYL_PRES_STAT,0,1594871064.278616
CYL_PRES_STAT,0,1594871064.299587
CYL_PRES_STAT,0,1594871064.319712
CYL_PRES_STAT,0,1594871064.3315039
CYL_PRES_STAT,0,1594871064.3436954
CYL_PRES_STAT,0,1594871064.425559
CYL_PRES_STAT,0,1594871064.4427302
CYL_PRES_STAT,0,1594871064.548862
CYL_PRES_STAT,0,1594871064.5690088
CYL_PRES_STAT,0,1594871064.581441
CYL_PRES_STAT,0,1594871064.5895958
CYL_PRES_STAT,0,1594871064.610427
CYL_PRES_STAT,0,1594871064.6919749
CYL_PRES_STAT,0,1594871064.7129114
CYL_PRES_STAT,0,1594871064.7245939
CYL_PRES_STAT,0,1594871064.7332618
CYL_PRES_STAT,0,1594871064.786252
CYL_PRES_STAT,0,1594871064.818866
CYL_PRES_STAT,0,1594871064.827617
CYL_PRES_STAT,0,1594871064.839541
CYL_PRES_STAT,0,1594871064.86029
CYL_PRES_STAT,0,1594871064.8686051
CYL_PRES_STAT,0,1594871064.912977
CYL_PRES_STAT,0,1594871064.9215071
CYL_PRES_STAT,0,1594871065.1095731
CYL_PRES_STAT,0,1594871065.159201
CYL_PRES_STAT,0,1594871065.171134
CYL_PRES_STAT,0,1594871065.191513
CYL_PRES_STAT,0,1594871065.2326775
CYL_PRES_STAT,0,1594871065.3145359
CYL_PRES_STAT,0,1594871065.323179
CYL_PRES_STAT,0,1594871065.343745
CYL_PRES_STAT,0,1594871065.3555028
CYL_PRES_STAT,0,1594871065.3676438
CYL_PRES_STAT,0,1594871065.417181
CYL_PRES_STAT,0,1594871065.441293
CYL_PRES_STAT,0,1594871065.461857
CYL_PRES_STAT,0,1594871065.4700902
CYL_PRES_STAT,0,1594871065.478695
CYL_PRES_STAT,0,1594871065.490647
CYL_PRES_STAT,0,1594871065.502756
CYL_PRES_STAT,0,1594871065.5847418
CYL_PRES_STAT,0,1594871065.593084
CYL_PRES_STAT,0,1594871065.605397
CYL_PRES_STAT,0,1594871065.6257
CYL_PRES_STAT,0,1594871065.70816
CYL_PRES_STAT,0,1594871065.716179
CYL_PRES_STAT,0,1594871065.72817
CYL_PRES_STAT,0,1594871065.7402618
CYL_PRES_STAT,0,1594871065.7487948
CYL_PRES_STAT,0,1594871065.7898262
CYL_PRES_STAT,0,1594871065.831149
CYL_PRES_STAT,0,1594871065.88394
CYL_PRES_STAT,0,1594871065.89238
CYL_PRES_STAT,0,1594871065.904448
CYL_PRES_STAT,0,1594871065.9164472
CYL_PRES_STAT,0,1594871065.957429
CYL_PRES_STAT,0,1594871065.998545
CYL_PRES_STAT,0,1594871066.0189269
CYL_PRES_STAT,0,1594871066.039383
CYL_PRES_STAT,0,1594871066.059914
CYL_PRES_STAT,0,1594871066.0685449
CYL_PRES_STAT,0,1594871066.080436
CYL_PRES_STAT,0,1594871066.1917708
CYL_PRES_STAT,0,1594871066.285589
CYL_PRES_STAT,0,1594871066.305983
CYL_PRES_STAT,0,1594871066.317996
CYL_PRES_STAT,0,1594871066.330178
CYL_PRES_STAT,0,1594871066.3506649
CYL_PRES_STAT,0,1594871066.371403
CYL_PRES_STAT,0,1594871066.452991
CYL_PRES_STAT,0,1594871066.5436866
CYL_PRES_STAT,0,1594871066.7316768
CYL_PRES_STAT,0,1594871066.7437694
CYL_PRES_STAT,0,1594871066.80546
CYL_PRES_STAT,0,1594871066.8136199
CYL_PRES_STAT,0,1594871066.8257122
CYL_PRES_STAT,0,1594871066.8341
CYL_PRES_STAT,0,1594871066.9287632
CYL_PRES_STAT,0,1594871066.9491699
CYL_PRES_STAT,0,1594871066.973235
CYL_PRES_STAT,0,1594871066.9901981
CYL_PRES_STAT,0,1594871067.010248
CYL_PRES_STAT,0,1594871067.0428529
CYL_PRES_STAT,0,1594871067.051498
CYL_PRES_STAT,0,1594871067.1042206
CYL_PRES_STAT,0,1594871067.112962
CYL_PRES_STAT,0,1594871067.133369
CYL_PRES_STAT,0,1594871067.177963
CYL_PRES_STAT,0,1594871067.1864672
CYL_PRES_STAT,0,1594871067.198602
CYL_PRES_STAT,0,1594871067.2191
CYL_PRES_STAT,0,1594871067.227708
CYL_PRES_STAT,0,1594871067.259982
CYL_PRES_STAT,0,1594871067.268539
CYL_PRES_STAT,0,1594871067.3016071
CYL_PRES_STAT,0,1594871067.321451
CYL_PRES_STAT,0,1594871067.370875
CYL_PRES_STAT,0,1594871067.3828769
CYL_PRES_STAT,0,1594871067.506177
CYL_PRES_STAT,0,1594871067.550817
CYL_PRES_STAT,0,1594871067.5714118
CYL_PRES_STAT,0,1594871067.591765
CYL_PRES_STAT,0,1594871067.612244
CYL_PRES_STAT,0,1594871067.682702
CYL_PRES_STAT,0,1594871067.694125
CYL_PRES_STAT,0,1594871067.7234938
CYL_PRES_STAT,0,1594871067.7969658
CYL_PRES_STAT,0,1594871067.817395
CYL_PRES_STAT,0,1594871067.8787231
CYL_PRES_STAT,0,1594871067.890674
CYL_PRES_STAT,0,1594871067.9234428
CYL_PRES_STAT,0,1594871068.107784
CYL_PRES_STAT,0,1594871068.128298
CYL_PRES_STAT,0,1594871068.190088
CYL_PRES_STAT,0,1594871068.210554
CYL_PRES_STAT,0,1594871068.222438
CYL_PRES_STAT,0,1594871068.27199
CYL_PRES_STAT,0,1594871068.283922
CYL_PRES_STAT,0,1594871068.398578
CYL_PRES_STAT,0,1594871068.42781
CYL_PRES_STAT,0,1594871068.439585
CYL_PRES_STAT,0,1594871068.4601002
CYL_PRES_STAT,0,1594871068.4724126
CYL_PRES_STAT,0,1594871068.480822
CYL_PRES_STAT,0,1594871068.501305
CYL_PRES_STAT,0,1594871068.685976
CYL_PRES_STAT,0,1594871068.7098384
CYL_PRES_STAT,0,1594871068.7303429
CYL_PRES_STAT,0,1594871068.7507784
CYL_PRES_STAT,0,1594871068.8003874
CYL_PRES_STAT,0,1594871068.812335
CYL_PRES_STAT,0,1594871068.8328
CYL_PRES_STAT,0,1594871068.8942568
CYL_PRES_STAT,0,1594871069.0174134
CYL_PRES_STAT,0,1594871069.0292852
CYL_PRES_STAT,0,1594871069.0620182
CYL_PRES_STAT,0,1594871069.082536
CYL_PRES_STAT,0,1594871069.102999
CYL_PRES_STAT,0,1594871069.1318982
CYL_PRES_STAT,0,1594871069.144019
CYL_PRES_STAT,0,1594871069.254879
CYL_PRES_STAT,0,1594871069.275668
CYL_PRES_STAT,0,1594871069.3166022
CYL_PRES_STAT,0,1594871069.3284204
CYL_PRES_STAT,0,1594871069.352891
CYL_PRES_STAT,0,1594871069.36104
CYL_PRES_STAT,0,1594871069.3695738
CYL_PRES_STAT,0,1594871069.381647
CYL_PRES_STAT,0,1594871069.3904698
CYL_PRES_STAT,0,1594871069.4312088
CYL_PRES_STAT,0,1594871069.492512
CYL_PRES_STAT,0,1594871069.524919
CYL_PRES_STAT,0,1594871069.537339
CYL_PRES_STAT,0,1594871069.545734
CYL_PRES_STAT,0,1594871069.586873
CYL_PRES_STAT,0,1594871069.5986829
CYL_PRES_STAT,0,1594871069.607281
CYL_PRES_STAT,0,1594871069.619104
CYL_PRES_STAT,0,1594871069.639642
CYL_PRES_STAT,0,1594871069.660052
CYL_PRES_STAT,0,1594871069.6814759
CYL_PRES_STAT,0,1594871069.70109
CYL_PRES_STAT,0,1594871069.7133598
CYL_PRES_STAT,0,1594871069.721987
CYL_PRES_STAT,0,1594871069.7746599
CYL_PRES_STAT,0,1594871069.7832801
CYL_PRES_STAT,0,1594871069.950968
CYL_PRES_STAT,0,1594871069.959608
CYL_PRES_STAT,0,1594871069.9713438
CYL_PRES_STAT,0,1594871069.9920402
CYL_PRES_STAT,0,1594871070.0122972
CYL_PRES_STAT,0,1594871070.021028
CYL_PRES_STAT,0,1594871070.053359
CYL_PRES_STAT,0,1594871070.09421
CYL_PRES_STAT,0,1594871070.1030972
CYL_PRES_STAT,0,1594871070.114746
CYL_PRES_STAT,0,1594871070.197089
CYL_PRES_STAT,0,1594871070.209033
CYL_PRES_STAT,0,1594871070.221296
CYL_PRES_STAT,0,1594871070.241653
CYL_PRES_STAT,0,1594871070.262105
CYL_PRES_STAT,0,1594871070.323563
CYL_PRES_STAT,0,1594871070.3522902
CYL_PRES_STAT,0,1594871070.3934278
CYL_PRES_STAT,0,1594871070.405591
CYL_PRES_STAT,0,1594871070.540617
CYL_PRES_STAT,0,1594871070.549192
CYL_PRES_STAT,0,1594871070.561049
CYL_PRES_STAT,0,1594871070.6313071
CYL_PRES_STAT,0,1594871070.724967
CYL_PRES_STAT,0,1594871070.819246
CYL_PRES_STAT,0,1594871070.8396614
CYL_PRES_STAT,0,1594871070.847902
CYL_PRES_STAT,0,1594871070.8606222
CYL_PRES_STAT,0,1594871070.872549
CYL_PRES_STAT,0,1594871070.881114
CYL_PRES_STAT,0,1594871070.889297
CYL_PRES_STAT,0,1594871070.901233
CYL_PRES_STAT,0,1594871071.004087
CYL_PRES_STAT,0,1594871071.015873
CYL_PRES_STAT,0,1594871071.1099858
CYL_PRES_STAT,0,1594871071.122216
CYL_PRES_STAT,0,1594871071.1304364
CYL_PRES_STAT,0,1594871071.159233
CYL_PRES_STAT,0,1594871071.1920938
CYL_PRES_STAT,0,1594871071.2124288
CYL_PRES_STAT,0,1594871071.232991
CYL_PRES_STAT,0,1594871071.286143
CYL_PRES_STAT,0,1594871071.3803034
CYL_PRES_STAT,0,1594871071.3972962
CYL_PRES_STAT,0,1594871071.441757
CYL_PRES_STAT,0,1594871071.458643
CYL_PRES_STAT,0,1594871071.479017
CYL_PRES_STAT,0,1594871071.503113
CYL_PRES_STAT,0,1594871071.5236
CYL_PRES_STAT,0,1594871071.6055381
CYL_PRES_STAT,0,1594871071.655499
CYL_PRES_STAT,0,1594871071.6997788
CYL_PRES_STAT,0,1594871071.708426
CYL_PRES_STAT,0,1594871071.732501
CYL_PRES_STAT,0,1594871071.7406712
CYL_PRES_STAT,0,1594871071.749075
CYL_PRES_STAT,0,1594871071.769786
CYL_PRES_STAT,0,1594871071.7818694
CYL_PRES_STAT,0,1594871071.831426
CYL_PRES_STAT,0,1594871071.8963242
CYL_PRES_STAT,0,1594871071.97826
CYL_PRES_STAT,0,1594871071.998951
CYL_PRES_STAT,0,1594871072.019197
CYL_PRES_STAT,0,1594871072.0277789
CYL_PRES_STAT,0,1594871072.080894
CYL_PRES_STAT,0,1594871072.101308
CYL_PRES_STAT,0,1594871072.134066
CYL_PRES_STAT,0,1594871072.277399
CYL_PRES_STAT,0,1594871072.286199
CYL_PRES_STAT,0,1594871072.330567
CYL_PRES_STAT,0,1594871072.3511832
CYL_PRES_STAT,0,1594871072.359604
CYL_PRES_STAT,0,1594871072.3716161
CYL_PRES_STAT,0,1594871072.4089534
CYL_PRES_STAT,0,1594871072.4944706
CYL_PRES_STAT,0,1594871072.5270774
CYL_PRES_STAT,0,1594871072.5682306
CYL_PRES_STAT,0,1594871072.609066
CYL_PRES_STAT,0,1594871072.6381721
CYL_PRES_STAT,0,1594871072.662251
CYL_PRES_STAT,0,1594871072.703244
CYL_PRES_STAT,0,1594871072.72368
CYL_PRES_STAT,0,1594871072.7851849
CYL_PRES_STAT,0,1594871072.888009
CYL_PRES_STAT,0,1594871072.89607
CYL_PRES_STAT,0,1594871072.908134
CYL_PRES_STAT,0,1594871072.9494028
CYL_PRES_STAT,0,1594871072.97013
CYL_PRES_STAT,0,1594871073.198914
CYL_PRES_STAT,0,1594871073.219506
CYL_PRES_STAT,0,1594871073.239954
CYL_PRES_STAT,0,1594871073.260816
CYL_PRES_STAT,0,1594871073.281732
CYL_PRES_STAT,0,1594871073.3626392
CYL_PRES_STAT,0,1594871073.383541
CYL_PRES_STAT,0,1594871073.4160671
CYL_PRES_STAT,0,1594871073.477377
CYL_PRES_STAT,0,1594871073.4863622
CYL_PRES_STAT,0,1594871073.5100954
CYL_PRES_STAT,0,1594871073.5306141
CYL_PRES_STAT,0,1594871073.559409
CYL_PRES_STAT,0,1594871073.5800252
CYL_PRES_STAT,0,1594871073.600985
CYL_PRES_STAT,0,1594871073.612442
CYL_PRES_STAT,0,1594871073.64166
CYL_PRES_STAT,0,1594871073.6740232
CYL_PRES_STAT,0,1594871073.7599714
CYL_PRES_STAT,0,1594871073.776781
CYL_PRES_STAT,0,1594871073.797124
CYL_PRES_STAT,0,1594871073.8380618
CYL_PRES_STAT,0,1594871073.850179
CYL_PRES_STAT,0,1594871073.8623528
CYL_PRES_STAT,0,1594871073.8828812
CYL_PRES_STAT,0,1594871073.911523
CYL_PRES_STAT,0,1594871073.923742
CYL_PRES_STAT,0,1594871073.932204
CYL_PRES_STAT,0,1594871074.099966
CYL_PRES_STAT,0,1594871074.108587
CYL_PRES_STAT,0,1594871074.140842
CYL_PRES_STAT,0,1594871074.1496382
CYL_PRES_STAT,0,1594871074.210881
CYL_PRES_STAT,0,1594871074.29643
CYL_PRES_STAT,0,1594871074.3580391
CYL_PRES_STAT,0,1594871074.387242
CYL_PRES_STAT,0,1594871074.4194071
CYL_PRES_STAT,0,1594871074.669384
CYL_PRES_STAT,0,1594871074.6777382
CYL_PRES_STAT,0,1594871074.689602
CYL_PRES_STAT,0,1594871074.710161
CYL_PRES_STAT,0,1594871074.763392
CYL_PRES_STAT,0,1594871074.812552
CYL_PRES_STAT,0,1594871074.874091
CYL_PRES_STAT,0,1594871074.903044
CYL_PRES_STAT,0,1594871074.9150689
CYL_PRES_STAT,0,1594871074.976959
CYL_PRES_STAT,0,1594871074.9975471
CYL_PRES_STAT,0,1594871075.02168
CYL_PRES_STAT,0,1594871075.038666
CYL_PRES_STAT,0,1594871075.0502882
CYL_PRES_STAT,0,1594871075.091475
CYL_PRES_STAT,0,1594871075.1035051
CYL_PRES_STAT,0,1594871075.1650374
CYL_PRES_STAT,0,1594871075.2144618
CYL_PRES_STAT,0,1594871075.246784
CYL_PRES_STAT,0,1594871075.2589812
CYL_PRES_STAT,0,1594871075.2672784
CYL_PRES_STAT,0,1594871075.340971
CYL_PRES_STAT,0,1594871075.3495302
CYL_PRES_STAT,0,1594871075.370286
CYL_PRES_STAT,0,1594871075.390698
CYL_PRES_STAT,0,1594871075.546165
CYL_PRES_STAT,0,1594871075.5579991
CYL_PRES_STAT,0,1594871075.599051
CYL_PRES_STAT,0,1594871075.619509
CYL_PRES_STAT,0,1594871075.639939
CYL_PRES_STAT,0,1594871075.660884
CYL_PRES_STAT,0,1594871075.6726556
CYL_PRES_STAT,0,1594871075.680993
CYL_PRES_STAT,0,1594871075.7135868
CYL_PRES_STAT,0,1594871075.721835
CYL_PRES_STAT,0,1594871075.74229
CYL_PRES_STAT,0,1594871075.7955134
CYL_PRES_STAT,0,1594871075.8041868
CYL_PRES_STAT,0,1594871075.86559
CYL_PRES_STAT,0,1594871075.898018
CYL_PRES_STAT,0,1594871075.910392
CYL_PRES_STAT,0,1594871075.918498
CYL_PRES_STAT,0,1594871075.971742
CYL_PRES_STAT,0,1594871075.992243
CYL_PRES_STAT,0,1594871076.1600811
CYL_PRES_STAT,0,1594871076.1769161
CYL_PRES_STAT,0,1594871076.2178009
CYL_PRES_STAT,0,1594871076.2382011
CYL_PRES_STAT,0,1594871076.250381
CYL_PRES_STAT,0,1594871076.262424
CYL_PRES_STAT,0,1594871076.282975
CYL_PRES_STAT,0,1594871076.364922
CYL_PRES_STAT,0,1594871076.385323
CYL_PRES_STAT,0,1594871076.500002
CYL_PRES_STAT,0,1594871076.5496259
CYL_PRES_STAT,0,1594871076.602675
CYL_PRES_STAT,0,1594871076.6109598
CYL_PRES_STAT,0,1594871076.672291
CYL_PRES_STAT,0,1594871076.725363
CYL_PRES_STAT,0,1594871076.758035
CYL_PRES_STAT,0,1594871076.778521
CYL_PRES_STAT,0,1594871076.799256
CYL_PRES_STAT,0,1594871076.8605359
CYL_PRES_STAT,0,1594871076.880985
CYL_PRES_STAT,0,1594871076.9015
CYL_PRES_STAT,0,1594871076.913731
CYL_PRES_STAT,0,1594871077.1105466
CYL_PRES_STAT,0,1594871077.1308966
CYL_PRES_STAT,0,1594871077.151568
CYL_PRES_STAT,0,1594871077.163579
CYL_PRES_STAT,0,1594871077.1802714
CYL_PRES_STAT,0,1594871077.20079
CYL_PRES_STAT,0,1594871077.2537289
CYL_PRES_STAT,0,1594871077.2827241
CYL_PRES_STAT,0,1594871077.3478026
CYL_PRES_STAT,0,1594871077.376977
CYL_PRES_STAT,0,1594871077.401266
CYL_PRES_STAT,0,1594871077.4215932
CYL_PRES_STAT,0,1594871077.483005
CYL_PRES_STAT,0,1594871077.5239491
CYL_PRES_STAT,0,1594871077.532302
CYL_PRES_STAT,0,1594871077.5444322
CYL_PRES_STAT,0,1594871077.564982
CYL_PRES_STAT,0,1594871077.659219
CYL_PRES_STAT,0,1594871077.687893
CYL_PRES_STAT,0,1594871077.729168
CYL_PRES_STAT,0,1594871077.741016
CYL_PRES_STAT,0,1594871077.7496731
CYL_PRES_STAT,0,1594871077.770092
CYL_PRES_STAT,0,1594871077.7909482
CYL_PRES_STAT,0,1594871077.863991
CYL_PRES_STAT,0,1594871077.87282
CYL_PRES_STAT,0,1594871077.893024
CYL_PRES_STAT,0,1594871077.9049976
CYL_PRES_STAT,0,1594871077.9786694
CYL_PRES_STAT,0,1594871077.999209
CYL_PRES_STAT,0,1594871078.019632
CYL_PRES_STAT,0,1594871078.040184
CYL_PRES_STAT,0,1594871078.060682
CYL_PRES_STAT,0,1594871078.07281
CYL_PRES_STAT,0,1594871078.110241
CYL_PRES_STAT,0,1594871078.1221359
CYL_PRES_STAT,0,1594871078.236667
CYL_PRES_STAT,0,1594871078.289773
CYL_PRES_STAT,0,1594871078.310411
CYL_PRES_STAT,0,1594871078.339201
CYL_PRES_STAT,0,1594871078.3800054
CYL_PRES_STAT,0,1594871078.556776
CYL_PRES_STAT,0,1594871078.5769858
CYL_PRES_STAT,0,1594871078.6179829
CYL_PRES_STAT,0,1594871078.6421306
CYL_PRES_STAT,0,1594871078.650666
CYL_PRES_STAT,0,1594871078.6625466
CYL_PRES_STAT,0,1594871078.683229
CYL_PRES_STAT,0,1594871078.7445312
CYL_PRES_STAT,0,1594871078.8148131
CYL_PRES_STAT,0,1594871078.826504
CYL_PRES_STAT,0,1594871078.867784
CYL_PRES_STAT,0,1594871078.8885794
CYL_PRES_STAT,0,1594871078.912372
CYL_PRES_STAT,0,1594871078.932919
CYL_PRES_STAT,0,1594871078.990849
CYL_PRES_STAT,0,1594871079.055917
CYL_PRES_STAT,0,1594871079.076282
CYL_PRES_STAT,0,1594871079.1582901
CYL_PRES_STAT,0,1594871079.1664789
CYL_PRES_STAT,0,1594871079.1787462
CYL_PRES_STAT,0,1594871079.199112
CYL_PRES_STAT,0,1594871079.207814
CYL_PRES_STAT,0,1594871079.240234
CYL_PRES_STAT,0,1594871079.260625
CYL_PRES_STAT,0,1594871079.2813141
CYL_PRES_STAT,0,1594871079.363154
CYL_PRES_STAT,0,1594871079.489897
CYL_PRES_STAT,0,1594871079.5105948
CYL_PRES_STAT,0,1594871079.518794
CYL_PRES_STAT,0,1594871079.530962
CYL_PRES_STAT,0,1594871079.551471
CYL_PRES_STAT,0,1594871079.560071
CYL_PRES_STAT,0,1594871079.571936
CYL_PRES_STAT,0,1594871079.6419818
CYL_PRES_STAT,0,1594871079.703576
CYL_PRES_STAT,0,1594871079.7567189
CYL_PRES_STAT,0,1594871079.7772338
CYL_PRES_STAT,0,1594871079.809813
CYL_PRES_STAT,0,1594871079.8216894
CYL_PRES_STAT,0,1594871079.8299382
CYL_PRES_STAT,0,1594871079.8708742
CYL_PRES_STAT,0,1594871079.8794641
CYL_PRES_STAT,0,1594871079.891361
CYL_PRES_STAT,0,1594871079.9000242
CYL_PRES_STAT,0,1594871079.920599
CYL_PRES_STAT,0,1594871080.0592961
CYL_PRES_STAT,0,1594871080.0678332
CYL_PRES_STAT,0,1594871080.0879998
CYL_PRES_STAT,0,1594871080.09663
CYL_PRES_STAT,0,1594871080.129343
CYL_PRES_STAT,0,1594871080.14125
CYL_PRES_STAT,0,1594871080.149759
CYL_PRES_STAT,0,1594871080.1706626
CYL_PRES_STAT,0,1594871080.252456
CYL_PRES_STAT,0,1594871080.2640688
CYL_PRES_STAT,0,1594871080.2729108
CYL_PRES_STAT,0,1594871080.284711
CYL_PRES_STAT,0,1594871080.317339
CYL_PRES_STAT,0,1594871080.337843
CYL_PRES_STAT,0,1594871080.378706
CYL_PRES_STAT,0,1594871080.387724
CYL_PRES_STAT,0,1594871080.4196448
CYL_PRES_STAT,0,1594871080.4813054
CYL_PRES_STAT,0,1594871080.5752802
CYL_PRES_STAT,0,1594871080.583828
CYL_PRES_STAT,0,1594871080.6664732
CYL_PRES_STAT,0,1594871080.7105439
CYL_PRES_STAT,0,1594871080.751636
CYL_PRES_STAT,0,1594871080.77203
CYL_PRES_STAT,0,1594871080.800981
CYL_PRES_STAT,0,1594871080.812921
CYL_PRES_STAT,0,1594871080.8539069
CYL_PRES_STAT,0,1594871080.874361
CYL_PRES_STAT,0,1594871080.9568472
CYL_PRES_STAT,0,1594871080.968756
CYL_PRES_STAT,0,1594871080.976867
CYL_PRES_STAT,0,1594871081.01805
CYL_PRES_STAT,0,1594871081.042206
CYL_PRES_STAT,0,1594871081.059277
CYL_PRES_STAT,0,1594871081.1118872
CYL_PRES_STAT,0,1594871081.120509
CYL_PRES_STAT,0,1594871081.1652954
CYL_PRES_STAT,0,1594871081.255693
CYL_PRES_STAT,0,1594871081.28822
CYL_PRES_STAT,0,1594871081.30881
CYL_PRES_STAT,0,1594871081.329281
CYL_PRES_STAT,0,1594871081.337586
CYL_PRES_STAT,0,1594871081.349514
CYL_PRES_STAT,0,1594871081.390517
CYL_PRES_STAT,0,1594871081.4109368
CYL_PRES_STAT,0,1594871081.42318
CYL_PRES_STAT,0,1594871081.472888
CYL_PRES_STAT,0,1594871081.5051599
CYL_PRES_STAT,0,1594871081.5787868
CYL_PRES_STAT,0,1594871081.640245
CYL_PRES_STAT,0,1594871081.660768
CYL_PRES_STAT,0,1594871081.8370078
CYL_PRES_STAT,0,1594871081.8573284
CYL_PRES_STAT,0,1594871081.9106119
CYL_PRES_STAT,0,1594871081.9312892
CYL_PRES_STAT,0,1594871081.9517078
CYL_PRES_STAT,0,1594871081.972073
CYL_PRES_STAT,0,1594871082.0213509
CYL_PRES_STAT,0,1594871082.074461
CYL_PRES_STAT,0,1594871082.094898
CYL_PRES_STAT,0,1594871082.1855204
CYL_PRES_STAT,0,1594871082.2095141
CYL_PRES_STAT,0,1594871082.217849
CYL_PRES_STAT,0,1594871082.2382462
CYL_PRES_STAT,0,1594871082.291476
CYL_PRES_STAT,0,1594871082.300035
CYL_PRES_STAT,0,1594871082.3824801
CYL_PRES_STAT,0,1594871082.40265
CYL_PRES_STAT,0,1594871082.4234474
CYL_PRES_STAT,0,1594871082.434849
CYL_PRES_STAT,0,1594871082.487958
CYL_PRES_STAT,0,1594871082.53734
CYL_PRES_STAT,0,1594871082.549558
CYL_PRES_STAT,0,1594871082.578604
CYL_PRES_STAT,0,1594871082.599052
CYL_PRES_STAT,0,1594871082.610989
CYL_PRES_STAT,0,1594871082.734354
CYL_PRES_STAT,0,1594871082.7665849
CYL_PRES_STAT,0,1594871082.775172
CYL_PRES_STAT,0,1594871082.787127
CYL_PRES_STAT,0,1594871082.819993
CYL_PRES_STAT,0,1594871082.889526
CYL_PRES_STAT,0,1594871082.922317
CYL_PRES_STAT,0,1594871082.9426801
CYL_PRES_STAT,0,1594871083.012407
CYL_PRES_STAT,0,1594871083.024632
CYL_PRES_STAT,0,1594871083.0331821
CYL_PRES_STAT,0,1594871083.12713
CYL_PRES_STAT,0,1594871083.147518
CYL_PRES_STAT,0,1594871083.1682801
CYL_PRES_STAT,0,1594871083.1888616
CYL_PRES_STAT,0,1594871083.200946
CYL_PRES_STAT,0,1594871083.209398
CYL_PRES_STAT,0,1594871083.241657
CYL_PRES_STAT,0,1594871083.250492
CYL_PRES_STAT,0,1594871083.3324199
CYL_PRES_STAT,0,1594871083.356276
CYL_PRES_STAT,0,1594871083.446578
CYL_PRES_STAT,0,1594871083.4552991
CYL_PRES_STAT,0,1594871083.5001528
CYL_PRES_STAT,0,1594871083.507999
CYL_PRES_STAT,0,1594871083.5203562
CYL_PRES_STAT,0,1594871083.5288398
CYL_PRES_STAT,0,1594871083.561213
CYL_PRES_STAT,0,1594871083.5816894
CYL_PRES_STAT,0,1594871083.590509
CYL_PRES_STAT,0,1594871083.663604
CYL_PRES_STAT,0,1594871083.6841052
CYL_PRES_STAT,0,1594871083.766381
CYL_PRES_STAT,0,1594871083.7872288
CYL_PRES_STAT,0,1594871083.810943
CYL_PRES_STAT,0,1594871083.8314302
CYL_PRES_STAT,0,1594871083.8521988
CYL_PRES_STAT,0,1594871083.8691301
CYL_PRES_STAT,0,1594871083.901181
CYL_PRES_STAT,0,1594871083.954325
CYL_PRES_STAT,0,1594871083.9747698
CYL_PRES_STAT,0,1594871084.016007
CYL_PRES_STAT,0,1594871084.024458
CYL_PRES_STAT,0,1594871084.036386
CYL_PRES_STAT,0,1594871084.098594
CYL_PRES_STAT,0,1594871084.110045
CYL_PRES_STAT,0,1594871084.1185849
CYL_PRES_STAT,0,1594871084.139385
CYL_PRES_STAT,0,1594871084.17152
CYL_PRES_STAT,0,1594871084.180112
CYL_PRES_STAT,0,1594871084.2207098
CYL_PRES_STAT,0,1594871084.241484
CYL_PRES_STAT,0,1594871084.282687
CYL_PRES_STAT,0,1594871084.303067
CYL_PRES_STAT,0,1594871084.314974
CYL_PRES_STAT,0,1594871084.409081
CYL_PRES_STAT,0,1594871084.4500382
CYL_PRES_STAT,0,1594871084.470676
CYL_PRES_STAT,0,1594871084.4909608
CYL_PRES_STAT,0,1594871084.613875
CYL_PRES_STAT,0,1594871084.6226208
CYL_PRES_STAT,0,1594871084.7202961
CYL_PRES_STAT,0,1594871084.736972
CYL_PRES_STAT,0,1594871084.75779
CYL_PRES_STAT,0,1594871084.769454
CYL_PRES_STAT,0,1594871084.781892
CYL_PRES_STAT,0,1594871084.8023438
CYL_PRES_STAT,0,1594871084.904707
CYL_PRES_STAT,0,1594871084.9251046
CYL_PRES_STAT,0,1594871085.019531
CYL_PRES_STAT,0,1594871085.0360386
CYL_PRES_STAT,0,1594871085.0480168
CYL_PRES_STAT,0,1594871085.0893831
CYL_PRES_STAT,0,1594871085.101224
CYL_PRES_STAT,0,1594871085.109785
CYL_PRES_STAT,0,1594871085.171572
CYL_PRES_STAT,0,1594871085.318261
CYL_PRES_STAT,0,1594871085.347286
CYL_PRES_STAT,0,1594871085.359211
CYL_PRES_STAT,0,1594871085.379601
CYL_PRES_STAT,0,1594871085.3879619
CYL_PRES_STAT,0,1594871085.400223
CYL_PRES_STAT,0,1594871085.420901
CYL_PRES_STAT,0,1594871085.429398
CYL_PRES_STAT,0,1594871085.441279
CYL_PRES_STAT,0,1594871085.461641
CYL_PRES_STAT,0,1594871085.51128
CYL_PRES_STAT,0,1594871085.53213
CYL_PRES_STAT,0,1594871085.5436962
CYL_PRES_STAT,0,1594871085.5763302
CYL_PRES_STAT,0,1594871085.596786
CYL_PRES_STAT,0,1594871085.650035
CYL_PRES_STAT,0,1594871085.658155
CYL_PRES_STAT,0,1594871085.667167
CYL_PRES_STAT,0,1594871085.678724
CYL_PRES_STAT,0,1594871085.6872349
CYL_PRES_STAT,0,1594871085.69924
CYL_PRES_STAT,0,1594871085.731982
CYL_PRES_STAT,0,1594871085.7524018
CYL_PRES_STAT,0,1594871085.760751
CYL_PRES_STAT,0,1594871085.8343349
CYL_PRES_STAT,0,1594871085.945334
CYL_PRES_STAT,0,1594871085.9988954
CYL_PRES_STAT,0,1594871086.019212
CYL_PRES_STAT,0,1594871086.043228
CYL_PRES_STAT,0,1594871086.0720134
CYL_PRES_STAT,0,1594871086.0804029
CYL_PRES_STAT,0,1594871086.1013188
CYL_PRES_STAT,0,1594871086.1128268
CYL_PRES_STAT,0,1594871086.1420102
CYL_PRES_STAT,0,1594871086.183171
CYL_PRES_STAT,0,1594871086.2686348
CYL_PRES_STAT,0,1594871086.289184
CYL_PRES_STAT,0,1594871086.30955
CYL_PRES_STAT,0,1594871086.330315
CYL_PRES_STAT,0,1594871086.350525
CYL_PRES_STAT,0,1594871086.3709948
CYL_PRES_STAT,0,1594871086.391454
CYL_PRES_STAT,0,1594871086.4733212
CYL_PRES_STAT,0,1594871086.579732
CYL_PRES_STAT,0,1594871086.6374762
CYL_PRES_STAT,0,1594871086.661602
CYL_PRES_STAT,0,1594871086.669878
CYL_PRES_STAT,0,1594871086.682367
CYL_PRES_STAT,0,1594871086.772583
CYL_PRES_STAT,0,1594871086.781211
CYL_PRES_STAT,0,1594871086.907476
CYL_PRES_STAT,0,1594871086.916034
CYL_PRES_STAT,0,1594871086.927979
CYL_PRES_STAT,0,1594871086.949209
CYL_PRES_STAT,0,1594871086.972924
CYL_PRES_STAT,0,1594871087.0310242
CYL_PRES_STAT,0,1594871087.1041422
CYL_PRES_STAT,0,1594871087.112494
CYL_PRES_STAT,0,1594871087.23929
CYL_PRES_STAT,0,1594871087.2802439
CYL_PRES_STAT,0,1594871087.4235392
CYL_PRES_STAT,0,1594871087.5468051
CYL_PRES_STAT,0,1594871087.5674179
CYL_PRES_STAT,0,1594871087.579793
CYL_PRES_STAT,0,1594871087.591512
CYL_PRES_STAT,0,1594871087.599638
CYL_PRES_STAT,0,1594871087.6081624
CYL_PRES_STAT,0,1594871087.6201432
CYL_PRES_STAT,0,1594871087.62897
CYL_PRES_STAT,0,1594871087.649523
CYL_PRES_STAT,0,1594871087.661106
CYL_PRES_STAT,0,1594871087.722548
CYL_PRES_STAT,0,1594871087.734829
CYL_PRES_STAT,0,1594871087.743488
CYL_PRES_STAT,0,1594871087.8290172
CYL_PRES_STAT,0,1594871087.837213
CYL_PRES_STAT,0,1594871087.858187
CYL_PRES_STAT,0,1594871087.9108858
CYL_PRES_STAT,0,1594871087.919533
CYL_PRES_STAT,0,1594871087.940244
CYL_PRES_STAT,0,1594871088.0221078
CYL_PRES_STAT,0,1594871088.0338519
CYL_PRES_STAT,0,1594871088.04235
CYL_PRES_STAT,0,1594871088.168905
CYL_PRES_STAT,0,1594871088.1896071
CYL_PRES_STAT,0,1594871088.210072
CYL_PRES_STAT,0,1594871088.2508779
CYL_PRES_STAT,0,1594871088.271468
CYL_PRES_STAT,0,1594871088.333059
CYL_PRES_STAT,0,1594871088.353287
CYL_PRES_STAT,0,1594871088.456463
CYL_PRES_STAT,0,1594871088.488557
CYL_PRES_STAT,0,1594871088.497131
CYL_PRES_STAT,0,1594871088.521267
CYL_PRES_STAT,0,1594871088.5620954
CYL_PRES_STAT,0,1594871088.5790234
CYL_PRES_STAT,0,1594871088.64416
CYL_PRES_STAT,0,1594871088.6850429
CYL_PRES_STAT,0,1594871088.7670321
CYL_PRES_STAT,0,1594871088.80831
CYL_PRES_STAT,0,1594871088.820208
CYL_PRES_STAT,0,1594871088.828489
CYL_PRES_STAT,0,1594871088.8492222
CYL_PRES_STAT,0,1594871088.902223
CYL_PRES_STAT,0,1594871088.975853
CYL_PRES_STAT,0,1594871089.0336351
CYL_PRES_STAT,0,1594871089.0781538
CYL_PRES_STAT,0,1594871089.098772
CYL_PRES_STAT,0,1594871089.119456
CYL_PRES_STAT,0,1594871089.140047
CYL_PRES_STAT,0,1594871089.1603081
CYL_PRES_STAT,0,1594871089.201087
CYL_PRES_STAT,0,1594871089.209814
CYL_PRES_STAT,0,1594871089.221548
CYL_PRES_STAT,0,1594871089.2625556
CYL_PRES_STAT,0,1594871089.2712529
CYL_PRES_STAT,0,1594871089.28302
CYL_PRES_STAT,0,1594871089.344407
CYL_PRES_STAT,0,1594871089.3566148
CYL_PRES_STAT,0,1594871089.3771632
CYL_PRES_STAT,0,1594871089.397789
CYL_PRES_STAT,0,1594871089.406315
CYL_PRES_STAT,0,1594871089.4181492
CYL_PRES_STAT,0,1594871089.4510012
CYL_PRES_STAT,0,1594871089.479846
CYL_PRES_STAT,0,1594871089.6024792
CYL_PRES_STAT,0,1594871089.705446
CYL_PRES_STAT,0,1594871089.717271
CYL_PRES_STAT,0,1594871089.7293794
CYL_PRES_STAT,0,1594871089.7380412
CYL_PRES_STAT,0,1594871089.7586858
CYL_PRES_STAT,0,1594871089.782658
CYL_PRES_STAT,0,1594871089.7872908
CYL_PRES_STAT,0,1594871089.7991626
CYL_PRES_STAT,0,1594871089.8113546
CYL_PRES_STAT,0,1594871089.8695052
CYL_PRES_STAT,0,1594871089.9057472
CYL_PRES_STAT,0,1594871089.926036
CYL_PRES_STAT,0,1594871090.036725
CYL_PRES_STAT,0,1594871090.048909
CYL_PRES_STAT,0,1594871090.1104221
CYL_PRES_STAT,0,1594871090.1311429
CYL_PRES_STAT,0,1594871090.180597
CYL_PRES_STAT,0,1594871090.294959
CYL_PRES_STAT,0,1594871090.356562
CYL_PRES_STAT,0,1594871090.380727
CYL_PRES_STAT,0,1594871090.401247
CYL_PRES_STAT,0,1594871090.421584
CYL_PRES_STAT,0,1594871090.442065
CYL_PRES_STAT,0,1594871090.4913752
CYL_PRES_STAT,0,1594871090.5118554
CYL_PRES_STAT,0,1594871090.5445151
CYL_PRES_STAT,0,1594871090.6153321
CYL_PRES_STAT,0,1594871090.667397
CYL_PRES_STAT,0,1594871090.696518
CYL_PRES_STAT,0,1594871090.7292
CYL_PRES_STAT,0,1594871090.7500632
CYL_PRES_STAT,0,1594871090.770373
CYL_PRES_STAT,0,1594871090.8319962
CYL_PRES_STAT,0,1594871090.863971
CYL_PRES_STAT,0,1594871090.8727689
CYL_PRES_STAT,0,1594871090.925472
CYL_PRES_STAT,0,1594871090.958213
CYL_PRES_STAT,0,1594871090.986927
CYL_PRES_STAT,0,1594871090.999167
CYL_PRES_STAT,0,1594871091.019606
CYL_PRES_STAT,0,1594871091.0402062
CYL_PRES_STAT,0,1594871091.05249
CYL_PRES_STAT,0,1594871091.060679
CYL_PRES_STAT,0,1594871091.081109
CYL_PRES_STAT,0,1594871091.1631026
CYL_PRES_STAT,0,1594871091.2864268
CYL_PRES_STAT,0,1594871091.2982552
CYL_PRES_STAT,0,1594871091.3309922
CYL_PRES_STAT,0,1594871091.3718429
CYL_PRES_STAT,0,1594871091.380564
CYL_PRES_STAT,0,1594871091.420973
CYL_PRES_STAT,0,1594871091.462582
CYL_PRES_STAT,0,1594871091.5766768
CYL_PRES_STAT,0,1594871091.5972462
CYL_PRES_STAT,0,1594871091.629951
CYL_PRES_STAT,0,1594871091.638151
CYL_PRES_STAT,0,1594871091.6591349
CYL_PRES_STAT,0,1594871091.679615
CYL_PRES_STAT,0,1594871091.699894
CYL_PRES_STAT,0,1594871091.711764
CYL_PRES_STAT,0,1594871091.720692
CYL_PRES_STAT,0,1594871091.781889
CYL_PRES_STAT,0,1594871091.802309
CYL_PRES_STAT,0,1594871091.8226838
CYL_PRES_STAT,0,1594871091.958058
CYL_PRES_STAT,0,1594871092.081017
CYL_PRES_STAT,0,1594871092.092806
CYL_PRES_STAT,0,1594871092.113992
CYL_PRES_STAT,0,1594871092.2195768
CYL_PRES_STAT,0,1594871092.227808
CYL_PRES_STAT,0,1594871092.2776034
CYL_PRES_STAT,0,1594871092.301672
CYL_PRES_STAT,0,1594871092.404094
CYL_PRES_STAT,0,1594871092.539241
CYL_PRES_STAT,0,1594871092.567922
CYL_PRES_STAT,0,1594871092.609174
CYL_PRES_STAT,0,1594871092.6501698
CYL_PRES_STAT,0,1594871092.7153401
CYL_PRES_STAT,0,1594871092.838351
CYL_PRES_STAT,0,1594871092.85867
CYL_PRES_STAT,0,1594871092.8671832
CYL_PRES_STAT,0,1594871092.879147
CYL_PRES_STAT,0,1594871092.8875706
CYL_PRES_STAT,0,1594871092.8997538
CYL_PRES_STAT,0,1594871092.920157
CYL_PRES_STAT,0,1594871092.940652
CYL_PRES_STAT,0,1594871092.952734
CYL_PRES_STAT,0,1594871093.04304
CYL_PRES_STAT,0,1594871093.0640929
CYL_PRES_STAT,0,1594871093.1664212
CYL_PRES_STAT,0,1594871093.1986
CYL_PRES_STAT,0,1594871093.210874
CYL_PRES_STAT,0,1594871093.231383
CYL_PRES_STAT,0,1594871093.239601
CYL_PRES_STAT,0,1594871093.2519512
CYL_PRES_STAT,0,1594871093.374704
CYL_PRES_STAT,0,1594871093.457078
CYL_PRES_STAT,0,1594871093.477649
CYL_PRES_STAT,0,1594871093.48569
CYL_PRES_STAT,0,1594871093.49767
CYL_PRES_STAT,0,1594871093.518199
CYL_PRES_STAT,0,1594871093.5594082
CYL_PRES_STAT,0,1594871093.580016
CYL_PRES_STAT,0,1594871093.682683
CYL_PRES_STAT,0,1594871093.6941788
CYL_PRES_STAT,0,1594871093.714741
CYL_PRES_STAT,0,1594871093.747348
CYL_PRES_STAT,0,1594871093.768044
CYL_PRES_STAT,0,1594871093.796685
CYL_PRES_STAT,0,1594871093.8088481
CYL_PRES_STAT,0,1594871093.8292851
CYL_PRES_STAT,0,1594871093.8498838
CYL_PRES_STAT,0,1594871093.862092
CYL_PRES_STAT,0,1594871093.870929
CYL_PRES_STAT,0,1594871093.9523
CYL_PRES_STAT,0,1594871093.973005
CYL_PRES_STAT,0,1594871094.046344
CYL_PRES_STAT,0,1594871094.09587
CYL_PRES_STAT,0,1594871094.1079462
CYL_PRES_STAT,0,1594871094.1487749
CYL_PRES_STAT,0,1594871094.190391
CYL_PRES_STAT,0,1594871094.251307
CYL_PRES_STAT,0,1594871094.386539
CYL_PRES_STAT,0,1594871094.448457
CYL_PRES_STAT,0,1594871094.468724
CYL_PRES_STAT,0,1594871094.4928439
CYL_PRES_STAT,0,1594871094.500997
CYL_PRES_STAT,0,1594871094.509356
CYL_PRES_STAT,0,1594871094.521525
CYL_PRES_STAT,0,1594871094.5299869
CYL_PRES_STAT,0,1594871094.5507991
CYL_PRES_STAT,0,1594871094.615705
CYL_PRES_STAT,0,1594871094.738662
CYL_PRES_STAT,0,1594871094.7594602
CYL_PRES_STAT,0,1594871094.77141
CYL_PRES_STAT,0,1594871094.780086
CYL_PRES_STAT,0,1594871094.7878752
CYL_PRES_STAT,0,1594871094.8000672
CYL_PRES_STAT,0,1594871094.8290288
CYL_PRES_STAT,0,1594871094.841011
CYL_PRES_STAT,0,1594871094.850016
CYL_PRES_STAT,0,1594871094.861442
CYL_PRES_STAT,0,1594871094.869751
CYL_PRES_STAT,0,1594871094.9025302
CYL_PRES_STAT,0,1594871094.923004
CYL_PRES_STAT,0,1594871094.935383
CYL_PRES_STAT,0,1594871095.0498462
CYL_PRES_STAT,0,1594871095.0907774
CYL_PRES_STAT,0,1594871095.099097
CYL_PRES_STAT,0,1594871095.1075962
CYL_PRES_STAT,0,1594871095.1318731
CYL_PRES_STAT,0,1594871095.1522582
CYL_PRES_STAT,0,1594871095.2342012
CYL_PRES_STAT,0,1594871095.2836876
CYL_PRES_STAT,0,1594871095.3571382
CYL_PRES_STAT,0,1594871095.3779671
CYL_PRES_STAT,0,1594871095.398806
CYL_PRES_STAT,0,1594871095.4226289
CYL_PRES_STAT,0,1594871095.4513118
CYL_PRES_STAT,0,1594871095.459604
CYL_PRES_STAT,0,1594871095.4803948
CYL_PRES_STAT,0,1594871095.562293
CYL_PRES_STAT,0,1594871095.6684318
CYL_PRES_STAT,0,1594871095.6768706
CYL_PRES_STAT,0,1594871095.68875
CYL_PRES_STAT,0,1594871095.729815
CYL_PRES_STAT,0,1594871095.7504482
CYL_PRES_STAT,0,1594871095.7589152
CYL_PRES_STAT,0,1594871095.7710118
CYL_PRES_STAT,0,1594871095.881928
CYL_PRES_STAT,0,1594871095.893709
CYL_PRES_STAT,0,1594871095.905869
CYL_PRES_STAT,0,1594871095.9964569
CYL_PRES_STAT,0,1594871096.008407
CYL_PRES_STAT,0,1594871096.0208251
CYL_PRES_STAT,0,1594871096.041091
CYL_PRES_STAT,0,1594871096.0494142
CYL_PRES_STAT,0,1594871096.0580194
CYL_PRES_STAT,0,1594871096.0820131
CYL_PRES_STAT,0,1594871096.164014
CYL_PRES_STAT,0,1594871096.172708
CYL_PRES_STAT,0,1594871096.3076758
CYL_PRES_STAT,0,1594871096.328136
CYL_PRES_STAT,0,1594871096.36947
CYL_PRES_STAT,0,1594871096.3899012
CYL_PRES_STAT,0,1594871096.430783
CYL_PRES_STAT,0,1594871096.442419
CYL_PRES_STAT,0,1594871096.5126786
CYL_PRES_STAT,0,1594871096.5860949
CYL_PRES_STAT,0,1594871096.659654
CYL_PRES_STAT,0,1594871096.671884
CYL_PRES_STAT,0,1594871096.688865
CYL_PRES_STAT,0,1594871096.700619
CYL_PRES_STAT,0,1594871096.7414742
CYL_PRES_STAT,0,1594871096.802904
CYL_PRES_STAT,0,1594871096.85615
CYL_PRES_STAT,0,1594871096.865091
CYL_PRES_STAT,0,1594871096.905906
CYL_PRES_STAT,0,1594871096.917535
CYL_PRES_STAT,0,1594871096.929805
CYL_PRES_STAT,0,1594871096.9503956
CYL_PRES_STAT,0,1594871096.9585366
CYL_PRES_STAT,0,1594871096.967208
CYL_PRES_STAT,0,1594871096.9790132
CYL_PRES_STAT,0,1594871097.011822
CYL_PRES_STAT,0,1594871097.0937114
CYL_PRES_STAT,0,1594871097.1022248
CYL_PRES_STAT,0,1594871097.1105108
CYL_PRES_STAT,0,1594871097.143287
CYL_PRES_STAT,0,1594871097.217025
CYL_PRES_STAT,0,1594871097.225324
CYL_PRES_STAT,0,1594871097.331448
CYL_PRES_STAT,0,1594871097.425405
CYL_PRES_STAT,0,1594871097.442427
CYL_PRES_STAT,0,1594871097.495172
CYL_PRES_STAT,0,1594871097.5483751
CYL_PRES_STAT,0,1594871097.569036
CYL_PRES_STAT,0,1594871097.5892966
CYL_PRES_STAT,0,1594871097.6098099
CYL_PRES_STAT,0,1594871097.618539
CYL_PRES_STAT,0,1594871097.6303089
CYL_PRES_STAT,0,1594871097.65079
CYL_PRES_STAT,0,1594871097.6593
CYL_PRES_STAT,0,1594871097.67125
CYL_PRES_STAT,0,1594871097.732987
CYL_PRES_STAT,0,1594871097.785741
CYL_PRES_STAT,0,1594871097.8560588
CYL_PRES_STAT,0,1594871097.876482
CYL_PRES_STAT,0,1594871097.908739
CYL_PRES_STAT,0,1594871097.96194
CYL_PRES_STAT,0,1594871098.031693
CYL_PRES_STAT,0,1594871098.043925
CYL_PRES_STAT,0,1594871098.0645869
CYL_PRES_STAT,0,1594871098.0732422
CYL_PRES_STAT,0,1594871098.20842
CYL_PRES_STAT,0,1594871098.228253
CYL_PRES_STAT,0,1594871098.24905
CYL_PRES_STAT,0,1594871098.2904
CYL_PRES_STAT,0,1594871098.3723476
CYL_PRES_STAT,0,1594871098.478065
CYL_PRES_STAT,0,1594871098.519008
CYL_PRES_STAT,0,1594871098.560159
CYL_PRES_STAT,0,1594871098.5685928
CYL_PRES_STAT,0,1594871098.58058
CYL_PRES_STAT,0,1594871098.6915169
CYL_PRES_STAT,0,1594871098.7033849
CYL_PRES_STAT,0,1594871098.7120378
CYL_PRES_STAT,0,1594871098.74473
CYL_PRES_STAT,0,1594871098.765599
CYL_PRES_STAT,0,1594871098.8063831
CYL_PRES_STAT,0,1594871098.879585
CYL_PRES_STAT,0,1594871098.900131
CYL_PRES_STAT,0,1594871099.0146182
CYL_PRES_STAT,0,1594871099.199706
CYL_PRES_STAT,0,1594871099.220097
CYL_PRES_STAT,0,1594871099.231731
CYL_PRES_STAT,0,1594871099.3340669
CYL_PRES_STAT,0,1594871099.342628
CYL_PRES_STAT,0,1594871099.38716
CYL_PRES_STAT,0,1594871099.448801
CYL_PRES_STAT,0,1594871099.469192
CYL_PRES_STAT,0,1594871099.481454
CYL_PRES_STAT,0,1594871099.4900439
CYL_PRES_STAT,0,1594871099.49859
CYL_PRES_STAT,0,1594871099.510226
CYL_PRES_STAT,0,1594871099.5307534
CYL_PRES_STAT,0,1594871099.551239
CYL_PRES_STAT,0,1594871099.6125839
CYL_PRES_STAT,0,1594871099.6536498
CYL_PRES_STAT,0,1594871099.7276669
CYL_PRES_STAT,0,1594871099.7602034
CYL_PRES_STAT,0,1594871099.776782
CYL_PRES_STAT,0,1594871099.80102
CYL_PRES_STAT,0,1594871099.841917
CYL_PRES_STAT,0,1594871099.858749
CYL_PRES_STAT,0,1594871099.882865
CYL_PRES_STAT,0,1594871099.891299
CYL_PRES_STAT,0,1594871099.9648108
CYL_PRES_STAT,0,1594871100.0263028
CYL_PRES_STAT,0,1594871100.046821
CYL_PRES_STAT,0,1594871100.0882561
CYL_PRES_STAT,0,1594871100.1086109
CYL_PRES_STAT,0,1594871100.129091
CYL_PRES_STAT,0,1594871100.1409438
CYL_PRES_STAT,0,1594871100.170141
CYL_PRES_STAT,0,1594871100.190685
CYL_PRES_STAT,0,1594871100.251607
CYL_PRES_STAT,0,1594871100.284406
CYL_PRES_STAT,0,1594871100.378527
CYL_PRES_STAT,0,1594871100.387393
CYL_PRES_STAT,0,1594871100.399044
CYL_PRES_STAT,0,1594871100.4197671
CYL_PRES_STAT,0,1594871100.428119
CYL_PRES_STAT,0,1594871100.4690151
CYL_PRES_STAT,0,1594871100.4811141
CYL_PRES_STAT,0,1594871100.554618
CYL_PRES_STAT,0,1594871100.657045
CYL_PRES_STAT,0,1594871100.666069
CYL_PRES_STAT,0,1594871100.68625
CYL_PRES_STAT,0,1594871100.7309911
CYL_PRES_STAT,0,1594871100.75125
CYL_PRES_STAT,0,1594871100.792127
CYL_PRES_STAT,0,1594871100.80092
CYL_PRES_STAT,0,1594871100.81266
CYL_PRES_STAT,0,1594871100.8331811
CYL_PRES_STAT,0,1594871100.8740802
CYL_PRES_STAT,0,1594871100.882388
CYL_PRES_STAT,0,1594871100.9237971
CYL_PRES_STAT,0,1594871100.935484
CYL_PRES_STAT,0,1594871100.9649332
CYL_PRES_STAT,0,1594871100.997503
CYL_PRES_STAT,0,1594871101.017867
CYL_PRES_STAT,0,1594871101.05064
CYL_PRES_STAT,0,1594871101.0584538
CYL_PRES_STAT,0,1594871101.079248
CYL_PRES_STAT,0,1594871101.1819448
CYL_PRES_STAT,0,1594871101.202433
CYL_PRES_STAT,0,1594871101.214241
CYL_PRES_STAT,0,1594871101.296587
CYL_PRES_STAT,0,1594871101.3082669
CYL_PRES_STAT,0,1594871101.32873
CYL_PRES_STAT,0,1594871101.3697634
CYL_PRES_STAT,0,1594871101.3782554
CYL_PRES_STAT,0,1594871101.390198
CYL_PRES_STAT,0,1594871101.39908
CYL_PRES_STAT,0,1594871101.4106948
CYL_PRES_STAT,0,1594871101.4313061
CYL_PRES_STAT,0,1594871101.492567
CYL_PRES_STAT,0,1594871101.53355
CYL_PRES_STAT,0,1594871101.5748641
CYL_PRES_STAT,0,1594871101.627709
CYL_PRES_STAT,0,1594871101.63659
CYL_PRES_STAT,0,1594871101.660426
CYL_PRES_STAT,0,1594871101.680938
CYL_PRES_STAT,0,1594871101.7016141
CYL_PRES_STAT,0,1594871101.709806
CYL_PRES_STAT,0,1594871101.722084
CYL_PRES_STAT,0,1594871101.7628279
CYL_PRES_STAT,0,1594871101.800087
CYL_PRES_STAT,0,1594871101.8120801
CYL_PRES_STAT,0,1594871101.824359
CYL_PRES_STAT,0,1594871101.853322
CYL_PRES_STAT,0,1594871101.9512231
CYL_PRES_STAT,0,1594871101.959632
CYL_PRES_STAT,0,1594871101.967998
CYL_PRES_STAT,0,1594871101.976435
CYL_PRES_STAT,0,1594871101.988214
CYL_PRES_STAT,0,1594871102.0089462
CYL_PRES_STAT,0,1594871102.0295591
CYL_PRES_STAT,0,1594871102.091058
CYL_PRES_STAT,0,1594871102.1437619
CYL_PRES_STAT,0,1594871102.1523352
CYL_PRES_STAT,0,1594871102.2379391
CYL_PRES_STAT,0,1594871102.2667391
CYL_PRES_STAT,0,1594871102.2789211
CYL_PRES_STAT,0,1594871102.287532
CYL_PRES_STAT,0,1594871102.2994518
CYL_PRES_STAT,0,1594871102.320045
CYL_PRES_STAT,0,1594871102.3405054
CYL_PRES_STAT,0,1594871102.3609538
CYL_PRES_STAT,0,1594871102.442847
CYL_PRES_STAT,0,1594871102.455009
CYL_PRES_STAT,0,1594871102.463918
CYL_PRES_STAT,0,1594871102.5368981
CYL_PRES_STAT,0,1594871102.545515
CYL_PRES_STAT,0,1594871102.5575368
CYL_PRES_STAT,0,1594871102.5664759
CYL_PRES_STAT,0,1594871102.586727
CYL_PRES_STAT,0,1594871102.610682
CYL_PRES_STAT,0,1594871102.651695
CYL_PRES_STAT,0,1594871102.672118
CYL_PRES_STAT,0,1594871102.762518
CYL_PRES_STAT,0,1594871102.774526
CYL_PRES_STAT,0,1594871102.857018
CYL_PRES_STAT,0,1594871102.918217
CYL_PRES_STAT,0,1594871102.93893
CYL_PRES_STAT,0,1594871102.950788
CYL_PRES_STAT,0,1594871103.0004199
CYL_PRES_STAT,0,1594871103.012033
CYL_PRES_STAT,0,1594871103.061614
CYL_PRES_STAT,0,1594871103.0821152
CYL_PRES_STAT,0,1594871103.1146019
CYL_PRES_STAT,0,1594871103.155581
CYL_PRES_STAT,0,1594871103.1881962
CYL_PRES_STAT,0,1594871103.1970599
CYL_PRES_STAT,0,1594871103.2087
CYL_PRES_STAT,0,1594871103.2292614
CYL_PRES_STAT,0,1594871103.2585301
CYL_PRES_STAT,0,1594871103.270184
CYL_PRES_STAT,0,1594871103.2906358
CYL_PRES_STAT,0,1594871103.331625
CYL_PRES_STAT,0,1594871103.528233
CYL_PRES_STAT,0,1594871103.548666
CYL_PRES_STAT,0,1594871103.671621
CYL_PRES_STAT,0,1594871103.6921382
CYL_PRES_STAT,0,1594871103.700758
CYL_PRES_STAT,0,1594871103.794707
CYL_PRES_STAT,0,1594871103.827229
CYL_PRES_STAT,0,1594871103.8482401
CYL_PRES_STAT,0,1594871103.8600252
CYL_PRES_STAT,0,1594871103.8686342
CYL_PRES_STAT,0,1594871103.950766
CYL_PRES_STAT,0,1594871104.015697
CYL_PRES_STAT,0,1594871104.023804
CYL_PRES_STAT,0,1594871104.117942
CYL_PRES_STAT,0,1594871104.138531
CYL_PRES_STAT,0,1594871104.1589088
CYL_PRES_STAT,0,1594871104.167275
CYL_PRES_STAT,0,1594871104.179449
CYL_PRES_STAT,0,1594871104.1879294
CYL_PRES_STAT,0,1594871104.1999738
CYL_PRES_STAT,0,1594871104.220366
CYL_PRES_STAT,0,1594871104.343323
CYL_PRES_STAT,0,1594871104.363942
CYL_PRES_STAT,0,1594871104.449739
CYL_PRES_STAT,0,1594871104.47046
CYL_PRES_STAT,0,1594871104.499051
CYL_PRES_STAT,0,1594871104.5075588
CYL_PRES_STAT,0,1594871104.519669
CYL_PRES_STAT,0,1594871104.642302
CYL_PRES_STAT,0,1594871104.6545439
CYL_PRES_STAT,0,1594871104.6632252
CYL_PRES_STAT,0,1594871104.736435
CYL_PRES_STAT,0,1594871104.756974
CYL_PRES_STAT,0,1594871104.798024
CYL_PRES_STAT,0,1594871104.8392231
CYL_PRES_STAT,0,1594871104.8511848
CYL_PRES_STAT,0,1594871104.8597682
CYL_PRES_STAT,0,1594871105.0887609
CYL_PRES_STAT,0,1594871105.0974278
CYL_PRES_STAT,0,1594871105.150311
CYL_PRES_STAT,0,1594871105.170686
CYL_PRES_STAT,0,1594871105.191118
CYL_PRES_STAT,0,1594871105.211585
CYL_PRES_STAT,0,1594871105.2731378
CYL_PRES_STAT,0,1594871105.3555288
CYL_PRES_STAT,0,1594871105.39629
CYL_PRES_STAT,0,1594871105.416851
CYL_PRES_STAT,0,1594871105.4818208
CYL_PRES_STAT,0,1594871105.4990046
CYL_PRES_STAT,0,1594871105.563882
CYL_PRES_STAT,0,1594871105.6048439
CYL_PRES_STAT,0,1594871105.686944
CYL_PRES_STAT,0,1594871105.760365
CYL_PRES_STAT,0,1594871105.9364886
CYL_PRES_STAT,0,1594871105.965203
CYL_PRES_STAT,0,1594871105.985755
CYL_PRES_STAT,0,1594871106.006579
CYL_PRES_STAT,0,1594871106.018357
CYL_PRES_STAT,0,1594871106.0390122
CYL_PRES_STAT,0,1594871106.05955
CYL_PRES_STAT,0,1594871106.141258
CYL_PRES_STAT,0,1594871106.2113109
CYL_PRES_STAT,0,1594871106.3379
CYL_PRES_STAT,0,1594871106.3708546
CYL_PRES_STAT,0,1594871106.3911018
CYL_PRES_STAT,0,1594871106.4116788
CYL_PRES_STAT,0,1594871106.4525409
CYL_PRES_STAT,0,1594871106.637184
CYL_PRES_STAT,0,1594871106.657867
CYL_PRES_STAT,0,1594871106.669609
CYL_PRES_STAT,0,1594871106.6818721
CYL_PRES_STAT,0,1594871106.702424
CYL_PRES_STAT,0,1594871106.7515578
CYL_PRES_STAT,0,1594871106.760363
CYL_PRES_STAT,0,1594871106.7925189
CYL_PRES_STAT,0,1594871106.822144
CYL_PRES_STAT,0,1594871106.833497
CYL_PRES_STAT,0,1594871106.968826
CYL_PRES_STAT,0,1594871107.009726
CYL_PRES_STAT,0,1594871107.0303369
CYL_PRES_STAT,0,1594871107.153158
CYL_PRES_STAT,0,1594871107.1616268
CYL_PRES_STAT,0,1594871107.2799866
CYL_PRES_STAT,0,1594871107.2968972
CYL_PRES_STAT,0,1594871107.3208694
CYL_PRES_STAT,0,1594871107.329214
CYL_PRES_STAT,0,1594871107.3412561
CYL_PRES_STAT,0,1594871107.44366
CYL_PRES_STAT,0,1594871107.4643831
CYL_PRES_STAT,0,1594871107.5666716
CYL_PRES_STAT,0,1594871107.5788949
CYL_PRES_STAT,0,1594871107.587363
CYL_PRES_STAT,0,1594871107.6076539
CYL_PRES_STAT,0,1594871107.648889
CYL_PRES_STAT,0,1594871107.660842
CYL_PRES_STAT,0,1594871107.6697938
CYL_PRES_STAT,0,1594871107.6900866
CYL_PRES_STAT,0,1594871107.772022
CYL_PRES_STAT,0,1594871107.906949
CYL_PRES_STAT,0,1594871107.91908
CYL_PRES_STAT,0,1594871107.9394119
CYL_PRES_STAT,0,1594871107.9599369
CYL_PRES_STAT,0,1594871107.980421
CYL_PRES_STAT,0,1594871107.9925141
CYL_PRES_STAT,0,1594871108.0009642
CYL_PRES_STAT,0,1594871108.0827806
CYL_PRES_STAT,0,1594871108.091467
CYL_PRES_STAT,0,1594871108.1032882
CYL_PRES_STAT,0,1594871108.14442
CYL_PRES_STAT,0,1594871108.176973
CYL_PRES_STAT,0,1594871108.239027
CYL_PRES_STAT,0,1594871108.2915342
CYL_PRES_STAT,0,1594871108.312054
CYL_PRES_STAT,0,1594871108.3204598
CYL_PRES_STAT,0,1594871108.394031
CYL_PRES_STAT,0,1594871108.402576
CYL_PRES_STAT,0,1594871108.46425
CYL_PRES_STAT,0,1594871108.4964721
CYL_PRES_STAT,0,1594871108.5168939
CYL_PRES_STAT,0,1594871108.5581188
CYL_PRES_STAT,0,1594871108.570129
CYL_PRES_STAT,0,1594871108.578711
CYL_PRES_STAT,0,1594871108.6197028
CYL_PRES_STAT,0,1594871108.6402302
CYL_PRES_STAT,0,1594871108.7017062
CYL_PRES_STAT,0,1594871108.754369
CYL_PRES_STAT,0,1594871108.766626
CYL_PRES_STAT,0,1594871108.787093
CYL_PRES_STAT,0,1594871108.807621
CYL_PRES_STAT,0,1594871108.8165162
CYL_PRES_STAT,0,1594871108.848737
CYL_PRES_STAT,0,1594871108.869399
CYL_PRES_STAT,0,1594871108.910114
CYL_PRES_STAT,0,1594871108.930615
CYL_PRES_STAT,0,1594871108.95104
CYL_PRES_STAT,0,1594871109.053466
CYL_PRES_STAT,0,1594871109.065665
CYL_PRES_STAT,0,1594871109.118885
CYL_PRES_STAT,0,1594871109.1393368
CYL_PRES_STAT,0,1594871109.14766
CYL_PRES_STAT,0,1594871109.1564536
CYL_PRES_STAT,0,1594871109.19734
CYL_PRES_STAT,0,1594871109.221418
CYL_PRES_STAT,0,1594871109.2706492
CYL_PRES_STAT,0,1594871109.3236866
CYL_PRES_STAT,0,1594871109.3851562
CYL_PRES_STAT,0,1594871109.41461
CYL_PRES_STAT,0,1594871109.467654
CYL_PRES_STAT,0,1594871109.4796062
CYL_PRES_STAT,0,1594871109.491543
CYL_PRES_STAT,0,1594871109.4960792
CYL_PRES_STAT,0,1594871109.5080671
CYL_PRES_STAT,0,1594871109.528906
CYL_PRES_STAT,0,1594871109.5699651
CYL_PRES_STAT,0,1594871109.6350908
CYL_PRES_STAT,0,1594871109.655456
CYL_PRES_STAT,0,1594871109.758141
CYL_PRES_STAT,0,1594871109.778378
CYL_PRES_STAT,0,1594871109.7989278
CYL_PRES_STAT,0,1594871109.839827
CYL_PRES_STAT,0,1594871109.860357
CYL_PRES_STAT,0,1594871109.9305348
CYL_PRES_STAT,0,1594871109.9632902
CYL_PRES_STAT,0,1594871110.110115
CYL_PRES_STAT,0,1594871110.118376
CYL_PRES_STAT,0,1594871110.1270242
CYL_PRES_STAT,0,1594871110.139154
CYL_PRES_STAT,0,1594871110.14756
CYL_PRES_STAT,0,1594871110.171517
CYL_PRES_STAT,0,1594871110.261707
CYL_PRES_STAT,0,1594871110.2822552
CYL_PRES_STAT,0,1594871110.294374
CYL_PRES_STAT,0,1594871110.3439274
CYL_PRES_STAT,0,1594871110.4377651
CYL_PRES_STAT,0,1594871110.4707024
CYL_PRES_STAT,0,1594871110.613983
CYL_PRES_STAT,0,1594871110.6467662
CYL_PRES_STAT,0,1594871110.728551
CYL_PRES_STAT,0,1594871110.749056
CYL_PRES_STAT,0,1594871110.769789
CYL_PRES_STAT,0,1594871110.79009
CYL_PRES_STAT,0,1594871110.8023329
CYL_PRES_STAT,0,1594871110.810517
CYL_PRES_STAT,0,1594871110.819426
CYL_PRES_STAT,0,1594871110.831257
CYL_PRES_STAT,0,1594871110.8924801
CYL_PRES_STAT,0,1594871110.925108
CYL_PRES_STAT,0,1594871110.9455738
CYL_PRES_STAT,0,1594871110.9541311
CYL_PRES_STAT,0,1594871110.9662
CYL_PRES_STAT,0,1594871110.998836
CYL_PRES_STAT,0,1594871111.019444
CYL_PRES_STAT,0,1594871111.027523
CYL_PRES_STAT,0,1594871111.03614
CYL_PRES_STAT,0,1594871111.04816
CYL_PRES_STAT,0,1594871111.06029
CYL_PRES_STAT,0,1594871111.1218
CYL_PRES_STAT,0,1594871111.1301632
CYL_PRES_STAT,0,1594871111.232775
CYL_PRES_STAT,0,1594871111.244668
CYL_PRES_STAT,0,1594871111.265151
CYL_PRES_STAT,0,1594871111.3269231
CYL_PRES_STAT,0,1594871111.3676002
CYL_PRES_STAT,0,1594871111.3798091
CYL_PRES_STAT,0,1594871111.388253
CYL_PRES_STAT,0,1594871111.40885
CYL_PRES_STAT,0,1594871111.4496572
CYL_PRES_STAT,0,1594871111.482166
CYL_PRES_STAT,0,1594871111.4908106
CYL_PRES_STAT,0,1594871111.502788
CYL_PRES_STAT,0,1594871111.531745
CYL_PRES_STAT,0,1594871111.5437212
CYL_PRES_STAT,0,1594871111.605182
CYL_PRES_STAT,0,1594871111.637898
CYL_PRES_STAT,0,1594871111.658373
CYL_PRES_STAT,0,1594871111.679271
CYL_PRES_STAT,0,1594871111.687115
CYL_PRES_STAT,0,1594871111.6993544
CYL_PRES_STAT,0,1594871111.7200089
CYL_PRES_STAT,0,1594871111.781323
CYL_PRES_STAT,0,1594871111.801717
CYL_PRES_STAT,0,1594871111.843164
CYL_PRES_STAT,0,1594871111.9492428
CYL_PRES_STAT,0,1594871111.9574358
CYL_PRES_STAT,0,1594871111.9695704
CYL_PRES_STAT,0,1594871112.0105002
CYL_PRES_STAT,0,1594871112.0311868
CYL_PRES_STAT,0,1594871112.051608
CYL_PRES_STAT,0,1594871112.0804422
CYL_PRES_STAT,0,1594871112.092448
CYL_PRES_STAT,0,1594871112.162148
CYL_PRES_STAT,0,1594871112.1744034
CYL_PRES_STAT,0,1594871112.2772589
CYL_PRES_STAT,0,1594871112.289171
CYL_PRES_STAT,0,1594871112.305919
CYL_PRES_STAT,0,1594871112.318012
CYL_PRES_STAT,0,1594871112.4651651
CYL_PRES_STAT,0,1594871112.555325
CYL_PRES_STAT,0,1594871112.588196
CYL_PRES_STAT,0,1594871112.6085398
CYL_PRES_STAT,0,1594871112.649558
CYL_PRES_STAT,0,1594871112.670187
CYL_PRES_STAT,0,1594871112.719708
CYL_PRES_STAT,0,1594871112.731491
CYL_PRES_STAT,0,1594871112.7929614
CYL_PRES_STAT,0,1594871112.937118
CYL_PRES_STAT,0,1594871112.9486706
CYL_PRES_STAT,0,1594871112.981269
CYL_PRES_STAT,0,1594871113.001942
CYL_PRES_STAT,0,1594871113.051
CYL_PRES_STAT,0,1594871113.083817
CYL_PRES_STAT,0,1594871113.1041
CYL_PRES_STAT,0,1594871113.1128721
CYL_PRES_STAT,0,1594871113.145082
CYL_PRES_STAT,0,1594871113.1982908
CYL_PRES_STAT,0,1594871113.2066731
CYL_PRES_STAT,0,1594871113.2274408
CYL_PRES_STAT,0,1594871113.288921
CYL_PRES_STAT,0,1594871113.309429
CYL_PRES_STAT,0,1594871113.415456
CYL_PRES_STAT,0,1594871113.505557
CYL_PRES_STAT,0,1594871113.579322
CYL_PRES_STAT,0,1594871113.6000268
CYL_PRES_STAT,0,1594871113.611991
CYL_PRES_STAT,0,1594871113.6202788
CYL_PRES_STAT,0,1594871113.7020981
CYL_PRES_STAT,0,1594871113.734827
CYL_PRES_STAT,0,1594871113.743156
CYL_PRES_STAT,0,1594871113.829005
CYL_PRES_STAT,0,1594871113.849626
CYL_PRES_STAT,0,1594871113.870124
CYL_PRES_STAT,0,1594871113.886799
CYL_PRES_STAT,0,1594871113.931711
CYL_PRES_STAT,0,1594871114.0133789
CYL_PRES_STAT,0,1594871114.0221689
CYL_PRES_STAT,0,1594871114.034077
CYL_PRES_STAT,0,1594871114.189527
CYL_PRES_STAT,0,1594871114.19793
CYL_PRES_STAT,0,1594871114.218749
CYL_PRES_STAT,0,1594871114.242805
CYL_PRES_STAT,0,1594871114.280318
CYL_PRES_STAT,0,1594871114.341766
CYL_PRES_STAT,0,1594871114.361974
CYL_PRES_STAT,0,1594871114.468149
CYL_PRES_STAT,0,1594871114.488707
CYL_PRES_STAT,0,1594871114.509127
CYL_PRES_STAT,0,1594871114.521425
CYL_PRES_STAT,0,1594871114.6934109
CYL_PRES_STAT,0,1594871114.726089
CYL_PRES_STAT,0,1594871114.767191
CYL_PRES_STAT,0,1594871114.77936
CYL_PRES_STAT,0,1594871114.8370302
CYL_PRES_STAT,0,1594871114.84911
CYL_PRES_STAT,0,1594871114.861161
CYL_PRES_STAT,0,1594871114.881727
CYL_PRES_STAT,0,1594871114.963663
CYL_PRES_STAT,0,1594871114.9840991
CYL_PRES_STAT,0,1594871114.9923642
CYL_PRES_STAT,0,1594871115.099025
CYL_PRES_STAT,0,1594871115.12754
CYL_PRES_STAT,0,1594871115.189048
CYL_PRES_STAT,0,1594871115.201257
CYL_PRES_STAT,0,1594871115.3242211
CYL_PRES_STAT,0,1594871115.336339
CYL_PRES_STAT,0,1594871115.344592
CYL_PRES_STAT,0,1594871115.3857539
CYL_PRES_STAT,0,1594871115.397858
CYL_PRES_STAT,0,1594871115.418299
CYL_PRES_STAT,0,1594871115.4798038
CYL_PRES_STAT,0,1594871115.5002859
CYL_PRES_STAT,0,1594871115.512365
CYL_PRES_STAT,0,1594871115.602562
CYL_PRES_STAT,0,1594871115.684819
CYL_PRES_STAT,0,1594871115.729675
CYL_PRES_STAT,0,1594871115.750035
CYL_PRES_STAT,0,1594871115.75858
CYL_PRES_STAT,0,1594871115.7910972
CYL_PRES_STAT,0,1594871115.811459
CYL_PRES_STAT,0,1594871115.8523679
CYL_PRES_STAT,0,1594871115.9139452
CYL_PRES_STAT,0,1594871115.963559
CYL_PRES_STAT,0,1594871115.9840078
CYL_PRES_STAT,0,1594871116.0043678
CYL_PRES_STAT,0,1594871116.024856
CYL_PRES_STAT,0,1594871116.0371132
CYL_PRES_STAT,0,1594871116.045373
CYL_PRES_STAT,0,1594871116.0572991
CYL_PRES_STAT,0,1594871116.0781472
CYL_PRES_STAT,0,1594871116.089984
CYL_PRES_STAT,0,1594871116.110385
CYL_PRES_STAT,0,1594871116.1189172
CYL_PRES_STAT,0,1594871116.139698
CYL_PRES_STAT,0,1594871116.1923351
CYL_PRES_STAT,0,1594871116.2419178
CYL_PRES_STAT,0,1594871116.2865431
CYL_PRES_STAT,0,1594871116.3275056
CYL_PRES_STAT,0,1594871116.3479474
CYL_PRES_STAT,0,1594871116.368435
CYL_PRES_STAT,0,1594871116.389366
CYL_PRES_STAT,0,1594871116.409981
CYL_PRES_STAT,0,1594871116.430131
CYL_PRES_STAT,0,1594871116.450588
CYL_PRES_STAT,0,1594871116.470887
CYL_PRES_STAT,0,1594871116.564969
CYL_PRES_STAT,0,1594871116.594124
CYL_PRES_STAT,0,1594871116.63885
CYL_PRES_STAT,0,1594871116.659345
CYL_PRES_STAT,0,1594871116.676202
CYL_PRES_STAT,0,1594871116.7003362
CYL_PRES_STAT,0,1594871116.749526
CYL_PRES_STAT,0,1594871116.761558
CYL_PRES_STAT,0,1594871116.778384
CYL_PRES_STAT,0,1594871116.8435
CYL_PRES_STAT,0,1594871116.945993
CYL_PRES_STAT,0,1594871116.966593
CYL_PRES_STAT,0,1594871117.007777
CYL_PRES_STAT,0,1594871117.028325
CYL_PRES_STAT,0,1594871117.052625
CYL_PRES_STAT,0,1594871117.068928
CYL_PRES_STAT,0,1594871117.0811331
CYL_PRES_STAT,0,1594871117.163063
CYL_PRES_STAT,0,1594871117.1837919
CYL_PRES_STAT,0,1594871117.192252
CYL_PRES_STAT,0,1594871117.277777
CYL_PRES_STAT,0,1594871117.298274
CYL_PRES_STAT,0,1594871117.3311172
CYL_PRES_STAT,0,1594871117.339232
CYL_PRES_STAT,0,1594871117.348194
CYL_PRES_STAT,0,1594871117.400728
CYL_PRES_STAT,0,1594871117.429871
CYL_PRES_STAT,0,1594871117.4501789
CYL_PRES_STAT,0,1594871117.4622118
CYL_PRES_STAT,0,1594871117.577055
CYL_PRES_STAT,0,1594871117.6505752
CYL_PRES_STAT,0,1594871117.6587038
CYL_PRES_STAT,0,1594871117.6709368
CYL_PRES_STAT,0,1594871117.691361
CYL_PRES_STAT,0,1594871117.7324328
CYL_PRES_STAT,0,1594871117.781653
CYL_PRES_STAT,0,1594871117.7937279
CYL_PRES_STAT,0,1594871117.8144588
CYL_PRES_STAT,0,1594871117.908618
CYL_PRES_STAT,0,1594871117.916747
CYL_PRES_STAT,0,1594871117.93748
CYL_PRES_STAT,0,1594871117.961675
CYL_PRES_STAT,0,1594871117.969903
CYL_PRES_STAT,0,1594871117.978146
CYL_PRES_STAT,0,1594871117.99039
CYL_PRES_STAT,0,1594871117.9994626
CYL_PRES_STAT,0,1594871118.0723572
CYL_PRES_STAT,0,1594871118.105075
CYL_PRES_STAT,0,1594871118.2076318
CYL_PRES_STAT,0,1594871118.228339
CYL_PRES_STAT,0,1594871118.248397
CYL_PRES_STAT,0,1594871118.28939
CYL_PRES_STAT,0,1594871118.310057
CYL_PRES_STAT,0,1594871118.3222
CYL_PRES_STAT,0,1594871118.4123454
CYL_PRES_STAT,0,1594871118.4332
CYL_PRES_STAT,0,1594871118.5150928
CYL_PRES_STAT,0,1594871118.526967
CYL_PRES_STAT,0,1594871118.5355618
CYL_PRES_STAT,0,1594871118.556139
CYL_PRES_STAT,0,1594871118.5679832
CYL_PRES_STAT,0,1594871118.58041
CYL_PRES_STAT,0,1594871118.6007738
CYL_PRES_STAT,0,1594871118.60893
CYL_PRES_STAT,0,1594871118.6210716
CYL_PRES_STAT,0,1594871118.64165
CYL_PRES_STAT,0,1594871118.7851222
CYL_PRES_STAT,0,1594871118.834552
CYL_PRES_STAT,0,1594871118.846447
CYL_PRES_STAT,0,1594871118.867381
CYL_PRES_STAT,0,1594871118.9203124
CYL_PRES_STAT,0,1594871118.928753
CYL_PRES_STAT,0,1594871119.05536
CYL_PRES_STAT,0,1594871119.137461
CYL_PRES_STAT,0,1594871119.1782901
CYL_PRES_STAT,0,1594871119.1994374
CYL_PRES_STAT,0,1594871119.207241
CYL_PRES_STAT,0,1594871119.219202
CYL_PRES_STAT,0,1594871119.227736
CYL_PRES_STAT,0,1594871119.239792
CYL_PRES_STAT,0,1594871119.2601652
CYL_PRES_STAT,0,1594871119.2807539
CYL_PRES_STAT,0,1594871119.3098779
CYL_PRES_STAT,0,1594871119.342114
CYL_PRES_STAT,0,1594871119.3626199
CYL_PRES_STAT,0,1594871119.4158046
CYL_PRES_STAT,0,1594871119.477225
CYL_PRES_STAT,0,1594871119.485856
CYL_PRES_STAT,0,1594871119.509966
CYL_PRES_STAT,0,1594871119.7557821
CYL_PRES_STAT,0,1594871119.858472
CYL_PRES_STAT,0,1594871119.8827221
CYL_PRES_STAT,0,1594871119.890878
CYL_PRES_STAT,0,1594871119.9727411
CYL_PRES_STAT,0,1594871119.981555
CYL_PRES_STAT,0,1594871120.0019898
CYL_PRES_STAT,0,1594871120.1079922
CYL_PRES_STAT,0,1594871120.140694
CYL_PRES_STAT,0,1594871120.157544
CYL_PRES_STAT,0,1594871120.395159
CYL_PRES_STAT,0,1594871120.4159448
CYL_PRES_STAT,0,1594871120.4602492
CYL_PRES_STAT,0,1594871120.4807189
CYL_PRES_STAT,0,1594871120.488884
CYL_PRES_STAT,0,1594871120.4975886
CYL_PRES_STAT,0,1594871120.603592
CYL_PRES_STAT,0,1594871120.72679
CYL_PRES_STAT,0,1594871120.779604
CYL_PRES_STAT,0,1594871120.7878466
CYL_PRES_STAT,0,1594871120.7966108
CYL_PRES_STAT,0,1594871120.820561
CYL_PRES_STAT,0,1594871120.829151
CYL_PRES_STAT,0,1594871120.849779
CYL_PRES_STAT,0,1594871120.902616
CYL_PRES_STAT,0,1594871120.911115
CYL_PRES_STAT,0,1594871120.935453
CYL_PRES_STAT,0,1594871121.017523
CYL_PRES_STAT,0,1594871121.0255039
CYL_PRES_STAT,0,1594871121.0379431
CYL_PRES_STAT,0,1594871121.058152
CYL_PRES_STAT,0,1594871121.066397
CYL_PRES_STAT,0,1594871121.1195679
CYL_PRES_STAT,0,1594871121.12817
CYL_PRES_STAT,0,1594871121.1401126
CYL_PRES_STAT,0,1594871121.2221448
CYL_PRES_STAT,0,1594871121.242639
CYL_PRES_STAT,0,1594871121.357188
CYL_PRES_STAT,0,1594871121.3775911
CYL_PRES_STAT,0,1594871121.386581
CYL_PRES_STAT,0,1594871121.4104118
CYL_PRES_STAT,0,1594871121.4188402
CYL_PRES_STAT,0,1594871121.431145
CYL_PRES_STAT,0,1594871121.4514089
CYL_PRES_STAT,0,1594871121.521042
CYL_PRES_STAT,0,1594871121.541781
CYL_PRES_STAT,0,1594871121.5539682
CYL_PRES_STAT,0,1594871121.574251
CYL_PRES_STAT,0,1594871121.603775
CYL_PRES_STAT,0,1594871121.6561852
CYL_PRES_STAT,0,1594871121.6767306
CYL_PRES_STAT,0,1594871121.697907
CYL_PRES_STAT,0,1594871121.7095132
CYL_PRES_STAT,0,1594871121.758991
CYL_PRES_STAT,0,1594871121.791353
CYL_PRES_STAT,0,1594871121.873308
CYL_PRES_STAT,0,1594871122.008566
CYL_PRES_STAT,0,1594871122.0290651
CYL_PRES_STAT,0,1594871122.037729
CYL_PRES_STAT,0,1594871122.2339706
CYL_PRES_STAT,0,1594871122.245891
CYL_PRES_STAT,0,1594871122.2786582
CYL_PRES_STAT,0,1594871122.2992482
CYL_PRES_STAT,0,1594871122.316895
CYL_PRES_STAT,0,1594871122.3401194
CYL_PRES_STAT,0,1594871122.389329
CYL_PRES_STAT,0,1594871122.4017131
CYL_PRES_STAT,0,1594871122.4920251
CYL_PRES_STAT,0,1594871122.5654788
CYL_PRES_STAT,0,1594871122.606291
CYL_PRES_STAT,0,1594871122.6480386
CYL_PRES_STAT,0,1594871122.6684859
CYL_PRES_STAT,0,1594871122.6886609
CYL_PRES_STAT,0,1594871122.700825
CYL_PRES_STAT,0,1594871122.7092512
CYL_PRES_STAT,0,1594871122.729764
CYL_PRES_STAT,0,1594871122.7619948
CYL_PRES_STAT,0,1594871122.7911308
CYL_PRES_STAT,0,1594871122.8561976
CYL_PRES_STAT,0,1594871122.89725
CYL_PRES_STAT,0,1594871122.9177382
CYL_PRES_STAT,0,1594871122.9383402
CYL_PRES_STAT,0,1594871122.950582
CYL_PRES_STAT,0,1594871122.95906
CYL_PRES_STAT,0,1594871122.979128
CYL_PRES_STAT,0,1594871122.999668
CYL_PRES_STAT,0,1594871123.0406024
CYL_PRES_STAT,0,1594871123.102578
CYL_PRES_STAT,0,1594871123.1349142
CYL_PRES_STAT,0,1594871123.1431289
CYL_PRES_STAT,0,1594871123.2289028
CYL_PRES_STAT,0,1594871123.245826
CYL_PRES_STAT,0,1594871123.290339
CYL_PRES_STAT,0,1594871123.310789
CYL_PRES_STAT,0,1594871123.3313394
CYL_PRES_STAT,0,1594871123.368642
CYL_PRES_STAT,0,1594871123.433873
CYL_PRES_STAT,0,1594871123.442045
CYL_PRES_STAT,0,1594871123.504141
CYL_PRES_STAT,0,1594871123.536215
CYL_PRES_STAT,0,1594871123.557034
CYL_PRES_STAT,0,1594871123.57741
CYL_PRES_STAT,0,1594871123.601804
CYL_PRES_STAT,0,1594871123.610191
CYL_PRES_STAT,0,1594871123.61818
CYL_PRES_STAT,0,1594871123.671377
CYL_PRES_STAT,0,1594871123.680228
CYL_PRES_STAT,0,1594871123.7211711
CYL_PRES_STAT,0,1594871123.741602
CYL_PRES_STAT,0,1594871123.8474991
CYL_PRES_STAT,0,1594871123.8561778
CYL_PRES_STAT,0,1594871123.868342
CYL_PRES_STAT,0,1594871123.8884099
CYL_PRES_STAT,0,1594871123.9295301
CYL_PRES_STAT,0,1594871123.9380212
CYL_PRES_STAT,0,1594871123.9499464
CYL_PRES_STAT,0,1594871124.0818172
CYL_PRES_STAT,0,1594871124.175599
CYL_PRES_STAT,0,1594871124.187598
CYL_PRES_STAT,0,1594871124.195909
CYL_PRES_STAT,0,1594871124.2167141
CYL_PRES_STAT,0,1594871124.228312
CYL_PRES_STAT,0,1594871124.248848
CYL_PRES_STAT,0,1594871124.2609978
CYL_PRES_STAT,0,1594871124.278023
CYL_PRES_STAT,0,1594871124.36352
CYL_PRES_STAT,0,1594871124.466063
CYL_PRES_STAT,0,1594871124.5072038
CYL_PRES_STAT,0,1594871124.5192661
CYL_PRES_STAT,0,1594871124.527284
CYL_PRES_STAT,0,1594871124.5685508
CYL_PRES_STAT,0,1594871124.5891552
CYL_PRES_STAT,0,1594871124.6010492
CYL_PRES_STAT,0,1594871124.621512
CYL_PRES_STAT,0,1594871124.777076
CYL_PRES_STAT,0,1594871124.7975948
CYL_PRES_STAT,0,1594871124.818328
CYL_PRES_STAT,0,1594871124.83869
CYL_PRES_STAT,0,1594871124.851131
CYL_PRES_STAT,0,1594871124.859555
CYL_PRES_STAT,0,1594871124.879666
CYL_PRES_STAT,0,1594871124.900052
CYL_PRES_STAT,0,1594871125.023293
CYL_PRES_STAT,0,1594871125.0438132
CYL_PRES_STAT,0,1594871125.055649
CYL_PRES_STAT,0,1594871125.0972328
CYL_PRES_STAT,0,1594871125.1090071
CYL_PRES_STAT,0,1594871125.117232
CYL_PRES_STAT,0,1594871125.1257322
CYL_PRES_STAT,0,1594871125.1499908
CYL_PRES_STAT,0,1594871125.158077
CYL_PRES_STAT,0,1594871125.166662
CYL_PRES_STAT,0,1594871125.211274
CYL_PRES_STAT,0,1594871125.231693
CYL_PRES_STAT,0,1594871125.4161751
CYL_PRES_STAT,0,1594871125.428267
CYL_PRES_STAT,0,1594871125.436639
CYL_PRES_STAT,0,1594871125.457568
CYL_PRES_STAT,0,1594871125.4778
CYL_PRES_STAT,0,1594871125.498699
CYL_PRES_STAT,0,1594871125.522607
CYL_PRES_STAT,0,1594871125.5514612
CYL_PRES_STAT,0,1594871125.571697
CYL_PRES_STAT,0,1594871125.601026
CYL_PRES_STAT,0,1594871125.674208
CYL_PRES_STAT,0,1594871125.748092
CYL_PRES_STAT,0,1594871125.760117
CYL_PRES_STAT,0,1594871125.768789
CYL_PRES_STAT,0,1594871125.7768161
CYL_PRES_STAT,0,1594871125.78877
CYL_PRES_STAT,0,1594871125.8093631
CYL_PRES_STAT,0,1594871125.850292
CYL_PRES_STAT,0,1594871125.870733
CYL_PRES_STAT,0,1594871125.899789
CYL_PRES_STAT,0,1594871125.9117222
CYL_PRES_STAT,0,1594871125.9321759
CYL_PRES_STAT,0,1594871125.9854279
CYL_PRES_STAT,0,1594871126.03499
CYL_PRES_STAT,0,1594871126.055767
CYL_PRES_STAT,0,1594871126.100236
CYL_PRES_STAT,0,1594871126.120634
CYL_PRES_STAT,0,1594871126.1410546
CYL_PRES_STAT,0,1594871126.18194
CYL_PRES_STAT,0,1594871126.2107468
CYL_PRES_STAT,0,1594871126.243415
CYL_PRES_STAT,0,1594871126.2517369
CYL_PRES_STAT,0,1594871126.2721126
CYL_PRES_STAT,0,1594871126.366748
CYL_PRES_STAT,0,1594871126.387167
CYL_PRES_STAT,0,1594871126.4113061
CYL_PRES_STAT,0,1594871126.4278662
CYL_PRES_STAT,0,1594871126.4488
CYL_PRES_STAT,0,1594871126.4899046
CYL_PRES_STAT,0,1594871126.5220132
CYL_PRES_STAT,0,1594871126.530634
CYL_PRES_STAT,0,1594871126.5425394
CYL_PRES_STAT,0,1594871126.551
CYL_PRES_STAT,0,1594871126.5715706
CYL_PRES_STAT,0,1594871126.657133
CYL_PRES_STAT,0,1594871126.665688
CYL_PRES_STAT,0,1594871126.751302
CYL_PRES_STAT,0,1594871126.882466
CYL_PRES_STAT,0,1594871126.90342
CYL_PRES_STAT,0,1594871126.9972966
CYL_PRES_STAT,0,1594871127.0094366
CYL_PRES_STAT,0,1594871127.029966
CYL_PRES_STAT,0,1594871127.038193
CYL_PRES_STAT,0,1594871127.050308
CYL_PRES_STAT,0,1594871127.0709498
CYL_PRES_STAT,0,1594871127.091228
CYL_PRES_STAT,0,1594871127.1732614
CYL_PRES_STAT,0,1594871127.3002589
CYL_PRES_STAT,0,1594871127.304814
CYL_PRES_STAT,0,1594871127.316895
CYL_PRES_STAT,0,1594871127.329035
CYL_PRES_STAT,0,1594871127.337087
CYL_PRES_STAT,0,1594871127.410738
CYL_PRES_STAT,0,1594871127.6483119
CYL_PRES_STAT,0,1594871127.6688411
CYL_PRES_STAT,0,1594871127.689593
CYL_PRES_STAT,0,1594871127.71011
CYL_PRES_STAT,0,1594871127.7594712
CYL_PRES_STAT,0,1594871127.8122182
CYL_PRES_STAT,0,1594871127.832718
CYL_PRES_STAT,0,1594871127.853225
CYL_PRES_STAT,0,1594871127.918678
CYL_PRES_STAT,0,1594871127.9391491
CYL_PRES_STAT,0,1594871127.967721
CYL_PRES_STAT,0,1594871127.976387
CYL_PRES_STAT,0,1594871128.020993
CYL_PRES_STAT,0,1594871128.041478
CYL_PRES_STAT,0,1594871128.123521
CYL_PRES_STAT,0,1594871128.214043
CYL_PRES_STAT,0,1594871128.2382169
CYL_PRES_STAT,0,1594871128.246958
CYL_PRES_STAT,0,1594871128.2875688
CYL_PRES_STAT,0,1594871128.308165
CYL_PRES_STAT,0,1594871128.320138
CYL_PRES_STAT,0,1594871128.349036
CYL_PRES_STAT,0,1594871128.431438
CYL_PRES_STAT,0,1594871128.451436
CYL_PRES_STAT,0,1594871128.557684
CYL_PRES_STAT,0,1594871128.566185
CYL_PRES_STAT,0,1594871128.627521
CYL_PRES_STAT,0,1594871128.63958
CYL_PRES_STAT,0,1594871128.660002
CYL_PRES_STAT,0,1594871128.6806898
CYL_PRES_STAT,0,1594871128.7419991
CYL_PRES_STAT,0,1594871128.762877
CYL_PRES_STAT,0,1594871128.8688982
CYL_PRES_STAT,0,1594871128.885692
CYL_PRES_STAT,0,1594871128.897705
CYL_PRES_STAT,0,1594871128.918005
CYL_PRES_STAT,0,1594871128.926734
CYL_PRES_STAT,0,1594871128.991682
CYL_PRES_STAT,0,1594871129.012184
CYL_PRES_STAT,0,1594871129.041234
CYL_PRES_STAT,0,1594871129.05315
CYL_PRES_STAT,0,1594871129.0620198
CYL_PRES_STAT,0,1594871129.102997
CYL_PRES_STAT,0,1594871129.114604
CYL_PRES_STAT,0,1594871129.135226
CYL_PRES_STAT,0,1594871129.205267
CYL_PRES_STAT,0,1594871129.221146
CYL_PRES_STAT,0,1594871129.241478
CYL_PRES_STAT,0,1594871129.2619991
CYL_PRES_STAT,0,1594871129.299378
CYL_PRES_STAT,0,1594871129.3644161
CYL_PRES_STAT,0,1594871129.467032
CYL_PRES_STAT,0,1594871129.487656
CYL_PRES_STAT,0,1594871129.5082679
CYL_PRES_STAT,0,1594871129.528322
CYL_PRES_STAT,0,1594871129.549119
CYL_PRES_STAT,0,1594871129.561049
CYL_PRES_STAT,0,1594871129.5697858
CYL_PRES_STAT,0,1594871129.630941
CYL_PRES_STAT,0,1594871129.642967
CYL_PRES_STAT,0,1594871129.6720982
CYL_PRES_STAT,0,1594871129.8069868
CYL_PRES_STAT,0,1594871129.8190331
CYL_PRES_STAT,0,1594871129.839646
CYL_PRES_STAT,0,1594871129.8600929
CYL_PRES_STAT,0,1594871129.8808
CYL_PRES_STAT,0,1594871129.889342
CYL_PRES_STAT,0,1594871129.901304
CYL_PRES_STAT,0,1594871129.962466
CYL_PRES_STAT,0,1594871129.982993
CYL_PRES_STAT,0,1594871130.089329
CYL_PRES_STAT,0,1594871130.1098614
CYL_PRES_STAT,0,1594871130.1303391
CYL_PRES_STAT,0,1594871130.147244
CYL_PRES_STAT,0,1594871130.1916668
CYL_PRES_STAT,0,1594871130.2085829
CYL_PRES_STAT,0,1594871130.2614539
CYL_PRES_STAT,0,1594871130.273691
CYL_PRES_STAT,0,1594871130.376516
CYL_PRES_STAT,0,1594871130.388381
CYL_PRES_STAT,0,1594871130.396605
CYL_PRES_STAT,0,1594871130.4381251
CYL_PRES_STAT,0,1594871130.458391
CYL_PRES_STAT,0,1594871130.470454
CYL_PRES_STAT,0,1594871130.482531
CYL_PRES_STAT,0,1594871130.519903
CYL_PRES_STAT,0,1594871130.5606909
CYL_PRES_STAT,0,1594871130.5812614
CYL_PRES_STAT,0,1594871130.7078989
CYL_PRES_STAT,0,1594871130.7200792
CYL_PRES_STAT,0,1594871130.729206
CYL_PRES_STAT,0,1594871130.7494571
CYL_PRES_STAT,0,1594871130.757673
CYL_PRES_STAT,0,1594871130.769526
CYL_PRES_STAT,0,1594871130.810518
CYL_PRES_STAT,0,1594871130.8926392
CYL_PRES_STAT,0,1594871130.974453
CYL_PRES_STAT,0,1594871131.0068831
CYL_PRES_STAT,0,1594871131.019093
CYL_PRES_STAT,0,1594871131.285901
CYL_PRES_STAT,0,1594871131.3267062
CYL_PRES_STAT,0,1594871131.3510668
CYL_PRES_STAT,0,1594871131.371579
CYL_PRES_STAT,0,1594871131.388397
CYL_PRES_STAT,0,1594871131.4206886
CYL_PRES_STAT,0,1594871131.5353
CYL_PRES_STAT,0,1594871131.55566
CYL_PRES_STAT,0,1594871131.576246
CYL_PRES_STAT,0,1594871131.5968661
CYL_PRES_STAT,0,1594871131.6176279
CYL_PRES_STAT,0,1594871131.6293812
CYL_PRES_STAT,0,1594871131.637676
CYL_PRES_STAT,0,1594871131.6581779
CYL_PRES_STAT,0,1594871131.699517
CYL_PRES_STAT,0,1594871131.7112908
CYL_PRES_STAT,0,1594871131.7198124
CYL_PRES_STAT,0,1594871131.752325
CYL_PRES_STAT,0,1594871131.80194
CYL_PRES_STAT,0,1594871131.8791919
CYL_PRES_STAT,0,1594871131.8876214
CYL_PRES_STAT,0,1594871131.9079628
CYL_PRES_STAT,0,1594871131.949334
CYL_PRES_STAT,0,1594871131.969442
CYL_PRES_STAT,0,1594871131.990009
CYL_PRES_STAT,0,1594871132.010705
CYL_PRES_STAT,0,1594871132.145466
CYL_PRES_STAT,0,1594871132.1988509
CYL_PRES_STAT,0,1594871132.2074306
CYL_PRES_STAT,0,1594871132.219305
CYL_PRES_STAT,0,1594871132.2273982
CYL_PRES_STAT,0,1594871132.2396538
CYL_PRES_STAT,0,1594871132.2602491
CYL_PRES_STAT,0,1594871132.2808359
CYL_PRES_STAT,0,1594871132.321614
CYL_PRES_STAT,0,1594871132.4120672
CYL_PRES_STAT,0,1594871132.4859068
CYL_PRES_STAT,0,1594871132.509949
CYL_PRES_STAT,0,1594871132.518193
CYL_PRES_STAT,0,1594871132.5305529
CYL_PRES_STAT,0,1594871132.538687
CYL_PRES_STAT,0,1594871132.588306
CYL_PRES_STAT,0,1594871132.6085708
CYL_PRES_STAT,0,1594871132.629329
CYL_PRES_STAT,0,1594871132.694243
CYL_PRES_STAT,0,1594871132.776217
CYL_PRES_STAT,0,1594871132.784735
CYL_PRES_STAT,0,1594871132.796895
CYL_PRES_STAT,0,1594871132.8377366
CYL_PRES_STAT,0,1594871132.8582711
CYL_PRES_STAT,0,1594871132.870381
CYL_PRES_STAT,0,1594871132.879701
CYL_PRES_STAT,0,1594871132.899513
CYL_PRES_STAT,0,1594871133.046485
CYL_PRES_STAT,0,1594871133.120497
CYL_PRES_STAT,0,1594871133.136949
CYL_PRES_STAT,0,1594871133.1489556
CYL_PRES_STAT,0,1594871133.169458
CYL_PRES_STAT,0,1594871133.239451
CYL_PRES_STAT,0,1594871133.34559
CYL_PRES_STAT,0,1594871133.3782568
CYL_PRES_STAT,0,1594871133.398978
CYL_PRES_STAT,0,1594871133.4194794
CYL_PRES_STAT,0,1594871133.436181
CYL_PRES_STAT,0,1594871133.460285
CYL_PRES_STAT,0,1594871133.480758
CYL_PRES_STAT,0,1594871133.501195
CYL_PRES_STAT,0,1594871133.5830982
CYL_PRES_STAT,0,1594871133.7064939
CYL_PRES_STAT,0,1594871133.7268832
CYL_PRES_STAT,0,1594871133.7510269
CYL_PRES_STAT,0,1594871133.779658
CYL_PRES_STAT,0,1594871133.788518
CYL_PRES_STAT,0,1594871133.8702774
CYL_PRES_STAT,0,1594871133.9439008
CYL_PRES_STAT,0,1594871133.9763
CYL_PRES_STAT,0,1594871133.99708
CYL_PRES_STAT,0,1594871134.0177839
CYL_PRES_STAT,0,1594871134.0383098
CYL_PRES_STAT,0,1594871134.120147
CYL_PRES_STAT,0,1594871134.24667
CYL_PRES_STAT,0,1594871134.2793322
CYL_PRES_STAT,0,1594871134.2875938
CYL_PRES_STAT,0,1594871134.308061
CYL_PRES_STAT,0,1594871134.3612
CYL_PRES_STAT,0,1594871134.398713
CYL_PRES_STAT,0,1594871134.410503
CYL_PRES_STAT,0,1594871134.47201
CYL_PRES_STAT,0,1594871134.4924886
CYL_PRES_STAT,0,1594871134.504715
CYL_PRES_STAT,0,1594871134.534006
CYL_PRES_STAT,0,1594871134.55441
CYL_PRES_STAT,0,1594871134.598845
CYL_PRES_STAT,0,1594871134.60741
CYL_PRES_STAT,0,1594871134.6195
CYL_PRES_STAT,0,1594871134.627549
CYL_PRES_STAT,0,1594871134.636719
CYL_PRES_STAT,0,1594871134.66021
CYL_PRES_STAT,0,1594871134.6811268
CYL_PRES_STAT,0,1594871134.7216802
CYL_PRES_STAT,0,1594871134.742232
CYL_PRES_STAT,0,1594871134.8037179
CYL_PRES_STAT,0,1594871134.8772721
CYL_PRES_STAT,0,1594871134.8862
CYL_PRES_STAT,0,1594871134.9066231
CYL_PRES_STAT,0,1594871134.9269118
CYL_PRES_STAT,0,1594871134.9387991
CYL_PRES_STAT,0,1594871134.9593759
CYL_PRES_STAT,0,1594871134.979935
CYL_PRES_STAT,0,1594871135.008878
CYL_PRES_STAT,0,1594871135.0207438
CYL_PRES_STAT,0,1594871135.1645162
CYL_PRES_STAT,0,1594871135.176364
CYL_PRES_STAT,0,1594871135.197018
CYL_PRES_STAT,0,1594871135.2057312
CYL_PRES_STAT,0,1594871135.217509
CYL_PRES_STAT,0,1594871135.23794
CYL_PRES_STAT,0,1594871135.258359
CYL_PRES_STAT,0,1594871135.2706866
CYL_PRES_STAT,0,1594871135.279361
CYL_PRES_STAT,0,1594871135.299885
CYL_PRES_STAT,0,1594871135.3114526
CYL_PRES_STAT,0,1594871135.3202438
CYL_PRES_STAT,0,1594871135.3405938
CYL_PRES_STAT,0,1594871135.413922
CYL_PRES_STAT,0,1594871135.422558
CYL_PRES_STAT,0,1594871135.434508
CYL_PRES_STAT,0,1594871135.4429722
CYL_PRES_STAT,0,1594871135.508167
CYL_PRES_STAT,0,1594871135.5167305
CYL_PRES_STAT,0,1594871135.557836
CYL_PRES_STAT,0,1594871135.602316
CYL_PRES_STAT,0,1594871135.610642
CYL_PRES_STAT,0,1594871135.631117
CYL_PRES_STAT,0,1594871135.660268
CYL_PRES_STAT,0,1594871135.672074
CYL_PRES_STAT,0,1594871135.692909
CYL_PRES_STAT,0,1594871135.7547884
CYL_PRES_STAT,0,1594871135.774892
CYL_PRES_STAT,0,1594871135.798919
CYL_PRES_STAT,0,1594871135.860302
CYL_PRES_STAT,0,1594871135.880769
CYL_PRES_STAT,0,1594871135.9014568
CYL_PRES_STAT,0,1594871135.9218502
CYL_PRES_STAT,0,1594871136.044687
CYL_PRES_STAT,0,1594871136.0568962
CYL_PRES_STAT,0,1594871136.077333
CYL_PRES_STAT,0,1594871136.1061492
CYL_PRES_STAT,0,1594871136.151336
CYL_PRES_STAT,0,1594871136.1716568
CYL_PRES_STAT,0,1594871136.188664
CYL_PRES_STAT,0,1594871136.2209668
CYL_PRES_STAT,0,1594871136.2331061
CYL_PRES_STAT,0,1594871136.273972
CYL_PRES_STAT,0,1594871136.3232331
CYL_PRES_STAT,0,1594871136.376366
CYL_PRES_STAT,0,1594871136.3976939
CYL_PRES_STAT,0,1594871136.4180849
CYL_PRES_STAT,0,1594871136.429853
CYL_PRES_STAT,0,1594871136.4380322
CYL_PRES_STAT,0,1594871136.4797704
CYL_PRES_STAT,0,1594871136.540673
CYL_PRES_STAT,0,1594871136.593544
CYL_PRES_STAT,0,1594871136.667469
CYL_PRES_STAT,0,1594871136.675893
CYL_PRES_STAT,0,1594871136.695924
CYL_PRES_STAT,0,1594871136.728765
CYL_PRES_STAT,0,1594871136.749284
CYL_PRES_STAT,0,1594871136.761353
CYL_PRES_STAT,0,1594871136.769866
CYL_PRES_STAT,0,1594871136.799113
CYL_PRES_STAT,0,1594871136.810587
CYL_PRES_STAT,0,1594871136.83115
CYL_PRES_STAT,0,1594871136.8925538
CYL_PRES_STAT,0,1594871136.925282
CYL_PRES_STAT,0,1594871136.966424
CYL_PRES_STAT,0,1594871136.986718
CYL_PRES_STAT,0,1594871136.995393
CYL_PRES_STAT,0,1594871137.0072029
CYL_PRES_STAT,0,1594871137.01935
CYL_PRES_STAT,0,1594871137.3067598
CYL_PRES_STAT,0,1594871137.327105
CYL_PRES_STAT,0,1594871137.3682199
CYL_PRES_STAT,0,1594871137.392121
CYL_PRES_STAT,0,1594871137.412708
CYL_PRES_STAT,0,1594871137.461815
CYL_PRES_STAT,0,1594871137.576509
CYL_PRES_STAT,0,1594871137.618185
CYL_PRES_STAT,0,1594871137.6386
CYL_PRES_STAT,0,1594871137.670666
CYL_PRES_STAT,0,1594871137.679281
CYL_PRES_STAT,0,1594871137.699831
CYL_PRES_STAT,0,1594871137.732258
CYL_PRES_STAT,0,1594871137.7408571
CYL_PRES_STAT,0,1594871137.781742
CYL_PRES_STAT,0,1594871137.855177
CYL_PRES_STAT,0,1594871137.9083114
CYL_PRES_STAT,0,1594871137.929168
CYL_PRES_STAT,0,1594871137.9578118
CYL_PRES_STAT,0,1594871137.969685
CYL_PRES_STAT,0,1594871137.990218
CYL_PRES_STAT,0,1594871137.998924
CYL_PRES_STAT,0,1594871138.0106769
CYL_PRES_STAT,0,1594871138.158113
CYL_PRES_STAT,0,1594871138.178609
CYL_PRES_STAT,0,1594871138.1868188
CYL_PRES_STAT,0,1594871138.195348
CYL_PRES_STAT,0,1594871138.207315
CYL_PRES_STAT,0,1594871138.240014
CYL_PRES_STAT,0,1594871138.24828
CYL_PRES_STAT,0,1594871138.260443
CYL_PRES_STAT,0,1594871138.2810462
CYL_PRES_STAT,0,1594871138.3014581
CYL_PRES_STAT,0,1594871138.32203
CYL_PRES_STAT,0,1594871138.4980779
CYL_PRES_STAT,0,1594871138.5066829
CYL_PRES_STAT,0,1594871138.530787
CYL_PRES_STAT,0,1594871138.559546
CYL_PRES_STAT,0,1594871138.5684428
CYL_PRES_STAT,0,1594871138.629596
CYL_PRES_STAT,0,1594871138.694593
CYL_PRES_STAT,0,1594871138.756114
CYL_PRES_STAT,0,1594871138.7765381
CYL_PRES_STAT,0,1594871138.7971554
CYL_PRES_STAT,0,1594871138.817633
CYL_PRES_STAT,0,1594871138.829848
CYL_PRES_STAT,0,1594871138.838157
CYL_PRES_STAT,0,1594871138.8795562
CYL_PRES_STAT,0,1594871138.9000268
CYL_PRES_STAT,0,1594871138.91167
CYL_PRES_STAT,0,1594871138.9204636
CYL_PRES_STAT,0,1594871138.9732099
CYL_PRES_STAT,0,1594871139.0759552
CYL_PRES_STAT,0,1594871139.096053
CYL_PRES_STAT,0,1594871139.128829
CYL_PRES_STAT,0,1594871139.1493561
CYL_PRES_STAT,0,1594871139.161549
CYL_PRES_STAT,0,1594871139.1699982
CYL_PRES_STAT,0,1594871139.19031
CYL_PRES_STAT,0,1594871139.2845712
CYL_PRES_STAT,0,1594871139.2926302
CYL_PRES_STAT,0,1594871139.313684
CYL_PRES_STAT,0,1594871139.325481
CYL_PRES_STAT,0,1594871139.334083
CYL_PRES_STAT,0,1594871139.375021
CYL_PRES_STAT,0,1594871139.3954911
CYL_PRES_STAT,0,1594871139.407407
CYL_PRES_STAT,0,1594871139.419702
CYL_PRES_STAT,0,1594871139.440109
CYL_PRES_STAT,0,1594871139.481075
CYL_PRES_STAT,0,1594871139.4896572
CYL_PRES_STAT,0,1594871139.501606
CYL_PRES_STAT,0,1594871139.5218902
CYL_PRES_STAT,0,1594871139.5510519
CYL_PRES_STAT,0,1594871139.657238
CYL_PRES_STAT,0,1594871139.6862302
CYL_PRES_STAT,0,1594871139.7067962
CYL_PRES_STAT,0,1594871139.771849
CYL_PRES_STAT,0,1594871139.7923784
CYL_PRES_STAT,0,1594871139.8299448
CYL_PRES_STAT,0,1594871139.9566991
CYL_PRES_STAT,0,1594871139.9851608
CYL_PRES_STAT,0,1594871139.99746
CYL_PRES_STAT,0,1594871140.0177221
CYL_PRES_STAT,0,1594871140.0387466
CYL_PRES_STAT,0,1594871140.059051
CYL_PRES_STAT,0,1594871140.079747
CYL_PRES_STAT,0,1594871140.120238
CYL_PRES_STAT,0,1594871140.1527991
CYL_PRES_STAT,0,1594871140.193698
CYL_PRES_STAT,0,1594871140.255242
CYL_PRES_STAT,0,1594871140.2886114
CYL_PRES_STAT,0,1594871140.296221
CYL_PRES_STAT,0,1594871140.308396
CYL_PRES_STAT,0,1594871140.3169954
CYL_PRES_STAT,0,1594871140.328924
CYL_PRES_STAT,0,1594871140.3904052
CYL_PRES_STAT,0,1594871140.398981
CYL_PRES_STAT,0,1594871140.410867
CYL_PRES_STAT,0,1594871140.4195929
CYL_PRES_STAT,0,1594871140.431415
CYL_PRES_STAT,0,1594871140.46398
CYL_PRES_STAT,0,1594871140.4722278
CYL_PRES_STAT,0,1594871140.505101
CYL_PRES_STAT,0,1594871140.5581946
CYL_PRES_STAT,0,1594871140.5669029
CYL_PRES_STAT,0,1594871140.5787678
CYL_PRES_STAT,0,1594871140.599243
CYL_PRES_STAT,0,1594871140.6161149
CYL_PRES_STAT,0,1594871140.6279151
CYL_PRES_STAT,0,1594871140.6401222
CYL_PRES_STAT,0,1594871140.648339
CYL_PRES_STAT,0,1594871140.66061
CYL_PRES_STAT,0,1594871140.6893609
CYL_PRES_STAT,0,1594871140.701592
CYL_PRES_STAT,0,1594871140.8040311
CYL_PRES_STAT,0,1594871140.8655062
CYL_PRES_STAT,0,1594871140.8865778
CYL_PRES_STAT,0,1594871140.898276
CYL_PRES_STAT,0,1594871140.939166
CYL_PRES_STAT,0,1594871140.947742
CYL_PRES_STAT,0,1594871141.0538206
CYL_PRES_STAT,0,1594871141.0621288
CYL_PRES_STAT,0,1594871141.156299
CYL_PRES_STAT,0,1594871141.176725
CYL_PRES_STAT,0,1594871141.19774
CYL_PRES_STAT,0,1594871141.258728
CYL_PRES_STAT,0,1594871141.291292
CYL_PRES_STAT,0,1594871141.33235
CYL_PRES_STAT,0,1594871141.373322
CYL_PRES_STAT,0,1594871141.381889
CYL_PRES_STAT,0,1594871141.455265
CYL_PRES_STAT,0,1594871141.467653
CYL_PRES_STAT,0,1594871141.476168
CYL_PRES_STAT,0,1594871141.508512
CYL_PRES_STAT,0,1594871141.5290651
CYL_PRES_STAT,0,1594871141.549459
CYL_PRES_STAT,0,1594871141.5703108
CYL_PRES_STAT,0,1594871141.599509
CYL_PRES_STAT,0,1594871141.610869
CYL_PRES_STAT,0,1594871141.631364
CYL_PRES_STAT,0,1594871141.664143
CYL_PRES_STAT,0,1594871141.6724188
CYL_PRES_STAT,0,1594871141.684536
CYL_PRES_STAT,0,1594871141.758356
CYL_PRES_STAT,0,1594871141.775171
CYL_PRES_STAT,0,1594871141.7992132
CYL_PRES_STAT,0,1594871141.807755
CYL_PRES_STAT,0,1594871141.819752
CYL_PRES_STAT,0,1594871141.8899732
CYL_PRES_STAT,0,1594871141.922067
CYL_PRES_STAT,0,1594871141.930749
CYL_PRES_STAT,0,1594871141.9720669
CYL_PRES_STAT,0,1594871142.065928
CYL_PRES_STAT,0,1594871142.0868778
CYL_PRES_STAT,0,1594871142.107151
CYL_PRES_STAT,0,1594871142.139213
CYL_PRES_STAT,0,1594871142.1477828
CYL_PRES_STAT,0,1594871142.1685731
CYL_PRES_STAT,0,1594871142.1925108
CYL_PRES_STAT,0,1594871142.282683
CYL_PRES_STAT,0,1594871142.356339
CYL_PRES_STAT,0,1594871142.389216
CYL_PRES_STAT,0,1594871142.397417
CYL_PRES_STAT,0,1594871142.417859
CYL_PRES_STAT,0,1594871142.4591842
CYL_PRES_STAT,0,1594871142.4709551
CYL_PRES_STAT,0,1594871142.52067
CYL_PRES_STAT,0,1594871142.664167
CYL_PRES_STAT,0,1594871142.6880598
CYL_PRES_STAT,0,1594871142.708586
CYL_PRES_STAT,0,1594871142.729067
CYL_PRES_STAT,0,1594871142.770119
CYL_PRES_STAT,0,1594871142.966599
CYL_PRES_STAT,0,1594871143.0488029
CYL_PRES_STAT,0,1594871143.060809
CYL_PRES_STAT,0,1594871143.081461
CYL_PRES_STAT,0,1594871143.1020002
CYL_PRES_STAT,0,1594871143.183865
CYL_PRES_STAT,0,1594871143.265923
CYL_PRES_STAT,0,1594871143.2861
CYL_PRES_STAT,0,1594871143.310592
CYL_PRES_STAT,0,1594871143.331091
CYL_PRES_STAT,0,1594871143.3479216
CYL_PRES_STAT,0,1594871143.4744806
CYL_PRES_STAT,0,1594871143.482636
CYL_PRES_STAT,0,1594871143.524148
CYL_PRES_STAT,0,1594871143.5564082
CYL_PRES_STAT,0,1594871143.638565
CYL_PRES_STAT,0,1594871143.6593301
CYL_PRES_STAT,0,1594871143.700246
CYL_PRES_STAT,0,1594871143.712066
CYL_PRES_STAT,0,1594871143.753022
CYL_PRES_STAT,0,1594871143.7615669
CYL_PRES_STAT,0,1594871143.908602
CYL_PRES_STAT,0,1594871143.929194
CYL_PRES_STAT,0,1594871143.950191
CYL_PRES_STAT,0,1594871143.978631
CYL_PRES_STAT,0,1594871143.9905686
CYL_PRES_STAT,0,1594871144.072492
CYL_PRES_STAT,0,1594871144.113748
CYL_PRES_STAT,0,1594871144.199517
CYL_PRES_STAT,0,1594871144.2076194
CYL_PRES_STAT,0,1594871144.219908
CYL_PRES_STAT,0,1594871144.2403018
CYL_PRES_STAT,0,1594871144.281261
CYL_PRES_STAT,0,1594871144.363287
CYL_PRES_STAT,0,1594871144.445752
CYL_PRES_STAT,0,1594871144.469949
CYL_PRES_STAT,0,1594871144.486547
CYL_PRES_STAT,0,1594871144.531125
CYL_PRES_STAT,0,1594871144.539309
CYL_PRES_STAT,0,1594871144.551657
CYL_PRES_STAT,0,1594871144.57212
CYL_PRES_STAT,0,1594871144.6418788
CYL_PRES_STAT,0,1594871144.654114
CYL_PRES_STAT,0,1594871144.682828
CYL_PRES_STAT,0,1594871144.756397
CYL_PRES_STAT,0,1594871144.789178
CYL_PRES_STAT,0,1594871144.83005
CYL_PRES_STAT,0,1594871144.8383641
CYL_PRES_STAT,0,1594871144.859466
CYL_PRES_STAT,0,1594871144.932617
CYL_PRES_STAT,0,1594871144.961684
CYL_PRES_STAT,0,1594871145.014592
CYL_PRES_STAT,0,1594871145.0677838
CYL_PRES_STAT,0,1594871145.088126
CYL_PRES_STAT,0,1594871145.1087382
CYL_PRES_STAT,0,1594871145.117593
CYL_PRES_STAT,0,1594871145.129146
CYL_PRES_STAT,0,1594871145.150065
CYL_PRES_STAT,0,1594871145.17046
CYL_PRES_STAT,0,1594871145.1910279
CYL_PRES_STAT,0,1594871145.2727714
CYL_PRES_STAT,0,1594871145.337929
CYL_PRES_STAT,0,1594871145.366776
CYL_PRES_STAT,0,1594871145.399392
CYL_PRES_STAT,0,1594871145.419834
CYL_PRES_STAT,0,1594871145.440495
CYL_PRES_STAT,0,1594871145.44914
CYL_PRES_STAT,0,1594871145.4609976
CYL_PRES_STAT,0,1594871145.489548
CYL_PRES_STAT,0,1594871145.666522
CYL_PRES_STAT,0,1594871145.698462
CYL_PRES_STAT,0,1594871145.707184
CYL_PRES_STAT,0,1594871145.731209
CYL_PRES_STAT,0,1594871145.780479
CYL_PRES_STAT,0,1594871145.792691
CYL_PRES_STAT,0,1594871145.874549
CYL_PRES_STAT,0,1594871145.936053
CYL_PRES_STAT,0,1594871145.956552
CYL_PRES_STAT,0,1594871145.9773474
CYL_PRES_STAT,0,1594871145.997654
CYL_PRES_STAT,0,1594871146.006155
CYL_PRES_STAT,0,1594871146.030199
CYL_PRES_STAT,0,1594871146.0389464
CYL_PRES_STAT,0,1594871146.059405
CYL_PRES_STAT,0,1594871146.080106
CYL_PRES_STAT,0,1594871146.1859472
CYL_PRES_STAT,0,1594871146.226783
CYL_PRES_STAT,0,1594871146.247384
CYL_PRES_STAT,0,1594871146.255563
CYL_PRES_STAT,0,1594871146.2801652
CYL_PRES_STAT,0,1594871146.288407
CYL_PRES_STAT,0,1594871146.3088
CYL_PRES_STAT,0,1594871146.330056
CYL_PRES_STAT,0,1594871146.3497472
CYL_PRES_STAT,0,1594871146.3619778
CYL_PRES_STAT,0,1594871146.3702114
CYL_PRES_STAT,0,1594871146.5139258
CYL_PRES_STAT,0,1594871146.534494
CYL_PRES_STAT,0,1594871146.5585294
CYL_PRES_STAT,0,1594871146.5790038
CYL_PRES_STAT,0,1594871146.5995588
CYL_PRES_STAT,0,1594871146.6080918
CYL_PRES_STAT,0,1594871146.620081
CYL_PRES_STAT,0,1594871146.660984
CYL_PRES_STAT,0,1594871146.681699
CYL_PRES_STAT,0,1594871146.690015
CYL_PRES_STAT,0,1594871146.7019699
CYL_PRES_STAT,0,1594871146.837147
CYL_PRES_STAT,0,1594871146.845622
CYL_PRES_STAT,0,1594871146.857617
CYL_PRES_STAT,0,1594871146.866376
CYL_PRES_STAT,0,1594871146.939563
CYL_PRES_STAT,0,1594871146.980747
CYL_PRES_STAT,0,1594871146.992687
CYL_PRES_STAT,0,1594871147.0624812
CYL_PRES_STAT,0,1594871147.103621
CYL_PRES_STAT,0,1594871147.115691
CYL_PRES_STAT,0,1594871147.124355
CYL_PRES_STAT,0,1594871147.157053
CYL_PRES_STAT,0,1594871147.177361
CYL_PRES_STAT,0,1594871147.189326
CYL_PRES_STAT,0,1594871147.198121
CYL_PRES_STAT,0,1594871147.222122
CYL_PRES_STAT,0,1594871147.230304
CYL_PRES_STAT,0,1594871147.238549
CYL_PRES_STAT,0,1594871147.2590878
CYL_PRES_STAT,0,1594871147.279956
CYL_PRES_STAT,0,1594871147.414722
CYL_PRES_STAT,0,1594871147.4355721
CYL_PRES_STAT,0,1594871147.44749
CYL_PRES_STAT,0,1594871147.4680061
CYL_PRES_STAT,0,1594871147.488443
CYL_PRES_STAT,0,1594871147.5500338
CYL_PRES_STAT,0,1594871147.570389
CYL_PRES_STAT,0,1594871147.59084
CYL_PRES_STAT,0,1594871147.664418
CYL_PRES_STAT,0,1594871147.714271
CYL_PRES_STAT,0,1594871147.738128
CYL_PRES_STAT,0,1594871147.799602
CYL_PRES_STAT,0,1594871147.8201091
CYL_PRES_STAT,0,1594871147.840606
CYL_PRES_STAT,0,1594871147.890188
CYL_PRES_STAT,0,1594871147.9021351
CYL_PRES_STAT,0,1594871147.943031
CYL_PRES_STAT,0,1594871148.0458274
CYL_PRES_STAT,0,1594871148.069951
CYL_PRES_STAT,0,1594871148.090432
CYL_PRES_STAT,0,1594871148.0990891
CYL_PRES_STAT,0,1594871148.1073768
CYL_PRES_STAT,0,1594871148.1313238
CYL_PRES_STAT,0,1594871148.283297
CYL_PRES_STAT,0,1594871148.315701
CYL_PRES_STAT,0,1594871148.324306
CYL_PRES_STAT,0,1594871148.348585
CYL_PRES_STAT,0,1594871148.35676
CYL_PRES_STAT,0,1594871148.365263
CYL_PRES_STAT,0,1594871148.3771489
CYL_PRES_STAT,0,1594871148.418516
CYL_PRES_STAT,0,1594871148.430339
CYL_PRES_STAT,0,1594871148.438669
CYL_PRES_STAT,0,1594871148.471364
CYL_PRES_STAT,0,1594871148.4800286
CYL_PRES_STAT,0,1594871148.520756
CYL_PRES_STAT,0,1594871148.606399
CYL_PRES_STAT,0,1594871148.626956
CYL_PRES_STAT,0,1594871148.6475034
CYL_PRES_STAT,0,1594871148.667809
CYL_PRES_STAT,0,1594871148.6764722
CYL_PRES_STAT,0,1594871148.6882439
CYL_PRES_STAT,0,1594871148.696671
CYL_PRES_STAT,0,1594871148.708919
CYL_PRES_STAT,0,1594871148.729567
CYL_PRES_STAT,0,1594871148.762082
CYL_PRES_STAT,0,1594871148.905534
CYL_PRES_STAT,0,1594871148.926014
CYL_PRES_STAT,0,1594871148.938215
CYL_PRES_STAT,0,1594871148.958789
CYL_PRES_STAT,0,1594871148.979294
CYL_PRES_STAT,0,1594871149.008385
CYL_PRES_STAT,0,1594871149.061134
CYL_PRES_STAT,0,1594871149.229028
CYL_PRES_STAT,0,1594871149.24603
CYL_PRES_STAT,0,1594871149.257686
CYL_PRES_STAT,0,1594871149.351976
CYL_PRES_STAT,0,1594871149.4011538
CYL_PRES_STAT,0,1594871149.4133492
CYL_PRES_STAT,0,1594871149.5570738
CYL_PRES_STAT,0,1594871149.577696
CYL_PRES_STAT,0,1594871149.5982668
CYL_PRES_STAT,0,1594871149.6186788
CYL_PRES_STAT,0,1594871149.6509368
CYL_PRES_STAT,0,1594871149.6595056
CYL_PRES_STAT,0,1594871149.6713119
CYL_PRES_STAT,0,1594871149.7860136
CYL_PRES_STAT,0,1594871149.806535
CYL_PRES_STAT,0,1594871149.8269858
CYL_PRES_STAT,0,1594871149.847501
CYL_PRES_STAT,0,1594871149.867942
CYL_PRES_STAT,0,1594871149.888393
CYL_PRES_STAT,0,1594871149.929976
CYL_PRES_STAT,0,1594871149.9500198
CYL_PRES_STAT,0,1594871149.970434
CYL_PRES_STAT,0,1594871149.982568
CYL_PRES_STAT,0,1594871149.99087
CYL_PRES_STAT,0,1594871150.1147099
CYL_PRES_STAT,0,1594871150.134594
CYL_PRES_STAT,0,1594871150.179302
CYL_PRES_STAT,0,1594871150.1874938
CYL_PRES_STAT,0,1594871150.1963892
CYL_PRES_STAT,0,1594871150.208129
CYL_PRES_STAT,0,1594871150.220366
CYL_PRES_STAT,0,1594871150.252936
CYL_PRES_STAT,0,1594871150.331166
CYL_PRES_STAT,0,1594871150.352107
CYL_PRES_STAT,0,1594871150.363635
CYL_PRES_STAT,0,1594871150.384043
CYL_PRES_STAT,0,1594871150.42536
CYL_PRES_STAT,0,1594871150.445847
CYL_PRES_STAT,0,1594871150.49926
CYL_PRES_STAT,0,1594871150.519272
CYL_PRES_STAT,0,1594871150.5278919
CYL_PRES_STAT,0,1594871150.548254
CYL_PRES_STAT,0,1594871150.569083
CYL_PRES_STAT,0,1594871150.6221561
CYL_PRES_STAT,0,1594871150.6339
CYL_PRES_STAT,0,1594871150.642615
CYL_PRES_STAT,0,1594871150.6544774
CYL_PRES_STAT,0,1594871150.6957152
CYL_PRES_STAT,0,1594871150.7158391
CYL_PRES_STAT,0,1594871150.77734
CYL_PRES_STAT,0,1594871150.932894
CYL_PRES_STAT,0,1594871150.998354
CYL_PRES_STAT,0,1594871151.006628
CYL_PRES_STAT,0,1594871151.027034
CYL_PRES_STAT,0,1594871151.080281
CYL_PRES_STAT,0,1594871151.088636
CYL_PRES_STAT,0,1594871151.109421
CYL_PRES_STAT,0,1594871151.130075
CYL_PRES_STAT,0,1594871151.150645
CYL_PRES_STAT,0,1594871151.211714
CYL_PRES_STAT,0,1594871151.2322106
CYL_PRES_STAT,0,1594871151.2441444
CYL_PRES_STAT,0,1594871151.3147874
CYL_PRES_STAT,0,1594871151.3382711
CYL_PRES_STAT,0,1594871151.358809
CYL_PRES_STAT,0,1594871151.379427
CYL_PRES_STAT,0,1594871151.3874948
CYL_PRES_STAT,0,1594871151.4407392
CYL_PRES_STAT,0,1594871151.4612546
CYL_PRES_STAT,0,1594871151.469874
CYL_PRES_STAT,0,1594871151.481708
CYL_PRES_STAT,0,1594871151.605449
CYL_PRES_STAT,0,1594871151.645962
CYL_PRES_STAT,0,1594871151.6905491
CYL_PRES_STAT,0,1594871151.711067
CYL_PRES_STAT,0,1594871151.731596
CYL_PRES_STAT,0,1594871151.822122
CYL_PRES_STAT,0,1594871151.8631294
CYL_PRES_STAT,0,1594871151.89547
CYL_PRES_STAT,0,1594871151.936877
CYL_PRES_STAT,0,1594871151.960803
CYL_PRES_STAT,0,1594871151.9813251
CYL_PRES_STAT,0,1594871151.990056
CYL_PRES_STAT,0,1594871152.0020852
CYL_PRES_STAT,0,1594871152.010035
CYL_PRES_STAT,0,1594871152.01871
CYL_PRES_STAT,0,1594871152.059653
CYL_PRES_STAT,0,1594871152.0715609
CYL_PRES_STAT,0,1594871152.10087
CYL_PRES_STAT,0,1594871152.124758
CYL_PRES_STAT,0,1594871152.153818
CYL_PRES_STAT,0,1594871152.227228
CYL_PRES_STAT,0,1594871152.247942
CYL_PRES_STAT,0,1594871152.268208
CYL_PRES_STAT,0,1594871152.309762
CYL_PRES_STAT,0,1594871152.321324
CYL_PRES_STAT,0,1594871152.329607
CYL_PRES_STAT,0,1594871152.3827279
CYL_PRES_STAT,0,1594871152.432353
CYL_PRES_STAT,0,1594871152.4975429
CYL_PRES_STAT,0,1594871152.5181286
CYL_PRES_STAT,0,1594871152.558954
CYL_PRES_STAT,0,1594871152.5675688
CYL_PRES_STAT,0,1594871152.5794518
CYL_PRES_STAT,0,1594871152.599926
CYL_PRES_STAT,0,1594871152.620655
CYL_PRES_STAT,0,1594871152.681799
CYL_PRES_STAT,0,1594871152.8169432
CYL_PRES_STAT,0,1594871152.8457446
CYL_PRES_STAT,0,1594871152.870347
CYL_PRES_STAT,0,1594871152.878381
CYL_PRES_STAT,0,1594871152.887358
CYL_PRES_STAT,0,1594871152.898963
CYL_PRES_STAT,0,1594871152.911097
CYL_PRES_STAT,0,1594871152.939865
CYL_PRES_STAT,0,1594871152.952016
CYL_PRES_STAT,0,1594871153.095464
CYL_PRES_STAT,0,1594871153.136385
CYL_PRES_STAT,0,1594871153.148752
CYL_PRES_STAT,0,1594871153.198231
CYL_PRES_STAT,0,1594871153.219022
CYL_PRES_STAT,0,1594871153.2308636
CYL_PRES_STAT,0,1594871153.239393
CYL_PRES_STAT,0,1594871153.259648
CYL_PRES_STAT,0,1594871153.394915
CYL_PRES_STAT,0,1594871153.406732
CYL_PRES_STAT,0,1594871153.447776
CYL_PRES_STAT,0,1594871153.468472
CYL_PRES_STAT,0,1594871153.480673
CYL_PRES_STAT,0,1594871153.489025
CYL_PRES_STAT,0,1594871153.509464
CYL_PRES_STAT,0,1594871153.5297132
CYL_PRES_STAT,0,1594871153.570632
CYL_PRES_STAT,0,1594871153.62375
CYL_PRES_STAT,0,1594871153.653177
CYL_PRES_STAT,0,1594871153.6976972
CYL_PRES_STAT,0,1594871153.71439
CYL_PRES_STAT,0,1594871153.759455
CYL_PRES_STAT,0,1594871153.7672784
CYL_PRES_STAT,0,1594871153.779593
CYL_PRES_STAT,0,1594871153.820603
CYL_PRES_STAT,0,1594871153.996557
CYL_PRES_STAT,0,1594871154.0052102
CYL_PRES_STAT,0,1594871154.029403
CYL_PRES_STAT,0,1594871154.070144
CYL_PRES_STAT,0,1594871154.090605
CYL_PRES_STAT,0,1594871154.1113188
CYL_PRES_STAT,0,1594871154.1316562
CYL_PRES_STAT,0,1594871154.1403258
CYL_PRES_STAT,0,1594871154.213634
CYL_PRES_STAT,0,1594871154.2426882
CYL_PRES_STAT,0,1594871154.263515
CYL_PRES_STAT,0,1594871154.283684
CYL_PRES_STAT,0,1594871154.3165212
CYL_PRES_STAT,0,1594871154.348777
CYL_PRES_STAT,0,1594871154.3570962
CYL_PRES_STAT,0,1594871154.377918
CYL_PRES_STAT,0,1594871154.389815
CYL_PRES_STAT,0,1594871154.398313
CYL_PRES_STAT,0,1594871154.439299
CYL_PRES_STAT,0,1594871154.512618
CYL_PRES_STAT,0,1594871154.586211
CYL_PRES_STAT,0,1594871154.6067488
CYL_PRES_STAT,0,1594871154.627292
CYL_PRES_STAT,0,1594871154.635875
CYL_PRES_STAT,0,1594871154.647817
CYL_PRES_STAT,0,1594871154.668177
CYL_PRES_STAT,0,1594871154.721351
CYL_PRES_STAT,0,1594871154.832459
CYL_PRES_STAT,0,1594871154.844384
CYL_PRES_STAT,0,1594871154.897582
CYL_PRES_STAT,0,1594871154.914711
CYL_PRES_STAT,0,1594871154.95901
CYL_PRES_STAT,0,1594871154.967624
CYL_PRES_STAT,0,1594871154.9796226
CYL_PRES_STAT,0,1594871155.000391
CYL_PRES_STAT,0,1594871155.0206
CYL_PRES_STAT,0,1594871155.061434
CYL_PRES_STAT,0,1594871155.208936
CYL_PRES_STAT,0,1594871155.2175171
CYL_PRES_STAT,0,1594871155.225408
CYL_PRES_STAT,0,1594871155.249921
CYL_PRES_STAT,0,1594871155.27047
CYL_PRES_STAT,0,1594871155.278481
CYL_PRES_STAT,0,1594871155.44272
CYL_PRES_STAT,0,1594871155.475209
CYL_PRES_STAT,0,1594871155.496226
CYL_PRES_STAT,0,1594871155.516592
CYL_PRES_STAT,0,1594871155.5371811
CYL_PRES_STAT,0,1594871155.548981
CYL_PRES_STAT,0,1594871155.5778868
CYL_PRES_STAT,0,1594871155.598312
CYL_PRES_STAT,0,1594871155.619173
CYL_PRES_STAT,0,1594871155.63079
CYL_PRES_STAT,0,1594871155.700922
CYL_PRES_STAT,0,1594871155.7127528
CYL_PRES_STAT,0,1594871155.806877
CYL_PRES_STAT,0,1594871155.827884
CYL_PRES_STAT,0,1594871155.848674
CYL_PRES_STAT,0,1594871155.869098
CYL_PRES_STAT,0,1594871155.8888679
CYL_PRES_STAT,0,1594871155.909354
CYL_PRES_STAT,0,1594871156.097763
CYL_PRES_STAT,0,1594871156.118176
CYL_PRES_STAT,0,1594871156.1387231
CYL_PRES_STAT,0,1594871156.1591961
CYL_PRES_STAT,0,1594871156.200047
CYL_PRES_STAT,0,1594871156.208791
CYL_PRES_STAT,0,1594871156.240978
CYL_PRES_STAT,0,1594871156.28219
CYL_PRES_STAT,0,1594871156.2942114
CYL_PRES_STAT,0,1594871156.343866
CYL_PRES_STAT,0,1594871156.376189
CYL_PRES_STAT,0,1594871156.408905
CYL_PRES_STAT,0,1594871156.458195
CYL_PRES_STAT,0,1594871156.466752
CYL_PRES_STAT,0,1594871156.49091
CYL_PRES_STAT,0,1594871156.51129
CYL_PRES_STAT,0,1594871156.519655
CYL_PRES_STAT,0,1594871156.5319788
CYL_PRES_STAT,0,1594871156.5405052
CYL_PRES_STAT,0,1594871156.63427
CYL_PRES_STAT,0,1594871156.6752698
CYL_PRES_STAT,0,1594871156.707977
CYL_PRES_STAT,0,1594871156.748897
CYL_PRES_STAT,0,1594871156.7898822
CYL_PRES_STAT,0,1594871156.830851
CYL_PRES_STAT,0,1594871156.839612
CYL_PRES_STAT,0,1594871156.986531
CYL_PRES_STAT,0,1594871157.0074
CYL_PRES_STAT,0,1594871157.027398
CYL_PRES_STAT,0,1594871157.039689
CYL_PRES_STAT,0,1594871157.0891874
CYL_PRES_STAT,0,1594871157.1094859
CYL_PRES_STAT,0,1594871157.118022
CYL_PRES_STAT,0,1594871157.277226
CYL_PRES_STAT,0,1594871157.2978132
CYL_PRES_STAT,0,1594871157.338722
CYL_PRES_STAT,0,1594871157.3680806
CYL_PRES_STAT,0,1594871157.4002726
CYL_PRES_STAT,0,1594871157.51114
CYL_PRES_STAT,0,1594871157.5761762
CYL_PRES_STAT,0,1594871157.58481
CYL_PRES_STAT,0,1594871157.6053538
CYL_PRES_STAT,0,1594871157.617262
CYL_PRES_STAT,0,1594871157.6260278
CYL_PRES_STAT,0,1594871157.650002
CYL_PRES_STAT,0,1594871157.670356
CYL_PRES_STAT,0,1594871157.71145
CYL_PRES_STAT,0,1594871157.7318444
CYL_PRES_STAT,0,1594871157.8753679
CYL_PRES_STAT,0,1594871157.896276
CYL_PRES_STAT,0,1594871157.9166448
CYL_PRES_STAT,0,1594871157.978101
CYL_PRES_STAT,0,1594871157.998621
CYL_PRES_STAT,0,1594871158.0513859
CYL_PRES_STAT,0,1594871158.1213946
CYL_PRES_STAT,0,1594871158.133452
CYL_PRES_STAT,0,1594871158.227535
CYL_PRES_STAT,0,1594871158.2483242
CYL_PRES_STAT,0,1594871158.2688198
CYL_PRES_STAT,0,1594871158.2809448
CYL_PRES_STAT,0,1594871158.2889411
CYL_PRES_STAT,0,1594871158.309778
CYL_PRES_STAT,0,1594871158.391375
CYL_PRES_STAT,0,1594871158.477317
CYL_PRES_STAT,0,1594871158.5061212
CYL_PRES_STAT,0,1594871158.518258
CYL_PRES_STAT,0,1594871158.5267868
CYL_PRES_STAT,0,1594871158.600278
CYL_PRES_STAT,0,1594871158.6088731
CYL_PRES_STAT,0,1594871158.620821
CYL_PRES_STAT,0,1594871158.641199
CYL_PRES_STAT,0,1594871158.6616359
CYL_PRES_STAT,0,1594871158.735412
CYL_PRES_STAT,0,1594871158.784893
CYL_PRES_STAT,0,1594871158.80554
CYL_PRES_STAT,0,1594871158.850061
CYL_PRES_STAT,0,1594871158.858708
CYL_PRES_STAT,0,1594871158.870656
CYL_PRES_STAT,0,1594871158.891052
CYL_PRES_STAT,0,1594871158.91975
CYL_PRES_STAT,0,1594871158.931992
CYL_PRES_STAT,0,1594871158.940192
CYL_PRES_STAT,0,1594871158.9729779
CYL_PRES_STAT,0,1594871159.001844
CYL_PRES_STAT,0,1594871159.0548842
CYL_PRES_STAT,0,1594871159.075315
CYL_PRES_STAT,0,1594871159.1085498
CYL_PRES_STAT,0,1594871159.116287
CYL_PRES_STAT,0,1594871159.161386
CYL_PRES_STAT,0,1594871159.219095
CYL_PRES_STAT,0,1594871159.251588
CYL_PRES_STAT,0,1594871159.292484
CYL_PRES_STAT,0,1594871159.366338
CYL_PRES_STAT,0,1594871159.386657
CYL_PRES_STAT,0,1594871159.407398
CYL_PRES_STAT,0,1594871159.427625
CYL_PRES_STAT,0,1594871159.4361851
CYL_PRES_STAT,0,1594871159.44802
CYL_PRES_STAT,0,1594871159.456767
CYL_PRES_STAT,0,1594871159.468759
CYL_PRES_STAT,0,1594871159.489315
CYL_PRES_STAT,0,1594871159.509508
CYL_PRES_STAT,0,1594871159.530252
CYL_PRES_STAT,0,1594871159.612845
CYL_PRES_STAT,0,1594871159.6978161
CYL_PRES_STAT,0,1594871159.718953
CYL_PRES_STAT,0,1594871159.738823
CYL_PRES_STAT,0,1594871159.7597609
CYL_PRES_STAT,0,1594871159.771713
CYL_PRES_STAT,0,1594871159.780087
CYL_PRES_STAT,0,1594871159.800394
CYL_PRES_STAT,0,1594871159.955918
CYL_PRES_STAT,0,1594871159.976351
CYL_PRES_STAT,0,1594871159.9850812
CYL_PRES_STAT,0,1594871160.005855
CYL_PRES_STAT,0,1594871160.0174122
CYL_PRES_STAT,0,1594871160.0296352
CYL_PRES_STAT,0,1594871160.0502279
CYL_PRES_STAT,0,1594871160.0582864
CYL_PRES_STAT,0,1594871160.099822
CYL_PRES_STAT,0,1594871160.1115608
CYL_PRES_STAT,0,1594871160.132038
CYL_PRES_STAT,0,1594871160.14043
CYL_PRES_STAT,0,1594871160.2019699
CYL_PRES_STAT,0,1594871160.222847
CYL_PRES_STAT,0,1594871160.2672489
CYL_PRES_STAT,0,1594871160.2757306
CYL_PRES_STAT,0,1594871160.296449
CYL_PRES_STAT,0,1594871160.317059
CYL_PRES_STAT,0,1594871160.349186
CYL_PRES_STAT,0,1594871160.357801
CYL_PRES_STAT,0,1594871160.378338
CYL_PRES_STAT,0,1594871160.398634
CYL_PRES_STAT,0,1594871160.419472
CYL_PRES_STAT,0,1594871160.4312382
CYL_PRES_STAT,0,1594871160.5545988
CYL_PRES_STAT,0,1594871160.566262
CYL_PRES_STAT,0,1594871160.656773
CYL_PRES_STAT,0,1594871160.6808321
CYL_PRES_STAT,0,1594871160.689183
CYL_PRES_STAT,0,1594871160.7218552
CYL_PRES_STAT,0,1594871160.730402
CYL_PRES_STAT,0,1594871160.7630188
CYL_PRES_STAT,0,1594871160.783453
CYL_PRES_STAT,0,1594871160.853338
CYL_PRES_STAT,0,1594871160.877474
CYL_PRES_STAT,0,1594871160.8981388
CYL_PRES_STAT,0,1594871160.9185214
CYL_PRES_STAT,0,1594871160.9306881
CYL_PRES_STAT,0,1594871160.959359
CYL_PRES_STAT,0,1594871160.979975
CYL_PRES_STAT,0,1594871161.000585
CYL_PRES_STAT,0,1594871161.009047
CYL_PRES_STAT,0,1594871161.0294
CYL_PRES_STAT,0,1594871161.0413358
CYL_PRES_STAT,0,1594871161.168437
CYL_PRES_STAT,0,1594871161.176476
CYL_PRES_STAT,0,1594871161.1850731
CYL_PRES_STAT,0,1594871161.1971476
CYL_PRES_STAT,0,1594871161.2298071
CYL_PRES_STAT,0,1594871161.2503269
CYL_PRES_STAT,0,1594871161.258477
CYL_PRES_STAT,0,1594871161.270713
CYL_PRES_STAT,0,1594871161.2910779
CYL_PRES_STAT,0,1594871161.311674
CYL_PRES_STAT,0,1594871161.361174
CYL_PRES_STAT,0,1594871161.4140546
CYL_PRES_STAT,0,1594871161.4636052
CYL_PRES_STAT,0,1594871161.475526
CYL_PRES_STAT,0,1594871161.496341
CYL_PRES_STAT,0,1594871161.50829
CYL_PRES_STAT,0,1594871161.517062
CYL_PRES_STAT,0,1594871161.540958
CYL_PRES_STAT,0,1594871161.549385
CYL_PRES_STAT,0,1594871161.557748
CYL_PRES_STAT,0,1594871161.6843429
CYL_PRES_STAT,0,1594871161.713192
CYL_PRES_STAT,0,1594871161.766769
CYL_PRES_STAT,0,1594871161.7749
CYL_PRES_STAT,0,1594871161.7866461
CYL_PRES_STAT,0,1594871161.80741
CYL_PRES_STAT,0,1594871161.8692892
CYL_PRES_STAT,0,1594871161.8895636
CYL_PRES_STAT,0,1594871161.950687
CYL_PRES_STAT,0,1594871161.9834359
CYL_PRES_STAT,0,1594871162.012343
CYL_PRES_STAT,0,1594871162.032935
CYL_PRES_STAT,0,1594871162.057083
CYL_PRES_STAT,0,1594871162.077554
CYL_PRES_STAT,0,1594871162.1185658
CYL_PRES_STAT,0,1594871162.1390288
CYL_PRES_STAT,0,1594871162.159452
CYL_PRES_STAT,0,1594871162.168009
CYL_PRES_STAT,0,1594871162.1801221
CYL_PRES_STAT,0,1594871162.200505
CYL_PRES_STAT,0,1594871162.368352
CYL_PRES_STAT,0,1594871162.3765626
CYL_PRES_STAT,0,1594871162.385037
CYL_PRES_STAT,0,1594871162.40572
CYL_PRES_STAT,0,1594871162.4174821
CYL_PRES_STAT,0,1594871162.429754
CYL_PRES_STAT,0,1594871162.446965
CYL_PRES_STAT,0,1594871162.4912288
CYL_PRES_STAT,0,1594871162.499507
CYL_PRES_STAT,0,1594871162.51163
CYL_PRES_STAT,0,1594871162.51983
CYL_PRES_STAT,0,1594871162.573117
CYL_PRES_STAT,0,1594871162.667286
CYL_PRES_STAT,0,1594871162.6965508
CYL_PRES_STAT,0,1594871162.737568
CYL_PRES_STAT,0,1594871162.749311
CYL_PRES_STAT,0,1594871162.7577524
CYL_PRES_STAT,0,1594871162.7783391
CYL_PRES_STAT,0,1594871162.802413
CYL_PRES_STAT,0,1594871162.860144
CYL_PRES_STAT,0,1594871162.8927212
CYL_PRES_STAT,0,1594871162.946004
CYL_PRES_STAT,0,1594871162.9867706
CYL_PRES_STAT,0,1594871162.99539
CYL_PRES_STAT,0,1594871163.0072231
CYL_PRES_STAT,0,1594871163.027771
CYL_PRES_STAT,0,1594871163.0486438
CYL_PRES_STAT,0,1594871163.069001
CYL_PRES_STAT,0,1594871163.1014578
CYL_PRES_STAT,0,1594871163.1097226
CYL_PRES_STAT,0,1594871163.121927
CYL_PRES_STAT,0,1594871163.150657
CYL_PRES_STAT,0,1594871163.2571342
CYL_PRES_STAT,0,1594871163.277736
CYL_PRES_STAT,0,1594871163.298222
CYL_PRES_STAT,0,1594871163.319293
CYL_PRES_STAT,0,1594871163.380061
CYL_PRES_STAT,0,1594871163.474119
CYL_PRES_STAT,0,1594871163.5478618
CYL_PRES_STAT,0,1594871163.568522
CYL_PRES_STAT,0,1594871163.576674
CYL_PRES_STAT,0,1594871163.6502788
CYL_PRES_STAT,0,1594871163.720107
CYL_PRES_STAT,0,1594871163.732299
CYL_PRES_STAT,0,1594871163.773162
CYL_PRES_STAT,0,1594871163.8346689
CYL_PRES_STAT,0,1594871163.876016
CYL_PRES_STAT,0,1594871163.896898
CYL_PRES_STAT,0,1594871163.908504
CYL_PRES_STAT,0,1594871163.920779
CYL_PRES_STAT,0,1594871163.9288368
CYL_PRES_STAT,0,1594871163.937472
CYL_PRES_STAT,0,1594871163.9579349
CYL_PRES_STAT,0,1594871164.0027788
CYL_PRES_STAT,0,1594871164.1460636
CYL_PRES_STAT,0,1594871164.166527
CYL_PRES_STAT,0,1594871164.1750998
CYL_PRES_STAT,0,1594871164.1868892
CYL_PRES_STAT,0,1594871164.2073052
CYL_PRES_STAT,0,1594871164.22787
CYL_PRES_STAT,0,1594871164.289644
CYL_PRES_STAT,0,1594871164.383464
CYL_PRES_STAT,0,1594871164.3920178
CYL_PRES_STAT,0,1594871164.457126
CYL_PRES_STAT,0,1594871164.5682392
CYL_PRES_STAT,0,1594871164.768572
CYL_PRES_STAT,0,1594871164.776638
CYL_PRES_STAT,0,1594871164.785583
CYL_PRES_STAT,0,1594871164.8093581
CYL_PRES_STAT,0,1594871164.817933
CYL_PRES_STAT,0,1594871164.8913949
CYL_PRES_STAT,0,1594871164.899649
CYL_PRES_STAT,0,1594871164.911767
CYL_PRES_STAT,0,1594871164.993773
CYL_PRES_STAT,0,1594871165.035309
CYL_PRES_STAT,0,1594871165.0555902
CYL_PRES_STAT,0,1594871165.067611
CYL_PRES_STAT,0,1594871165.0760071
CYL_PRES_STAT,0,1594871165.1376
CYL_PRES_STAT,0,1594871165.182156
CYL_PRES_STAT,0,1594871165.264009
CYL_PRES_STAT,0,1594871165.325514
CYL_PRES_STAT,0,1594871165.38692
CYL_PRES_STAT,0,1594871165.399251
CYL_PRES_STAT,0,1594871165.44875
CYL_PRES_STAT,0,1594871165.657233
CYL_PRES_STAT,0,1594871165.677749
CYL_PRES_STAT,0,1594871165.6982534
CYL_PRES_STAT,0,1594871165.718679
CYL_PRES_STAT,0,1594871165.7271821
CYL_PRES_STAT,0,1594871165.8211179
CYL_PRES_STAT,0,1594871165.874346
CYL_PRES_STAT,0,1594871165.948058
CYL_PRES_STAT,0,1594871165.9649112
CYL_PRES_STAT,0,1594871166.0094578
CYL_PRES_STAT,0,1594871166.0300481
CYL_PRES_STAT,0,1594871166.0504794
CYL_PRES_STAT,0,1594871166.059155
CYL_PRES_STAT,0,1594871166.0913742
CYL_PRES_STAT,0,1594871166.1323528
CYL_PRES_STAT,0,1594871166.1855369
CYL_PRES_STAT,0,1594871166.226548
CYL_PRES_STAT,0,1594871166.2470012
CYL_PRES_STAT,0,1594871166.2556958
CYL_PRES_STAT,0,1594871166.276109
CYL_PRES_STAT,0,1594871166.3003252
CYL_PRES_STAT,0,1594871166.3090131
CYL_PRES_STAT,0,1594871166.320714
CYL_PRES_STAT,0,1594871166.328953
CYL_PRES_STAT,0,1594871166.341311
CYL_PRES_STAT,0,1594871166.382228
CYL_PRES_STAT,0,1594871166.3904488
CYL_PRES_STAT,0,1594871166.558375
CYL_PRES_STAT,0,1594871166.596214
CYL_PRES_STAT,0,1594871166.6402938
CYL_PRES_STAT,0,1594871166.6489012
CYL_PRES_STAT,0,1594871166.669357
CYL_PRES_STAT,0,1594871166.7514591
CYL_PRES_STAT,0,1594871166.783775
CYL_PRES_STAT,0,1594871166.8368351
CYL_PRES_STAT,0,1594871166.857379
CYL_PRES_STAT,0,1594871166.8777332
CYL_PRES_STAT,0,1594871166.890108
CYL_PRES_STAT,0,1594871166.8983512
CYL_PRES_STAT,0,1594871166.9194374
CYL_PRES_STAT,0,1594871166.927233
CYL_PRES_STAT,0,1594871166.939229
CYL_PRES_STAT,0,1594871166.959818
CYL_PRES_STAT,0,1594871166.968025
CYL_PRES_STAT,0,1594871167.115407
CYL_PRES_STAT,0,1594871167.136318
CYL_PRES_STAT,0,1594871167.16874
CYL_PRES_STAT,0,1594871167.176766
CYL_PRES_STAT,0,1594871167.1856961
CYL_PRES_STAT,0,1594871167.209517
CYL_PRES_STAT,0,1594871167.217779
CYL_PRES_STAT,0,1594871167.2711089
CYL_PRES_STAT,0,1594871167.291404
CYL_PRES_STAT,0,1594871167.373426
CYL_PRES_STAT,0,1594871167.4148214
CYL_PRES_STAT,0,1594871167.4354641
CYL_PRES_STAT,0,1594871167.4593546
CYL_PRES_STAT,0,1594871167.4798348
CYL_PRES_STAT,0,1594871167.5170438
CYL_PRES_STAT,0,1594871167.5413802
CYL_PRES_STAT,0,1594871167.561779
CYL_PRES_STAT,0,1594871167.58229
CYL_PRES_STAT,0,1594871167.7342458
CYL_PRES_STAT,0,1594871167.7666402
CYL_PRES_STAT,0,1594871167.7872498
CYL_PRES_STAT,0,1594871167.799367
CYL_PRES_STAT,0,1594871167.8079991
CYL_PRES_STAT,0,1594871167.828449
CYL_PRES_STAT,0,1594871167.8607402
CYL_PRES_STAT,0,1594871167.869327
CYL_PRES_STAT,0,1594871167.889956
CYL_PRES_STAT,0,1594871167.971709
CYL_PRES_STAT,0,1594871168.0247412
CYL_PRES_STAT,0,1594871168.033205
CYL_PRES_STAT,0,1594871168.0494668
CYL_PRES_STAT,0,1594871168.0573592
CYL_PRES_STAT,0,1594871168.078249
CYL_PRES_STAT,0,1594871168.086485
CYL_PRES_STAT,0,1594871168.0985556
CYL_PRES_STAT,0,1594871168.13944
CYL_PRES_STAT,0,1594871168.1597939
CYL_PRES_STAT,0,1594871168.315422
CYL_PRES_STAT,0,1594871168.3239539
CYL_PRES_STAT,0,1594871168.344496
CYL_PRES_STAT,0,1594871168.356409
CYL_PRES_STAT,0,1594871168.4628742
CYL_PRES_STAT,0,1594871168.561731
CYL_PRES_STAT,0,1594871168.6593962
CYL_PRES_STAT,0,1594871168.6799052
CYL_PRES_STAT,0,1594871168.7004328
CYL_PRES_STAT,0,1594871168.708695
CYL_PRES_STAT,0,1594871168.717133
CYL_PRES_STAT,0,1594871168.729123
CYL_PRES_STAT,0,1594871168.778851
CYL_PRES_STAT,0,1594871168.7906759
CYL_PRES_STAT,0,1594871168.7991269
CYL_PRES_STAT,0,1594871168.8232222
CYL_PRES_STAT,0,1594871168.843749
CYL_PRES_STAT,0,1594871168.864223
CYL_PRES_STAT,0,1594871168.946882
CYL_PRES_STAT,0,1594871168.954845
CYL_PRES_STAT,0,1594871168.9669302
CYL_PRES_STAT,0,1594871168.987363
CYL_PRES_STAT,0,1594871169.028354
CYL_PRES_STAT,0,1594871169.0403118
CYL_PRES_STAT,0,1594871169.049005
CYL_PRES_STAT,0,1594871169.069616
CYL_PRES_STAT,0,1594871169.142772
CYL_PRES_STAT,0,1594871169.151361
CYL_PRES_STAT,0,1594871169.2165508
CYL_PRES_STAT,0,1594871169.236953
CYL_PRES_STAT,0,1594871169.2778714
CYL_PRES_STAT,0,1594871169.2866821
CYL_PRES_STAT,0,1594871169.298398
CYL_PRES_STAT,0,1594871169.339551
CYL_PRES_STAT,0,1594871169.462632
CYL_PRES_STAT,0,1594871169.548341
CYL_PRES_STAT,0,1594871169.565119
CYL_PRES_STAT,0,1594871169.5891669
CYL_PRES_STAT,0,1594871169.609649
CYL_PRES_STAT,0,1594871169.650759
CYL_PRES_STAT,0,1594871169.8151948
CYL_PRES_STAT,0,1594871169.835358
CYL_PRES_STAT,0,1594871169.856132
CYL_PRES_STAT,0,1594871169.867965
CYL_PRES_STAT,0,1594871169.8762722
CYL_PRES_STAT,0,1594871169.9005039
CYL_PRES_STAT,0,1594871169.917192
CYL_PRES_STAT,0,1594871169.941484
CYL_PRES_STAT,0,1594871169.9499831
CYL_PRES_STAT,0,1594871169.978833
CYL_PRES_STAT,0,1594871169.9906418
CYL_PRES_STAT,0,1594871170.0029151
CYL_PRES_STAT,0,1594871170.073133
CYL_PRES_STAT,0,1594871170.0849018
CYL_PRES_STAT,0,1594871170.146516
CYL_PRES_STAT,0,1594871170.1671636
CYL_PRES_STAT,0,1594871170.1875992
CYL_PRES_STAT,0,1594871170.199699
CYL_PRES_STAT,0,1594871170.2081609
CYL_PRES_STAT,0,1594871170.232203
CYL_PRES_STAT,0,1594871170.249026
CYL_PRES_STAT,0,1594871170.2694411
CYL_PRES_STAT,0,1594871170.436981
CYL_PRES_STAT,0,1594871170.4461818
CYL_PRES_STAT,0,1594871170.466368
CYL_PRES_STAT,0,1594871170.4779902
CYL_PRES_STAT,0,1594871170.5312982
CYL_PRES_STAT,0,1594871170.5394614
CYL_PRES_STAT,0,1594871170.559867
CYL_PRES_STAT,0,1594871170.6541278
CYL_PRES_STAT,0,1594871170.727921
CYL_PRES_STAT,0,1594871170.7360196
CYL_PRES_STAT,0,1594871170.77743
CYL_PRES_STAT,0,1594871170.7892141
CYL_PRES_STAT,0,1594871170.809706
CYL_PRES_STAT,0,1594871170.830268
CYL_PRES_STAT,0,1594871170.8507366
CYL_PRES_STAT,0,1594871170.961838
CYL_PRES_STAT,0,1594871171.026824
CYL_PRES_STAT,0,1594871171.035739
CYL_PRES_STAT,0,1594871171.059531
CYL_PRES_STAT,0,1594871171.080159
CYL_PRES_STAT,0,1594871171.0881472
CYL_PRES_STAT,0,1594871171.09724
CYL_PRES_STAT,0,1594871171.1089098
CYL_PRES_STAT,0,1594871171.117696
CYL_PRES_STAT,0,1594871171.23171
CYL_PRES_STAT,0,1594871171.2729988
CYL_PRES_STAT,0,1594871171.325911
CYL_PRES_STAT,0,1594871171.3472042
CYL_PRES_STAT,0,1594871171.367551
CYL_PRES_STAT,0,1594871171.39954
CYL_PRES_STAT,0,1594871171.408124
CYL_PRES_STAT,0,1594871171.428402
CYL_PRES_STAT,0,1594871171.4405608
CYL_PRES_STAT,0,1594871171.449099
CYL_PRES_STAT,0,1594871171.531126
CYL_PRES_STAT,0,1594871171.596249
CYL_PRES_STAT,0,1594871171.604439
CYL_PRES_STAT,0,1594871171.6166909
CYL_PRES_STAT,0,1594871171.6576211
CYL_PRES_STAT,0,1594871171.6781359
CYL_PRES_STAT,0,1594871171.6902974
CYL_PRES_STAT,0,1594871171.7805884
CYL_PRES_STAT,0,1594871171.9243119
CYL_PRES_STAT,0,1594871171.9362712
CYL_PRES_STAT,0,1594871171.944984
CYL_PRES_STAT,0,1594871171.96902
CYL_PRES_STAT,0,1594871171.9892972
CYL_PRES_STAT,0,1594871171.997587
CYL_PRES_STAT,0,1594871172.03056
CYL_PRES_STAT,0,1594871172.0590878
CYL_PRES_STAT,0,1594871172.0918028
CYL_PRES_STAT,0,1594871172.214761
CYL_PRES_STAT,0,1594871172.235478
CYL_PRES_STAT,0,1594871172.2974188
CYL_PRES_STAT,0,1594871172.350018
CYL_PRES_STAT,0,1594871172.3620949
CYL_PRES_STAT,0,1594871172.390744
CYL_PRES_STAT,0,1594871172.402975
CYL_PRES_STAT,0,1594871172.546574
CYL_PRES_STAT,0,1594871172.56765
CYL_PRES_STAT,0,1594871172.60842
CYL_PRES_STAT,0,1594871172.816726
CYL_PRES_STAT,0,1594871172.8495512
CYL_PRES_STAT,0,1594871172.857665
CYL_PRES_STAT,0,1594871172.878221
CYL_PRES_STAT,0,1594871172.919345
CYL_PRES_STAT,0,1594871172.931361
CYL_PRES_STAT,0,1594871172.9400554
CYL_PRES_STAT,0,1594871172.960366
CYL_PRES_STAT,0,1594871173.0424788
CYL_PRES_STAT,0,1594871173.054326
CYL_PRES_STAT,0,1594871173.095268
CYL_PRES_STAT,0,1594871173.1074939
CYL_PRES_STAT,0,1594871173.124355
CYL_PRES_STAT,0,1594871173.1688588
CYL_PRES_STAT,0,1594871173.1894321
CYL_PRES_STAT,0,1594871173.2099562
CYL_PRES_STAT,0,1594871173.230488
CYL_PRES_STAT,0,1594871173.27128
CYL_PRES_STAT,0,1594871173.321058
CYL_PRES_STAT,0,1594871173.435807
CYL_PRES_STAT,0,1594871173.480282
CYL_PRES_STAT,0,1594871173.488376
CYL_PRES_STAT,0,1594871173.497333
CYL_PRES_STAT,0,1594871173.541714
CYL_PRES_STAT,0,1594871173.664644
CYL_PRES_STAT,0,1594871173.7055519
CYL_PRES_STAT,0,1594871173.726326
CYL_PRES_STAT,0,1594871173.7468126
CYL_PRES_STAT,0,1594871173.767075
CYL_PRES_STAT,0,1594871173.775805
CYL_PRES_STAT,0,1594871173.8083498
CYL_PRES_STAT,0,1594871173.829002
CYL_PRES_STAT,0,1594871173.840689
CYL_PRES_STAT,0,1594871173.90225
CYL_PRES_STAT,0,1594871173.9106991
CYL_PRES_STAT,0,1594871173.9963
CYL_PRES_STAT,0,1594871174.004977
CYL_PRES_STAT,0,1594871174.016804
CYL_PRES_STAT,0,1594871174.057782
CYL_PRES_STAT,0,1594871174.0781848
CYL_PRES_STAT,0,1594871174.090516
CYL_PRES_STAT,0,1594871174.099361
CYL_PRES_STAT,0,1594871174.127693
CYL_PRES_STAT,0,1594871174.139691
CYL_PRES_STAT,0,1594871174.1723342
CYL_PRES_STAT,0,1594871174.1806939
CYL_PRES_STAT,0,1594871174.233784
CYL_PRES_STAT,0,1594871174.315837
CYL_PRES_STAT,0,1594871174.324424
CYL_PRES_STAT,0,1594871174.480341
CYL_PRES_STAT,0,1594871174.5738199
CYL_PRES_STAT,0,1594871174.6476462
CYL_PRES_STAT,0,1594871174.680522
CYL_PRES_STAT,0,1594871174.700733
CYL_PRES_STAT,0,1594871174.758676
CYL_PRES_STAT,0,1594871174.790988
CYL_PRES_STAT,0,1594871174.8645859
CYL_PRES_STAT,0,1594871174.893595
CYL_PRES_STAT,0,1594871174.926393
CYL_PRES_STAT,0,1594871174.946938
CYL_PRES_STAT,0,1594871174.967113
CYL_PRES_STAT,0,1594871174.9881911
CYL_PRES_STAT,0,1594871174.996089
CYL_PRES_STAT,0,1594871175.049633
CYL_PRES_STAT,0,1594871175.089959
CYL_PRES_STAT,0,1594871175.122633
CYL_PRES_STAT,0,1594871175.216809
CYL_PRES_STAT,0,1594871175.237324
CYL_PRES_STAT,0,1594871175.2465556
CYL_PRES_STAT,0,1594871175.257843
CYL_PRES_STAT,0,1594871175.278371
CYL_PRES_STAT,0,1594871175.2874131
CYL_PRES_STAT,0,1594871175.2988338
CYL_PRES_STAT,0,1594871175.3278544
CYL_PRES_STAT,0,1594871175.3488789
CYL_PRES_STAT,0,1594871175.4543009
CYL_PRES_STAT,0,1594871175.507586
CYL_PRES_STAT,0,1594871175.5245812
CYL_PRES_STAT,0,1594871175.569024
CYL_PRES_STAT,0,1594871175.577714
CYL_PRES_STAT,0,1594871175.5895636
CYL_PRES_STAT,0,1594871175.6099954
CYL_PRES_STAT,0,1594871175.6306279
CYL_PRES_STAT,0,1594871175.680372
CYL_PRES_STAT,0,1594871175.8153546
CYL_PRES_STAT,0,1594871175.8270988
CYL_PRES_STAT,0,1594871175.836173
CYL_PRES_STAT,0,1594871175.859786
CYL_PRES_STAT,0,1594871175.880529
CYL_PRES_STAT,0,1594871175.8885849
CYL_PRES_STAT,0,1594871175.941799
CYL_PRES_STAT,0,1594871175.958731
CYL_PRES_STAT,0,1594871176.1061716
CYL_PRES_STAT,0,1594871176.12651
CYL_PRES_STAT,0,1594871176.146893
CYL_PRES_STAT,0,1594871176.158839
CYL_PRES_STAT,0,1594871176.188019
CYL_PRES_STAT,0,1594871176.208614
CYL_PRES_STAT,0,1594871176.229324
CYL_PRES_STAT,0,1594871176.240926
CYL_PRES_STAT,0,1594871176.290402
CYL_PRES_STAT,0,1594871176.404995
CYL_PRES_STAT,0,1594871176.4581409
CYL_PRES_STAT,0,1594871176.479119
CYL_PRES_STAT,0,1594871176.490665
CYL_PRES_STAT,0,1594871176.498889
CYL_PRES_STAT,0,1594871176.519377
CYL_PRES_STAT,0,1594871176.5603242
CYL_PRES_STAT,0,1594871176.6835618
CYL_PRES_STAT,0,1594871176.7039769
CYL_PRES_STAT,0,1594871176.7283251
CYL_PRES_STAT,0,1594871176.736982
CYL_PRES_STAT,0,1594871176.748678
CYL_PRES_STAT,0,1594871176.7690802
CYL_PRES_STAT,0,1594871176.8100061
CYL_PRES_STAT,0,1594871176.818753
CYL_PRES_STAT,0,1594871176.830559
CYL_PRES_STAT,0,1594871176.838797
CYL_PRES_STAT,0,1594871176.859628
CYL_PRES_STAT,0,1594871176.871584
CYL_PRES_STAT,0,1594871176.9780328
CYL_PRES_STAT,0,1594871176.9862
CYL_PRES_STAT,0,1594871176.9947698
CYL_PRES_STAT,0,1594871177.015303
CYL_PRES_STAT,0,1594871177.0563688
CYL_PRES_STAT,0,1594871177.0683806
CYL_PRES_STAT,0,1594871177.076658
CYL_PRES_STAT,0,1594871177.101069
CYL_PRES_STAT,0,1594871177.121453
CYL_PRES_STAT,0,1594871177.162376
CYL_PRES_STAT,0,1594871177.2201052
CYL_PRES_STAT,0,1594871177.253097
CYL_PRES_STAT,0,1594871177.32616
CYL_PRES_STAT,0,1594871177.346724
CYL_PRES_STAT,0,1594871177.367779
CYL_PRES_STAT,0,1594871177.3917089
CYL_PRES_STAT,0,1594871177.4495509
CYL_PRES_STAT,0,1594871177.470167
CYL_PRES_STAT,0,1594871177.490279
CYL_PRES_STAT,0,1594871177.5228071
CYL_PRES_STAT,0,1594871177.555489
CYL_PRES_STAT,0,1594871177.596693
CYL_PRES_STAT,0,1594871177.617196
CYL_PRES_STAT,0,1594871177.6375868
CYL_PRES_STAT,0,1594871177.6461
CYL_PRES_STAT,0,1594871177.6991131
CYL_PRES_STAT,0,1594871177.719486
CYL_PRES_STAT,0,1594871177.7398348
CYL_PRES_STAT,0,1594871177.895796
CYL_PRES_STAT,0,1594871177.9076962
CYL_PRES_STAT,0,1594871177.9452126
CYL_PRES_STAT,0,1594871177.969322
CYL_PRES_STAT,0,1594871177.977844
CYL_PRES_STAT,0,1594871177.989774
CYL_PRES_STAT,0,1594871178.010139
CYL_PRES_STAT,0,1594871178.0393126
CYL_PRES_STAT,0,1594871178.071605
CYL_PRES_STAT,0,1594871178.194885
CYL_PRES_STAT,0,1594871178.227753
CYL_PRES_STAT,0,1594871178.236044
CYL_PRES_STAT,0,1594871178.268455
CYL_PRES_STAT,0,1594871178.276748
CYL_PRES_STAT,0,1594871178.2887151
CYL_PRES_STAT,0,1594871178.2977471
CYL_PRES_STAT,0,1594871178.3298922
CYL_PRES_STAT,0,1594871178.3383849
CYL_PRES_STAT,0,1594871178.403476
CYL_PRES_STAT,0,1594871178.4734578
CYL_PRES_STAT,0,1594871178.50619
CYL_PRES_STAT,0,1594871178.526279
CYL_PRES_STAT,0,1594871178.534864
CYL_PRES_STAT,0,1594871178.567775
CYL_PRES_STAT,0,1594871178.5876448
CYL_PRES_STAT,0,1594871178.6086981
CYL_PRES_STAT,0,1594871178.681847
CYL_PRES_STAT,0,1594871178.690492
CYL_PRES_STAT,0,1594871178.776138
CYL_PRES_STAT,0,1594871178.7965188
CYL_PRES_STAT,0,1594871178.837733
CYL_PRES_STAT,0,1594871178.858476
CYL_PRES_STAT,0,1594871178.87851
CYL_PRES_STAT,0,1594871178.8872056
CYL_PRES_STAT,0,1594871178.899061
CYL_PRES_STAT,0,1594871178.9399092
CYL_PRES_STAT,0,1594871179.0021641
CYL_PRES_STAT,0,1594871179.0341241
CYL_PRES_STAT,0,1594871179.083723
CYL_PRES_STAT,0,1594871179.104411
CYL_PRES_STAT,0,1594871179.12831
CYL_PRES_STAT,0,1594871179.136895
CYL_PRES_STAT,0,1594871179.148824
CYL_PRES_STAT,0,1594871179.169451
CYL_PRES_STAT,0,1594871179.341944
CYL_PRES_STAT,0,1594871179.374436
CYL_PRES_STAT,0,1594871179.395016
CYL_PRES_STAT,0,1594871179.415436
CYL_PRES_STAT,0,1594871179.456466
CYL_PRES_STAT,0,1594871179.46825
CYL_PRES_STAT,0,1594871179.4768689
CYL_PRES_STAT,0,1594871179.500927
CYL_PRES_STAT,0,1594871179.521502
CYL_PRES_STAT,0,1594871179.644394
CYL_PRES_STAT,0,1594871179.664966
CYL_PRES_STAT,0,1594871179.7059069
CYL_PRES_STAT,0,1594871179.718282
CYL_PRES_STAT,0,1594871179.7263632
CYL_PRES_STAT,0,1594871179.747463
CYL_PRES_STAT,0,1594871179.829225
CYL_PRES_STAT,0,1594871179.849598
CYL_PRES_STAT,0,1594871179.8614466
CYL_PRES_STAT,0,1594871179.8905358
CYL_PRES_STAT,0,1594871179.9110801
CYL_PRES_STAT,0,1594871179.935153
CYL_PRES_STAT,0,1594871179.976181
CYL_PRES_STAT,0,1594871179.9966366
CYL_PRES_STAT,0,1594871180.0171351
CYL_PRES_STAT,0,1594871180.0377312
CYL_PRES_STAT,0,1594871180.046538
CYL_PRES_STAT,0,1594871180.058181
CYL_PRES_STAT,0,1594871180.0786626
CYL_PRES_STAT,0,1594871180.099083
CYL_PRES_STAT,0,1594871180.172722
CYL_PRES_STAT,0,1594871180.181313
CYL_PRES_STAT,0,1594871180.295817
CYL_PRES_STAT,0,1594871180.3778849
CYL_PRES_STAT,0,1594871180.389832
CYL_PRES_STAT,0,1594871180.4107618
CYL_PRES_STAT,0,1594871180.451503
CYL_PRES_STAT,0,1594871180.5332394
CYL_PRES_STAT,0,1594871180.578284
CYL_PRES_STAT,0,1594871180.595083
CYL_PRES_STAT,0,1594871180.6157591
CYL_PRES_STAT,0,1594871180.635935
CYL_PRES_STAT,0,1594871180.6565778
CYL_PRES_STAT,0,1594871180.709322
CYL_PRES_STAT,0,1594871180.7178938
CYL_PRES_STAT,0,1594871180.741983
CYL_PRES_STAT,0,1594871180.8771448
CYL_PRES_STAT,0,1594871180.885824
CYL_PRES_STAT,0,1594871180.926478
CYL_PRES_STAT,0,1594871180.9591944
CYL_PRES_STAT,0,1594871180.968076
CYL_PRES_STAT,0,1594871180.988304
CYL_PRES_STAT,0,1594871181.0086858
CYL_PRES_STAT,0,1594871181.0296311
CYL_PRES_STAT,0,1594871181.0906448
CYL_PRES_STAT,0,1594871181.217403
CYL_PRES_STAT,0,1594871181.237646
CYL_PRES_STAT,0,1594871181.258264
CYL_PRES_STAT,0,1594871181.2791831
CYL_PRES_STAT,0,1594871181.307711
CYL_PRES_STAT,0,1594871181.4752374
CYL_PRES_STAT,0,1594871181.483971
CYL_PRES_STAT,0,1594871181.524805
CYL_PRES_STAT,0,1594871181.536832
CYL_PRES_STAT,0,1594871181.5452714
CYL_PRES_STAT,0,1594871181.589857
CYL_PRES_STAT,0,1594871181.6104019
CYL_PRES_STAT,0,1594871181.618863
CYL_PRES_STAT,0,1594871181.6308534
CYL_PRES_STAT,0,1594871181.774555
CYL_PRES_STAT,0,1594871181.795415
CYL_PRES_STAT,0,1594871181.839682
CYL_PRES_STAT,0,1594871181.860217
CYL_PRES_STAT,0,1594871181.868748
CYL_PRES_STAT,0,1594871181.880748
CYL_PRES_STAT,0,1594871181.921542
CYL_PRES_STAT,0,1594871181.950624
CYL_PRES_STAT,0,1594871182.012054
CYL_PRES_STAT,0,1594871182.03268
CYL_PRES_STAT,0,1594871182.0650609
CYL_PRES_STAT,0,1594871182.0940359
CYL_PRES_STAT,0,1594871182.106003
CYL_PRES_STAT,0,1594871182.1182456
CYL_PRES_STAT,0,1594871182.126573
CYL_PRES_STAT,0,1594871182.1472454
CYL_PRES_STAT,0,1594871182.2089338
CYL_PRES_STAT,0,1594871182.229656
CYL_PRES_STAT,0,1594871182.241128
CYL_PRES_STAT,0,1594871182.3231812
CYL_PRES_STAT,0,1594871182.376286
CYL_PRES_STAT,0,1594871182.396908
CYL_PRES_STAT,0,1594871182.41754
CYL_PRES_STAT,0,1594871182.437732
CYL_PRES_STAT,0,1594871182.4794738
CYL_PRES_STAT,0,1594871182.5077946
CYL_PRES_STAT,0,1594871182.5195782
CYL_PRES_STAT,0,1594871182.531899
CYL_PRES_STAT,0,1594871182.622551
CYL_PRES_STAT,0,1594871182.6874368
CYL_PRES_STAT,0,1594871182.695822
CYL_PRES_STAT,0,1594871182.7491288
CYL_PRES_STAT,0,1594871182.7695038
CYL_PRES_STAT,0,1594871182.778317
CYL_PRES_STAT,0,1594871182.790151
CYL_PRES_STAT,0,1594871182.810493
CYL_PRES_STAT,0,1594871182.892417
CYL_PRES_STAT,0,1594871182.97479
CYL_PRES_STAT,0,1594871182.995459
CYL_PRES_STAT,0,1594871183.019215
CYL_PRES_STAT,0,1594871183.0397398
CYL_PRES_STAT,0,1594871183.06017
CYL_PRES_STAT,0,1594871183.101449
CYL_PRES_STAT,0,1594871183.1095278
CYL_PRES_STAT,0,1594871183.118442
CYL_PRES_STAT,0,1594871183.14222
CYL_PRES_STAT,0,1594871183.1832108
CYL_PRES_STAT,0,1594871183.2861779
CYL_PRES_STAT,0,1594871183.3474188
CYL_PRES_STAT,0,1594871183.359265
CYL_PRES_STAT,0,1594871183.3679938
CYL_PRES_STAT,0,1594871183.391979
CYL_PRES_STAT,0,1594871183.420758
CYL_PRES_STAT,0,1594871183.4291382
CYL_PRES_STAT,0,1594871183.4821901
CYL_PRES_STAT,0,1594871183.490779
CYL_PRES_STAT,0,1594871183.5027056
CYL_PRES_STAT,0,1594871183.555836
CYL_PRES_STAT,0,1594871183.596822
CYL_PRES_STAT,0,1594871183.6090171
CYL_PRES_STAT,0,1594871183.617276
CYL_PRES_STAT,0,1594871183.637811
CYL_PRES_STAT,0,1594871183.658657
CYL_PRES_STAT,0,1594871183.679512
CYL_PRES_STAT,0,1594871183.719743
CYL_PRES_STAT,0,1594871183.760656
CYL_PRES_STAT,0,1594871183.834372
CYL_PRES_STAT,0,1594871183.88753
CYL_PRES_STAT,0,1594871183.908092
CYL_PRES_STAT,0,1594871183.9286098
CYL_PRES_STAT,0,1594871183.936843
CYL_PRES_STAT,0,1594871183.9899712
CYL_PRES_STAT,0,1594871184.145566
CYL_PRES_STAT,0,1594871184.154184
CYL_PRES_STAT,0,1594871184.174724
CYL_PRES_STAT,0,1594871184.186583
CYL_PRES_STAT,0,1594871184.236488
CYL_PRES_STAT,0,1594871184.268987
CYL_PRES_STAT,0,1594871184.403734
CYL_PRES_STAT,0,1594871184.424201
CYL_PRES_STAT,0,1594871184.5065842
CYL_PRES_STAT,0,1594871184.518359
CYL_PRES_STAT,0,1594871184.526967
CYL_PRES_STAT,0,1594871184.5513332
CYL_PRES_STAT,0,1594871184.559257
CYL_PRES_STAT,0,1594871184.600375
CYL_PRES_STAT,0,1594871184.608994
CYL_PRES_STAT,0,1594871184.629427
CYL_PRES_STAT,0,1594871184.66199
CYL_PRES_STAT,0,1594871184.6708171
CYL_PRES_STAT,0,1594871184.715122
CYL_PRES_STAT,0,1594871184.756031
CYL_PRES_STAT,0,1594871184.7646651
CYL_PRES_STAT,0,1594871184.776421
CYL_PRES_STAT,0,1594871184.796941
CYL_PRES_STAT,0,1594871184.817516
CYL_PRES_STAT,0,1594871184.858454
CYL_PRES_STAT,0,1594871184.879004
CYL_PRES_STAT,0,1594871184.89936
CYL_PRES_STAT,0,1594871184.9203806
CYL_PRES_STAT,0,1594871185.042976
CYL_PRES_STAT,0,1594871185.063978
CYL_PRES_STAT,0,1594871185.0755382
CYL_PRES_STAT,0,1594871185.08402
CYL_PRES_STAT,0,1594871185.108298
CYL_PRES_STAT,0,1594871185.1287642
CYL_PRES_STAT,0,1594871185.1368961
CYL_PRES_STAT,0,1594871185.1490788
CYL_PRES_STAT,0,1594871185.169607
CYL_PRES_STAT,0,1594871185.190183
CYL_PRES_STAT,0,1594871185.231083
CYL_PRES_STAT,0,1594871185.3784132
CYL_PRES_STAT,0,1594871185.398936
CYL_PRES_STAT,0,1594871185.40715
CYL_PRES_STAT,0,1594871185.4156976
CYL_PRES_STAT,0,1594871185.4276328
CYL_PRES_STAT,0,1594871185.435953
CYL_PRES_STAT,0,1594871185.4809752
CYL_PRES_STAT,0,1594871185.4977114
CYL_PRES_STAT,0,1594871185.5096698
CYL_PRES_STAT,0,1594871185.6537228
CYL_PRES_STAT,0,1594871185.6654449
CYL_PRES_STAT,0,1594871185.6737568
CYL_PRES_STAT,0,1594871185.6859038
CYL_PRES_STAT,0,1594871185.7478874
CYL_PRES_STAT,0,1594871185.75951
CYL_PRES_STAT,0,1594871185.768092
CYL_PRES_STAT,0,1594871185.7922199
CYL_PRES_STAT,0,1594871185.861774
CYL_PRES_STAT,0,1594871185.870452
CYL_PRES_STAT,0,1594871185.9437492
CYL_PRES_STAT,0,1594871185.9969866
CYL_PRES_STAT,0,1594871186.005593
CYL_PRES_STAT,0,1594871186.0175571
CYL_PRES_STAT,0,1594871186.058518
CYL_PRES_STAT,0,1594871186.1730962
CYL_PRES_STAT,0,1594871186.2550774
CYL_PRES_STAT,0,1594871186.308388
CYL_PRES_STAT,0,1594871186.328855
CYL_PRES_STAT,0,1594871186.3375318
CYL_PRES_STAT,0,1594871186.3696918
CYL_PRES_STAT,0,1594871186.3901818
CYL_PRES_STAT,0,1594871186.431187
CYL_PRES_STAT,0,1594871186.4601731
CYL_PRES_STAT,0,1594871186.4720829
CYL_PRES_STAT,0,1594871186.5047948
CYL_PRES_STAT,0,1594871186.558059
CYL_PRES_STAT,0,1594871186.5663412
CYL_PRES_STAT,0,1594871186.574867
CYL_PRES_STAT,0,1594871186.615863
CYL_PRES_STAT,0,1594871186.63995
CYL_PRES_STAT,0,1594871186.648444
CYL_PRES_STAT,0,1594871186.6569624
CYL_PRES_STAT,0,1594871186.668624
CYL_PRES_STAT,0,1594871186.677352
CYL_PRES_STAT,0,1594871186.8330636
CYL_PRES_STAT,0,1594871186.865621
CYL_PRES_STAT,0,1594871186.886286
CYL_PRES_STAT,0,1594871186.8943038
CYL_PRES_STAT,0,1594871186.90628
CYL_PRES_STAT,0,1594871186.918561
CYL_PRES_STAT,0,1594871186.9273028
CYL_PRES_STAT,0,1594871186.9478662
CYL_PRES_STAT,0,1594871186.9886699
CYL_PRES_STAT,0,1594871187.000708
CYL_PRES_STAT,0,1594871187.0089226
CYL_PRES_STAT,0,1594871187.156189
CYL_PRES_STAT,0,1594871187.176553
CYL_PRES_STAT,0,1594871187.197108
CYL_PRES_STAT,0,1594871187.2176108
CYL_PRES_STAT,0,1594871187.279006
CYL_PRES_STAT,0,1594871187.299517
CYL_PRES_STAT,0,1594871187.311769
CYL_PRES_STAT,0,1594871187.320131
CYL_PRES_STAT,0,1594871187.393524
CYL_PRES_STAT,0,1594871187.447077
CYL_PRES_STAT,0,1594871187.496499
CYL_PRES_STAT,0,1594871187.5083869
CYL_PRES_STAT,0,1594871187.528831
CYL_PRES_STAT,0,1594871187.5372849
CYL_PRES_STAT,0,1594871187.549286
CYL_PRES_STAT,0,1594871187.569741
CYL_PRES_STAT,0,1594871187.581992
CYL_PRES_STAT,0,1594871187.631265
CYL_PRES_STAT,0,1594871187.6516569
CYL_PRES_STAT,0,1594871187.725434
CYL_PRES_STAT,0,1594871187.754615
CYL_PRES_STAT,0,1594871187.775033
CYL_PRES_STAT,0,1594871187.795543
CYL_PRES_STAT,0,1594871187.8277912
CYL_PRES_STAT,0,1594871187.8367748
CYL_PRES_STAT,0,1594871187.880992
CYL_PRES_STAT,0,1594871187.897855
CYL_PRES_STAT,0,1594871187.921886
CYL_PRES_STAT,0,1594871188.0654302
CYL_PRES_STAT,0,1594871188.0739849
CYL_PRES_STAT,0,1594871188.1268966
CYL_PRES_STAT,0,1594871188.147677
CYL_PRES_STAT,0,1594871188.15949
CYL_PRES_STAT,0,1594871188.168504
CYL_PRES_STAT,0,1594871188.356153
CYL_PRES_STAT,0,1594871188.385451
CYL_PRES_STAT,0,1594871188.397155
CYL_PRES_STAT,0,1594871188.4057431
CYL_PRES_STAT,0,1594871188.438566
CYL_PRES_STAT,0,1594871188.458617
CYL_PRES_STAT,0,1594871188.499656
CYL_PRES_STAT,0,1594871188.540446
CYL_PRES_STAT,0,1594871188.6142342
CYL_PRES_STAT,0,1594871188.646989
CYL_PRES_STAT,0,1594871188.655179
CYL_PRES_STAT,0,1594871188.6675358
CYL_PRES_STAT,0,1594871188.687941
CYL_PRES_STAT,0,1594871188.708402
CYL_PRES_STAT,0,1594871188.749399
CYL_PRES_STAT,0,1594871188.769711
CYL_PRES_STAT,0,1594871188.790456
CYL_PRES_STAT,0,1594871188.954591
CYL_PRES_STAT,0,1594871189.040046
CYL_PRES_STAT,0,1594871189.06059
CYL_PRES_STAT,0,1594871189.0692189
CYL_PRES_STAT,0,1594871189.081069
CYL_PRES_STAT,0,1594871189.101693
CYL_PRES_STAT,0,1594871189.1220212
CYL_PRES_STAT,0,1594871189.266249
CYL_PRES_STAT,0,1594871189.285991
CYL_PRES_STAT,0,1594871189.318778
CYL_PRES_STAT,0,1594871189.326908
CYL_PRES_STAT,0,1594871189.347383
CYL_PRES_STAT,0,1594871189.3887649
CYL_PRES_STAT,0,1594871189.40061
CYL_PRES_STAT,0,1594871189.40915
CYL_PRES_STAT,0,1594871189.5683892
CYL_PRES_STAT,0,1594871189.597217
CYL_PRES_STAT,0,1594871189.638201
CYL_PRES_STAT,0,1594871189.64698
CYL_PRES_STAT,0,1594871189.658634
CYL_PRES_STAT,0,1594871189.679158
CYL_PRES_STAT,0,1594871189.720323
CYL_PRES_STAT,0,1594871189.8433511
CYL_PRES_STAT,0,1594871189.8879054
CYL_PRES_STAT,0,1594871189.8967302
CYL_PRES_STAT,0,1594871189.92913
CYL_PRES_STAT,0,1594871189.9495368
CYL_PRES_STAT,0,1594871189.969855
CYL_PRES_STAT,0,1594871189.978535
CYL_PRES_STAT,0,1594871190.010806
CYL_PRES_STAT,0,1594871190.081048
CYL_PRES_STAT,0,1594871190.092779
CYL_PRES_STAT,0,1594871190.133687
CYL_PRES_STAT,0,1594871190.2279966
CYL_PRES_STAT,0,1594871190.257159
CYL_PRES_STAT,0,1594871190.277482
CYL_PRES_STAT,0,1594871190.289423
CYL_PRES_STAT,0,1594871190.392266
CYL_PRES_STAT,0,1594871190.445633
CYL_PRES_STAT,0,1594871190.465792
CYL_PRES_STAT,0,1594871190.477843
CYL_PRES_STAT,0,1594871190.4859688
CYL_PRES_STAT,0,1594871190.527503
CYL_PRES_STAT,0,1594871190.551662
CYL_PRES_STAT,0,1594871190.5600796
CYL_PRES_STAT,0,1594871190.56848
CYL_PRES_STAT,0,1594871190.5888689
CYL_PRES_STAT,0,1594871190.670902
CYL_PRES_STAT,0,1594871190.776795
CYL_PRES_STAT,0,1594871190.7979949
CYL_PRES_STAT,0,1594871190.809497
CYL_PRES_STAT,0,1594871190.818558
CYL_PRES_STAT,0,1594871190.826248
CYL_PRES_STAT,0,1594871190.83829
CYL_PRES_STAT,0,1594871190.8586216
CYL_PRES_STAT,0,1594871190.8914142
CYL_PRES_STAT,0,1594871190.900358
CYL_PRES_STAT,0,1594871190.9289868
CYL_PRES_STAT,0,1594871191.0436661
CYL_PRES_STAT,0,1594871191.067575
CYL_PRES_STAT,0,1594871191.075763
CYL_PRES_STAT,0,1594871191.084411
CYL_PRES_STAT,0,1594871191.1494448
CYL_PRES_STAT,0,1594871191.1700199
CYL_PRES_STAT,0,1594871191.190443
CYL_PRES_STAT,0,1594871191.2604759
CYL_PRES_STAT,0,1594871191.281416
CYL_PRES_STAT,0,1594871191.292816
CYL_PRES_STAT,0,1594871191.313432
CYL_PRES_STAT,0,1594871191.334095
CYL_PRES_STAT,0,1594871191.386964
CYL_PRES_STAT,0,1594871191.399292
CYL_PRES_STAT,0,1594871191.41984
CYL_PRES_STAT,0,1594871191.440295
CYL_PRES_STAT,0,1594871191.4487274
CYL_PRES_STAT,0,1594871191.4570868
CYL_PRES_STAT,0,1594871191.468993
CYL_PRES_STAT,0,1594871191.481269
CYL_PRES_STAT,0,1594871191.645133
CYL_PRES_STAT,0,1594871191.666036
CYL_PRES_STAT,0,1594871191.6742232
CYL_PRES_STAT,0,1594871191.686054
CYL_PRES_STAT,0,1594871191.7105842
CYL_PRES_STAT,0,1594871191.719511
CYL_PRES_STAT,0,1594871191.727438
CYL_PRES_STAT,0,1594871191.768183
CYL_PRES_STAT,0,1594871191.7887502
CYL_PRES_STAT,0,1594871191.841678
CYL_PRES_STAT,0,1594871191.850516
CYL_PRES_STAT,0,1594871191.9154718
CYL_PRES_STAT,0,1594871191.935831
CYL_PRES_STAT,0,1594871191.956445
CYL_PRES_STAT,0,1594871191.9653301
CYL_PRES_STAT,0,1594871191.9768364
CYL_PRES_STAT,0,1594871191.9973052
CYL_PRES_STAT,0,1594871192.0382302
CYL_PRES_STAT,0,1594871192.0507011
CYL_PRES_STAT,0,1594871192.067477
CYL_PRES_STAT,0,1594871192.120343
CYL_PRES_STAT,0,1594871192.132491
CYL_PRES_STAT,0,1594871192.182131
CYL_PRES_STAT,0,1594871192.26774
CYL_PRES_STAT,0,1594871192.288191
CYL_PRES_STAT,0,1594871192.308497
CYL_PRES_STAT,0,1594871192.329334
CYL_PRES_STAT,0,1594871192.3502238
CYL_PRES_STAT,0,1594871192.358263
CYL_PRES_STAT,0,1594871192.3702312
CYL_PRES_STAT,0,1594871192.3904982
CYL_PRES_STAT,0,1594871192.537904
CYL_PRES_STAT,0,1594871192.546647
CYL_PRES_STAT,0,1594871192.5546901
CYL_PRES_STAT,0,1594871192.5752141
CYL_PRES_STAT,0,1594871192.599351
CYL_PRES_STAT,0,1594871192.6161866
CYL_PRES_STAT,0,1594871192.6607802
CYL_PRES_STAT,0,1594871192.681387
CYL_PRES_STAT,0,1594871192.7019491
CYL_PRES_STAT,0,1594871192.824959
CYL_PRES_STAT,0,1594871192.8457222
CYL_PRES_STAT,0,1594871192.8662589
CYL_PRES_STAT,0,1594871192.877955
CYL_PRES_STAT,0,1594871192.9069598
CYL_PRES_STAT,0,1594871192.9273658
CYL_PRES_STAT,0,1594871192.947901
CYL_PRES_STAT,0,1594871192.959872
CYL_PRES_STAT,0,1594871192.96848
CYL_PRES_STAT,0,1594871193.029857
CYL_PRES_STAT,0,1594871193.0418339
CYL_PRES_STAT,0,1594871193.0624306
CYL_PRES_STAT,0,1594871193.1564312
CYL_PRES_STAT,0,1594871193.177043
CYL_PRES_STAT,0,1594871193.197803
CYL_PRES_STAT,0,1594871193.217933
CYL_PRES_STAT,0,1594871193.238442
CYL_PRES_STAT,0,1594871193.2677
CYL_PRES_STAT,0,1594871193.279547
CYL_PRES_STAT,0,1594871193.291565
CYL_PRES_STAT,0,1594871193.300422
CYL_PRES_STAT,0,1594871193.426625
CYL_PRES_STAT,0,1594871193.4472058
CYL_PRES_STAT,0,1594871193.4559438
CYL_PRES_STAT,0,1594871193.467702
CYL_PRES_STAT,0,1594871193.488086
CYL_PRES_STAT,0,1594871193.529217
CYL_PRES_STAT,0,1594871193.537689
CYL_PRES_STAT,0,1594871193.549622
CYL_PRES_STAT,0,1594871193.6520839
CYL_PRES_STAT,0,1594871193.713867
CYL_PRES_STAT,0,1594871193.7339811
CYL_PRES_STAT,0,1594871193.779032
CYL_PRES_STAT,0,1594871193.7878802
CYL_PRES_STAT,0,1594871193.7994401
CYL_PRES_STAT,0,1594871193.807735
CYL_PRES_STAT,0,1594871193.816515
CYL_PRES_STAT,0,1594871193.8403368
CYL_PRES_STAT,0,1594871193.8608372
CYL_PRES_STAT,0,1594871193.9018881
CYL_PRES_STAT,0,1594871193.942631
CYL_PRES_STAT,0,1594871194.0042171
CYL_PRES_STAT,0,1594871194.036983
CYL_PRES_STAT,0,1594871194.0454552
CYL_PRES_STAT,0,1594871194.0659711
CYL_PRES_STAT,0,1594871194.0984411
CYL_PRES_STAT,0,1594871194.106719
CYL_PRES_STAT,0,1594871194.1890562
CYL_PRES_STAT,0,1594871194.2094028
CYL_PRES_STAT,0,1594871194.335941
CYL_PRES_STAT,0,1594871194.356821
CYL_PRES_STAT,0,1594871194.418109
CYL_PRES_STAT,0,1594871194.438899
CYL_PRES_STAT,0,1594871194.45922
CYL_PRES_STAT,0,1594871194.512182
CYL_PRES_STAT,0,1594871194.520735
CYL_PRES_STAT,0,1594871194.573535
CYL_PRES_STAT,0,1594871194.614624
CYL_PRES_STAT,0,1594871194.6232672
CYL_PRES_STAT,0,1594871194.667922
CYL_PRES_STAT,0,1594871194.696681
CYL_PRES_STAT,0,1594871194.7086568
CYL_PRES_STAT,0,1594871194.782445
CYL_PRES_STAT,0,1594871194.934608
CYL_PRES_STAT,0,1594871194.946552
CYL_PRES_STAT,0,1594871194.954905
CYL_PRES_STAT,0,1594871194.9791126
CYL_PRES_STAT,0,1594871194.996008
CYL_PRES_STAT,0,1594871195.028245
CYL_PRES_STAT,0,1594871195.040421
CYL_PRES_STAT,0,1594871195.0573142
CYL_PRES_STAT,0,1594871195.0814886
CYL_PRES_STAT,0,1594871195.225274
CYL_PRES_STAT,0,1594871195.2336252
CYL_PRES_STAT,0,1594871195.2456331
CYL_PRES_STAT,0,1594871195.2659874
CYL_PRES_STAT,0,1594871195.331219
CYL_PRES_STAT,0,1594871195.351979
CYL_PRES_STAT,0,1594871195.3600721
CYL_PRES_STAT,0,1594871195.4950342
CYL_PRES_STAT,0,1594871195.5362618
CYL_PRES_STAT,0,1594871195.556582
CYL_PRES_STAT,0,1594871195.5773606
CYL_PRES_STAT,0,1594871195.597899
CYL_PRES_STAT,0,1594871195.6182232
CYL_PRES_STAT,0,1594871195.65921
CYL_PRES_STAT,0,1594871195.691674
CYL_PRES_STAT,0,1594871195.782457
CYL_PRES_STAT,0,1594871195.8267882
CYL_PRES_STAT,0,1594871195.8474848
CYL_PRES_STAT,0,1594871195.85599
CYL_PRES_STAT,0,1594871195.9293509
CYL_PRES_STAT,0,1594871195.937542
CYL_PRES_STAT,0,1594871195.949965
CYL_PRES_STAT,0,1594871195.970309
CYL_PRES_STAT,0,1594871195.990788
CYL_PRES_STAT,0,1594871196.061044
CYL_PRES_STAT,0,1594871196.13406
CYL_PRES_STAT,0,1594871196.1668546
CYL_PRES_STAT,0,1594871196.175522
CYL_PRES_STAT,0,1594871196.1996539
CYL_PRES_STAT,0,1594871196.216665
CYL_PRES_STAT,0,1594871196.24047
CYL_PRES_STAT,0,1594871196.437248
CYL_PRES_STAT,0,1594871196.4540648
CYL_PRES_STAT,0,1594871196.465782
CYL_PRES_STAT,0,1594871196.487148
CYL_PRES_STAT,0,1594871196.507094
CYL_PRES_STAT,0,1594871196.551904
CYL_PRES_STAT,0,1594871196.568588
CYL_PRES_STAT,0,1594871196.6095052
CYL_PRES_STAT,0,1594871196.715691
CYL_PRES_STAT,0,1594871196.736095
CYL_PRES_STAT,0,1594871196.7566476
CYL_PRES_STAT,0,1594871196.798039
CYL_PRES_STAT,0,1594871196.818251
CYL_PRES_STAT,0,1594871196.8388534
CYL_PRES_STAT,0,1594871196.8507788
CYL_PRES_STAT,0,1594871196.859605
CYL_PRES_STAT,0,1594871196.8796294
CYL_PRES_STAT,0,1594871196.920759
CYL_PRES_STAT,0,1594871196.9736938
CYL_PRES_STAT,0,1594871196.982591
CYL_PRES_STAT,0,1594871197.002906
CYL_PRES_STAT,0,1594871197.0557508
CYL_PRES_STAT,0,1594871197.064533
CYL_PRES_STAT,0,1594871197.0883892
CYL_PRES_STAT,0,1594871197.108889
CYL_PRES_STAT,0,1594871197.1702788
CYL_PRES_STAT,0,1594871197.1790268
CYL_PRES_STAT,0,1594871197.240257
CYL_PRES_STAT,0,1594871197.2848449
CYL_PRES_STAT,0,1594871197.3175738
CYL_PRES_STAT,0,1594871197.33814
CYL_PRES_STAT,0,1594871197.34714
CYL_PRES_STAT,0,1594871197.3586972
CYL_PRES_STAT,0,1594871197.3667881
CYL_PRES_STAT,0,1594871197.37535
CYL_PRES_STAT,0,1594871197.4201882
CYL_PRES_STAT,0,1594871197.42845
CYL_PRES_STAT,0,1594871197.440484
CYL_PRES_STAT,0,1594871197.4574249
CYL_PRES_STAT,0,1594871197.502046
CYL_PRES_STAT,0,1594871197.5310938
CYL_PRES_STAT,0,1594871197.6254878
CYL_PRES_STAT,0,1594871197.6455462
CYL_PRES_STAT,0,1594871197.6781962
CYL_PRES_STAT,0,1594871197.686385
CYL_PRES_STAT,0,1594871197.707181
CYL_PRES_STAT,0,1594871197.727967
CYL_PRES_STAT,0,1594871197.748211
CYL_PRES_STAT,0,1594871197.7601366
CYL_PRES_STAT,0,1594871197.801292
CYL_PRES_STAT,0,1594871197.809752
CYL_PRES_STAT,0,1594871197.915693
CYL_PRES_STAT,0,1594871197.924334
CYL_PRES_STAT,0,1594871197.9361954
CYL_PRES_STAT,0,1594871197.9566982
CYL_PRES_STAT,0,1594871198.1328712
CYL_PRES_STAT,0,1594871198.1620321
CYL_PRES_STAT,0,1594871198.2029212
CYL_PRES_STAT,0,1594871198.226899
CYL_PRES_STAT,0,1594871198.247555
CYL_PRES_STAT,0,1594871198.256094
CYL_PRES_STAT,0,1594871198.2679482
CYL_PRES_STAT,0,1594871198.3088849
CYL_PRES_STAT,0,1594871198.3293722
CYL_PRES_STAT,0,1594871198.338138
CYL_PRES_STAT,0,1594871198.35004
CYL_PRES_STAT,0,1594871198.4319649
CYL_PRES_STAT,0,1594871198.4728909
CYL_PRES_STAT,0,1594871198.4974241
CYL_PRES_STAT,0,1594871198.514545
CYL_PRES_STAT,0,1594871198.558709
CYL_PRES_STAT,0,1594871198.579381
CYL_PRES_STAT,0,1594871198.587914
CYL_PRES_STAT,0,1594871198.596284
CYL_PRES_STAT,0,1594871198.620148
CYL_PRES_STAT,0,1594871198.640664
CYL_PRES_STAT,0,1594871198.6816711
CYL_PRES_STAT,0,1594871198.710734
CYL_PRES_STAT,0,1594871198.8251011
CYL_PRES_STAT,0,1594871198.837237
CYL_PRES_STAT,0,1594871198.846189
CYL_PRES_STAT,0,1594871198.8666039
CYL_PRES_STAT,0,1594871198.88725
CYL_PRES_STAT,0,1594871198.9072769
CYL_PRES_STAT,0,1594871198.9279802
CYL_PRES_STAT,0,1594871198.948174
CYL_PRES_STAT,0,1594871198.9601119
CYL_PRES_STAT,0,1594871199.0543551
CYL_PRES_STAT,0,1594871199.0960321
CYL_PRES_STAT,0,1594871199.115922
CYL_PRES_STAT,0,1594871199.124394
CYL_PRES_STAT,0,1594871199.136412
CYL_PRES_STAT,0,1594871199.1773689
CYL_PRES_STAT,0,1594871199.2189894
CYL_PRES_STAT,0,1594871199.2391648
CYL_PRES_STAT,0,1594871199.250905
CYL_PRES_STAT,0,1594871199.427049
CYL_PRES_STAT,0,1594871199.4476109
CYL_PRES_STAT,0,1594871199.468268
CYL_PRES_STAT,0,1594871199.488894
CYL_PRES_STAT,0,1594871199.509001
CYL_PRES_STAT,0,1594871199.5176392
CYL_PRES_STAT,0,1594871199.570528
CYL_PRES_STAT,0,1594871199.5909212
CYL_PRES_STAT,0,1594871199.69364
CYL_PRES_STAT,0,1594871199.71415
CYL_PRES_STAT,0,1594871199.7347534
CYL_PRES_STAT,0,1594871199.746658
CYL_PRES_STAT,0,1594871199.7587519
CYL_PRES_STAT,0,1594871199.7793322
CYL_PRES_STAT,0,1594871199.808079
CYL_PRES_STAT,0,1594871199.820281
CYL_PRES_STAT,0,1594871199.828518
CYL_PRES_STAT,0,1594871199.837232
CYL_PRES_STAT,0,1594871199.931288
CYL_PRES_STAT,0,1594871199.9431329
CYL_PRES_STAT,0,1594871199.996465
CYL_PRES_STAT,0,1594871200.025134
CYL_PRES_STAT,0,1594871200.078408
CYL_PRES_STAT,0,1594871200.08731
CYL_PRES_STAT,0,1594871200.107436
CYL_PRES_STAT,0,1594871200.131517
CYL_PRES_STAT,0,1594871200.1893098
CYL_PRES_STAT,0,1594871200.2544582
CYL_PRES_STAT,0,1594871200.274904
CYL_PRES_STAT,0,1594871200.3159528
CYL_PRES_STAT,0,1594871200.328075
CYL_PRES_STAT,0,1594871200.3365061
CYL_PRES_STAT,0,1594871200.3574529
CYL_PRES_STAT,0,1594871200.3780136
CYL_PRES_STAT,0,1594871200.386181
CYL_PRES_STAT,0,1594871200.439208
CYL_PRES_STAT,0,1594871200.4592009
CYL_PRES_STAT,0,1594871200.468041
CYL_PRES_STAT,0,1594871200.5008798
CYL_PRES_STAT,0,1594871200.5329988
CYL_PRES_STAT,0,1594871200.606625
CYL_PRES_STAT,0,1594871200.627127
CYL_PRES_STAT,0,1594871200.647823
CYL_PRES_STAT,0,1594871200.656162
CYL_PRES_STAT,0,1594871200.668258
CYL_PRES_STAT,0,1594871200.68863
CYL_PRES_STAT,0,1594871200.708999
CYL_PRES_STAT,0,1594871200.7297988
CYL_PRES_STAT,0,1594871200.738276
CYL_PRES_STAT,0,1594871200.75011
CYL_PRES_STAT,0,1594871200.89363
CYL_PRES_STAT,0,1594871200.934819
CYL_PRES_STAT,0,1594871200.958854
CYL_PRES_STAT,0,1594871200.979396
CYL_PRES_STAT,0,1594871201.008137
CYL_PRES_STAT,0,1594871201.0203464
CYL_PRES_STAT,0,1594871201.0490508
CYL_PRES_STAT,0,1594871201.0701652
CYL_PRES_STAT,0,1594871201.1927822
CYL_PRES_STAT,0,1594871201.2047212
CYL_PRES_STAT,0,1594871201.225156
CYL_PRES_STAT,0,1594871201.237452
CYL_PRES_STAT,0,1594871201.2466302
CYL_PRES_STAT,0,1594871201.266476
CYL_PRES_STAT,0,1594871201.287392
CYL_PRES_STAT,0,1594871201.298872
CYL_PRES_STAT,0,1594871201.307426
CYL_PRES_STAT,0,1594871201.319402
CYL_PRES_STAT,0,1594871201.328042
CYL_PRES_STAT,0,1594871201.3480608
CYL_PRES_STAT,0,1594871201.380787
CYL_PRES_STAT,0,1594871201.4749892
CYL_PRES_STAT,0,1594871201.495588
CYL_PRES_STAT,0,1594871201.516
CYL_PRES_STAT,0,1594871201.5365212
CYL_PRES_STAT,0,1594871201.569165
CYL_PRES_STAT,0,1594871201.577408
CYL_PRES_STAT,0,1594871201.598308
CYL_PRES_STAT,0,1594871201.6510909
CYL_PRES_STAT,0,1594871201.65974
CYL_PRES_STAT,0,1594871201.741577
CYL_PRES_STAT,0,1594871201.7826614
CYL_PRES_STAT,0,1594871201.794492
CYL_PRES_STAT,0,1594871201.814948
CYL_PRES_STAT,0,1594871201.82733
CYL_PRES_STAT,0,1594871201.8477721
CYL_PRES_STAT,0,1594871201.87643
CYL_PRES_STAT,0,1594871201.888572
CYL_PRES_STAT,0,1594871201.897092
CYL_PRES_STAT,0,1594871201.979177
CYL_PRES_STAT,0,1594871202.0114892
CYL_PRES_STAT,0,1594871202.0733418
CYL_PRES_STAT,0,1594871202.0934954
CYL_PRES_STAT,0,1594871202.118037
CYL_PRES_STAT,0,1594871202.134756
CYL_PRES_STAT,0,1594871202.1468868
CYL_PRES_STAT,0,1594871202.155314
CYL_PRES_STAT,0,1594871202.22047
CYL_PRES_STAT,0,1594871202.2293694
CYL_PRES_STAT,0,1594871202.2408981
CYL_PRES_STAT,0,1594871202.413394
CYL_PRES_STAT,0,1594871202.446233
CYL_PRES_STAT,0,1594871202.4667199
CYL_PRES_STAT,0,1594871202.490732
CYL_PRES_STAT,0,1594871202.511168
CYL_PRES_STAT,0,1594871202.519489
CYL_PRES_STAT,0,1594871202.5280552
CYL_PRES_STAT,0,1594871202.6955528
CYL_PRES_STAT,0,1594871202.71612
CYL_PRES_STAT,0,1594871202.7285779
CYL_PRES_STAT,0,1594871202.7569752
CYL_PRES_STAT,0,1594871202.818413
CYL_PRES_STAT,0,1594871202.839278
CYL_PRES_STAT,0,1594871202.912768
CYL_PRES_STAT,0,1594871203.0068624
CYL_PRES_STAT,0,1594871203.0150151
CYL_PRES_STAT,0,1594871203.027331
CYL_PRES_STAT,0,1594871203.0886886
CYL_PRES_STAT,0,1594871203.109237
CYL_PRES_STAT,0,1594871203.1297472
CYL_PRES_STAT,0,1594871203.141917
CYL_PRES_STAT,0,1594871203.1502578
CYL_PRES_STAT,0,1594871203.2117321
CYL_PRES_STAT,0,1594871203.223785
CYL_PRES_STAT,0,1594871203.244288
CYL_PRES_STAT,0,1594871203.2734358
CYL_PRES_STAT,0,1594871203.293968
CYL_PRES_STAT,0,1594871203.3057132
CYL_PRES_STAT,0,1594871203.32652
CYL_PRES_STAT,0,1594871203.334896
CYL_PRES_STAT,0,1594871203.3795571
CYL_PRES_STAT,0,1594871203.388015
CYL_PRES_STAT,0,1594871203.400049
CYL_PRES_STAT,0,1594871203.408247
CYL_PRES_STAT,0,1594871203.490453
CYL_PRES_STAT,0,1594871203.6054342
CYL_PRES_STAT,0,1594871203.6256778
CYL_PRES_STAT,0,1594871203.646462
CYL_PRES_STAT,0,1594871203.707627
CYL_PRES_STAT,0,1594871203.7280312
CYL_PRES_STAT,0,1594871203.739948
CYL_PRES_STAT,0,1594871203.748634
CYL_PRES_STAT,0,1594871203.768981
CYL_PRES_STAT,0,1594871203.875078
CYL_PRES_STAT,0,1594871203.8837118
CYL_PRES_STAT,0,1594871203.91611
CYL_PRES_STAT,0,1594871203.9692369
CYL_PRES_STAT,0,1594871204.0190759
CYL_PRES_STAT,0,1594871204.07175
CYL_PRES_STAT,0,1594871204.153759
CYL_PRES_STAT,0,1594871204.206841
CYL_PRES_STAT,0,1594871204.227314
CYL_PRES_STAT,0,1594871204.2477891
CYL_PRES_STAT,0,1594871204.2685592
CYL_PRES_STAT,0,1594871204.288754
CYL_PRES_STAT,0,1594871204.3298779
CYL_PRES_STAT,0,1594871204.35024
CYL_PRES_STAT,0,1594871204.379435
CYL_PRES_STAT,0,1594871204.505806
CYL_PRES_STAT,0,1594871204.518126
CYL_PRES_STAT,0,1594871204.538534
CYL_PRES_STAT,0,1594871204.5469391
CYL_PRES_STAT,0,1594871204.579596
CYL_PRES_STAT,0,1594871204.599996
CYL_PRES_STAT,0,1594871204.620548
CYL_PRES_STAT,0,1594871204.629492
CYL_PRES_STAT,0,1594871204.670069
CYL_PRES_STAT,0,1594871204.788409
CYL_PRES_STAT,0,1594871204.846785
CYL_PRES_STAT,0,1594871204.8704212
CYL_PRES_STAT,0,1594871204.8909369
CYL_PRES_STAT,0,1594871204.8990011
CYL_PRES_STAT,0,1594871204.90763
CYL_PRES_STAT,0,1594871204.928158
CYL_PRES_STAT,0,1594871205.06351
CYL_PRES_STAT,0,1594871205.08364
CYL_PRES_STAT,0,1594871205.116426
CYL_PRES_STAT,0,1594871205.1286056
CYL_PRES_STAT,0,1594871205.1365829
CYL_PRES_STAT,0,1594871205.1571288
CYL_PRES_STAT,0,1594871205.210292
CYL_PRES_STAT,0,1594871205.218951
CYL_PRES_STAT,0,1594871205.239168
CYL_PRES_STAT,0,1594871205.259565
CYL_PRES_STAT,0,1594871205.292352
CYL_PRES_STAT,0,1594871205.366103
CYL_PRES_STAT,0,1594871205.3862948
CYL_PRES_STAT,0,1594871205.406869
CYL_PRES_STAT,0,1594871205.4273882
CYL_PRES_STAT,0,1594871205.4601011
CYL_PRES_STAT,0,1594871205.468522
CYL_PRES_STAT,0,1594871205.4889052
CYL_PRES_STAT,0,1594871205.529878
CYL_PRES_STAT,0,1594871205.5419939
CYL_PRES_STAT,0,1594871205.62394
CYL_PRES_STAT,0,1594871205.632462
CYL_PRES_STAT,0,1594871205.653383
CYL_PRES_STAT,0,1594871205.6735704
CYL_PRES_STAT,0,1594871205.694009
CYL_PRES_STAT,0,1594871205.705819
CYL_PRES_STAT,0,1594871205.7147071
CYL_PRES_STAT,0,1594871205.726436
CYL_PRES_STAT,0,1594871205.735073
CYL_PRES_STAT,0,1594871205.755468
CYL_PRES_STAT,0,1594871205.7795439
CYL_PRES_STAT,0,1594871205.78828
CYL_PRES_STAT,0,1594871205.8000698
CYL_PRES_STAT,0,1594871205.829008
CYL_PRES_STAT,0,1594871205.8410509
CYL_PRES_STAT,0,1594871205.911147
CYL_PRES_STAT,0,1594871205.922974
CYL_PRES_STAT,0,1594871206.0089011
CYL_PRES_STAT,0,1594871206.02961
CYL_PRES_STAT,0,1594871206.037968
CYL_PRES_STAT,0,1594871206.0462868
CYL_PRES_STAT,0,1594871206.0871446
CYL_PRES_STAT,0,1594871206.11133
CYL_PRES_STAT,0,1594871206.1197062
CYL_PRES_STAT,0,1594871206.1320052
CYL_PRES_STAT,0,1594871206.275292
CYL_PRES_STAT,0,1594871206.287458
CYL_PRES_STAT,0,1594871206.3372748
CYL_PRES_STAT,0,1594871206.357273
CYL_PRES_STAT,0,1594871206.3694851
CYL_PRES_STAT,0,1594871206.378207
CYL_PRES_STAT,0,1594871206.3984818
CYL_PRES_STAT,0,1594871206.43092
CYL_PRES_STAT,0,1594871206.439523
CYL_PRES_STAT,0,1594871206.6070652
CYL_PRES_STAT,0,1594871206.6193569
CYL_PRES_STAT,0,1594871206.62813
CYL_PRES_STAT,0,1594871206.6358669
CYL_PRES_STAT,0,1594871206.647913
CYL_PRES_STAT,0,1594871206.668466
CYL_PRES_STAT,0,1594871206.75031
CYL_PRES_STAT,0,1594871206.758867
CYL_PRES_STAT,0,1594871206.8035278
CYL_PRES_STAT,0,1594871206.8773
CYL_PRES_STAT,0,1594871206.8977852
CYL_PRES_STAT,0,1594871206.918292
CYL_PRES_STAT,0,1594871206.935307
CYL_PRES_STAT,0,1594871206.9797802
CYL_PRES_STAT,0,1594871207.0003798
CYL_PRES_STAT,0,1594871207.020583
CYL_PRES_STAT,0,1594871207.0296
CYL_PRES_STAT,0,1594871207.041213
CYL_PRES_STAT,0,1594871207.1643982
CYL_PRES_STAT,0,1594871207.1847749
CYL_PRES_STAT,0,1594871207.225812
CYL_PRES_STAT,0,1594871207.2464929
CYL_PRES_STAT,0,1594871207.270565
CYL_PRES_STAT,0,1594871207.2793322
CYL_PRES_STAT,0,1594871207.2910929
CYL_PRES_STAT,0,1594871207.2992449
CYL_PRES_STAT,0,1594871207.307859
CYL_PRES_STAT,0,1594871207.340172
CYL_PRES_STAT,0,1594871207.3487518
CYL_PRES_STAT,0,1594871207.401731
CYL_PRES_STAT,0,1594871207.4344716
CYL_PRES_STAT,0,1594871207.475265
CYL_PRES_STAT,0,1594871207.495915
CYL_PRES_STAT,0,1594871207.528615
CYL_PRES_STAT,0,1594871207.536746
CYL_PRES_STAT,0,1594871207.557353
CYL_PRES_STAT,0,1594871207.5658526
CYL_PRES_STAT,0,1594871207.598645
CYL_PRES_STAT,0,1594871207.610521
CYL_PRES_STAT,0,1594871207.6186972
CYL_PRES_STAT,0,1594871207.671934
CYL_PRES_STAT,0,1594871207.680774
CYL_PRES_STAT,0,1594871207.69244
CYL_PRES_STAT,0,1594871207.778334
CYL_PRES_STAT,0,1594871207.7865589
CYL_PRES_STAT,0,1594871207.807111
CYL_PRES_STAT,0,1594871207.860239
CYL_PRES_STAT,0,1594871207.8890119
CYL_PRES_STAT,0,1594871207.942234
CYL_PRES_STAT,0,1594871208.0532758
CYL_PRES_STAT,0,1594871208.0978632
CYL_PRES_STAT,0,1594871208.106112
CYL_PRES_STAT,0,1594871208.1182468
CYL_PRES_STAT,0,1594871208.135406
CYL_PRES_STAT,0,1594871208.1593444
CYL_PRES_STAT,0,1594871208.1797981
CYL_PRES_STAT,0,1594871208.2412062
CYL_PRES_STAT,0,1594871208.364432
CYL_PRES_STAT,0,1594871208.3852446
CYL_PRES_STAT,0,1594871208.4090528
CYL_PRES_STAT,0,1594871208.429586
CYL_PRES_STAT,0,1594871208.4877386
CYL_PRES_STAT,0,1594871208.507926
CYL_PRES_STAT,0,1594871208.6549811
CYL_PRES_STAT,0,1594871208.675427
CYL_PRES_STAT,0,1594871208.6842349
CYL_PRES_STAT,0,1594871208.6960616
CYL_PRES_STAT,0,1594871208.737259
CYL_PRES_STAT,0,1594871208.7577534
CYL_PRES_STAT,0,1594871208.778236
CYL_PRES_STAT,0,1594871208.9627898
CYL_PRES_STAT,0,1594871208.9866722
CYL_PRES_STAT,0,1594871209.007236
CYL_PRES_STAT,0,1594871209.0194602
CYL_PRES_STAT,0,1594871209.028021
CYL_PRES_STAT,0,1594871209.035864
CYL_PRES_STAT,0,1594871209.048136
CYL_PRES_STAT,0,1594871209.212399
CYL_PRES_STAT,0,1594871209.253599
CYL_PRES_STAT,0,1594871209.265448
CYL_PRES_STAT,0,1594871209.2773929
CYL_PRES_STAT,0,1594871209.294462
CYL_PRES_STAT,0,1594871209.318324
CYL_PRES_STAT,0,1594871209.3592849
CYL_PRES_STAT,0,1594871209.3761961
CYL_PRES_STAT,0,1594871209.40034
CYL_PRES_STAT,0,1594871209.4208386
CYL_PRES_STAT,0,1594871209.429713
CYL_PRES_STAT,0,1594871209.441268
CYL_PRES_STAT,0,1594871209.564515
CYL_PRES_STAT,0,1594871209.5847194
CYL_PRES_STAT,0,1594871209.605603
CYL_PRES_STAT,0,1594871209.6259902
CYL_PRES_STAT,0,1594871209.781379
CYL_PRES_STAT,0,1594871209.884146
CYL_PRES_STAT,0,1594871209.916515
CYL_PRES_STAT,0,1594871209.9251199
CYL_PRES_STAT,0,1594871209.936918
CYL_PRES_STAT,0,1594871209.94561
CYL_PRES_STAT,0,1594871209.981933
CYL_PRES_STAT,0,1594871210.133564
CYL_PRES_STAT,0,1594871210.145716
CYL_PRES_STAT,0,1594871210.1664488
CYL_PRES_STAT,0,1594871210.175
CYL_PRES_STAT,0,1594871210.1866274
CYL_PRES_STAT,0,1594871210.207221
CYL_PRES_STAT,0,1594871210.257076
CYL_PRES_STAT,0,1594871210.26864
CYL_PRES_STAT,0,1594871210.2892008
CYL_PRES_STAT,0,1594871210.310067
CYL_PRES_STAT,0,1594871210.424299
CYL_PRES_STAT,0,1594871210.43283
CYL_PRES_STAT,0,1594871210.4447732
CYL_PRES_STAT,0,1594871210.497928
CYL_PRES_STAT,0,1594871210.5063748
CYL_PRES_STAT,0,1594871210.518477
CYL_PRES_STAT,0,1594871210.539029
CYL_PRES_STAT,0,1594871210.559433
CYL_PRES_STAT,0,1594871210.702909
CYL_PRES_STAT,0,1594871210.743773
CYL_PRES_STAT,0,1594871210.7559922
CYL_PRES_STAT,0,1594871210.7647092
CYL_PRES_STAT,0,1594871210.785112
CYL_PRES_STAT,0,1594871210.805547
CYL_PRES_STAT,0,1594871210.825975
CYL_PRES_STAT,0,1594871210.837978
CYL_PRES_STAT,0,1594871210.870749
CYL_PRES_STAT,0,1594871210.911711
CYL_PRES_STAT,0,1594871210.9204938
CYL_PRES_STAT,0,1594871211.035018
CYL_PRES_STAT,0,1594871211.043335
CYL_PRES_STAT,0,1594871211.055084
CYL_PRES_STAT,0,1594871211.075506
CYL_PRES_STAT,0,1594871211.117019
CYL_PRES_STAT,0,1594871211.136919
CYL_PRES_STAT,0,1594871211.157983
CYL_PRES_STAT,0,1594871211.169752
CYL_PRES_STAT,0,1594871211.178585
CYL_PRES_STAT,0,1594871211.2105858
CYL_PRES_STAT,0,1594871211.2193608
CYL_PRES_STAT,0,1594871211.272116
CYL_PRES_STAT,0,1594871211.301225
CYL_PRES_STAT,0,1594871211.3217876
CYL_PRES_STAT,0,1594871211.3338392
CYL_PRES_STAT,0,1594871211.4072812
CYL_PRES_STAT,0,1594871211.4159732
CYL_PRES_STAT,0,1594871211.427814
CYL_PRES_STAT,0,1594871211.436328
CYL_PRES_STAT,0,1594871211.448318
CYL_PRES_STAT,0,1594871211.489316
CYL_PRES_STAT,0,1594871211.501436
CYL_PRES_STAT,0,1594871211.5097811
CYL_PRES_STAT,0,1594871211.636611
CYL_PRES_STAT,0,1594871211.673918
CYL_PRES_STAT,0,1594871211.6981108
CYL_PRES_STAT,0,1594871211.72684
CYL_PRES_STAT,0,1594871211.7511802
CYL_PRES_STAT,0,1594871211.7676618
CYL_PRES_STAT,0,1594871211.8501642
CYL_PRES_STAT,0,1594871211.902765
CYL_PRES_STAT,0,1594871211.944329
CYL_PRES_STAT,0,1594871211.9970849
CYL_PRES_STAT,0,1594871212.0092149
CYL_PRES_STAT,0,1594871212.029753
CYL_PRES_STAT,0,1594871212.0503461
CYL_PRES_STAT,0,1594871212.078938
CYL_PRES_STAT,0,1594871212.0874932
CYL_PRES_STAT,0,1594871212.132261
CYL_PRES_STAT,0,1594871212.2551522
CYL_PRES_STAT,0,1594871212.27586
CYL_PRES_STAT,0,1594871212.296551
CYL_PRES_STAT,0,1594871212.3168874
CYL_PRES_STAT,0,1594871212.3289108
CYL_PRES_STAT,0,1594871212.337156
CYL_PRES_STAT,0,1594871212.3783321
CYL_PRES_STAT,0,1594871212.398483
CYL_PRES_STAT,0,1594871212.4517078
CYL_PRES_STAT,0,1594871212.4843779
CYL_PRES_STAT,0,1594871212.5338054
CYL_PRES_STAT,0,1594871212.5665529
CYL_PRES_STAT,0,1594871212.5751328
CYL_PRES_STAT,0,1594871212.586993
CYL_PRES_STAT,0,1594871212.627975
CYL_PRES_STAT,0,1594871212.6483376
CYL_PRES_STAT,0,1594871212.660716
CYL_PRES_STAT,0,1594871212.6691806
CYL_PRES_STAT,0,1594871212.6978738
CYL_PRES_STAT,0,1594871212.709749
CYL_PRES_STAT,0,1594871212.80398
CYL_PRES_STAT,0,1594871212.833176
CYL_PRES_STAT,0,1594871212.845003
CYL_PRES_STAT,0,1594871212.877573
CYL_PRES_STAT,0,1594871212.898129
CYL_PRES_STAT,0,1594871212.906729
CYL_PRES_STAT,0,1594871212.9185998
CYL_PRES_STAT,0,1594871212.9391901
CYL_PRES_STAT,0,1594871212.9595351
CYL_PRES_STAT,0,1594871213.000482
CYL_PRES_STAT,0,1594871213.029561
CYL_PRES_STAT,0,1594871213.0619774
CYL_PRES_STAT,0,1594871213.148032
CYL_PRES_STAT,0,1594871213.156527
CYL_PRES_STAT,0,1594871213.164404
CYL_PRES_STAT,0,1594871213.185334
CYL_PRES_STAT,0,1594871213.205899
CYL_PRES_STAT,0,1594871213.217621
CYL_PRES_STAT,0,1594871213.250526
CYL_PRES_STAT,0,1594871213.270813
CYL_PRES_STAT,0,1594871213.4349592
CYL_PRES_STAT,0,1594871213.455256
CYL_PRES_STAT,0,1594871213.464014
CYL_PRES_STAT,0,1594871213.4969778
CYL_PRES_STAT,0,1594871213.520607
CYL_PRES_STAT,0,1594871213.525095
CYL_PRES_STAT,0,1594871213.5581694
CYL_PRES_STAT,0,1594871213.5699382
CYL_PRES_STAT,0,1594871213.5988274
CYL_PRES_STAT,0,1594871213.6196814
CYL_PRES_STAT,0,1594871213.692706
CYL_PRES_STAT,0,1594871213.8197172
CYL_PRES_STAT,0,1594871213.8287349
CYL_PRES_STAT,0,1594871213.836892
CYL_PRES_STAT,0,1594871213.848475
CYL_PRES_STAT,0,1594871213.868951
CYL_PRES_STAT,0,1594871213.889547
CYL_PRES_STAT,0,1594871213.901555
CYL_PRES_STAT,0,1594871213.909761
CYL_PRES_STAT,0,1594871213.918708
CYL_PRES_STAT,0,1594871213.9630332
CYL_PRES_STAT,0,1594871214.036834
CYL_PRES_STAT,0,1594871214.0573132
CYL_PRES_STAT,0,1594871214.0659
CYL_PRES_STAT,0,1594871214.077701
CYL_PRES_STAT,0,1594871214.098229
CYL_PRES_STAT,0,1594871214.139193
CYL_PRES_STAT,0,1594871214.1477602
CYL_PRES_STAT,0,1594871214.15963
CYL_PRES_STAT,0,1594871214.1800508
CYL_PRES_STAT,0,1594871214.2210698
CYL_PRES_STAT,0,1594871214.323523
CYL_PRES_STAT,0,1594871214.3439722
CYL_PRES_STAT,0,1594871214.397414
CYL_PRES_STAT,0,1594871214.405994
CYL_PRES_STAT,0,1594871214.4299269
CYL_PRES_STAT,0,1594871214.4505699
CYL_PRES_STAT,0,1594871214.4709196
CYL_PRES_STAT,0,1594871214.512049
CYL_PRES_STAT,0,1594871214.5610368
CYL_PRES_STAT,0,1594871214.573302
CYL_PRES_STAT,0,1594871214.582156
CYL_PRES_STAT,0,1594871214.6348786
CYL_PRES_STAT,0,1594871214.643438
CYL_PRES_STAT,0,1594871214.655315
CYL_PRES_STAT,0,1594871214.676258
CYL_PRES_STAT,0,1594871214.6968539
CYL_PRES_STAT,0,1594871214.7167768
CYL_PRES_STAT,0,1594871214.7582238
CYL_PRES_STAT,0,1594871214.778851
CYL_PRES_STAT,0,1594871214.7989774
CYL_PRES_STAT,0,1594871214.925468
CYL_PRES_STAT,0,1594871214.933825
CYL_PRES_STAT,0,1594871214.9459982
CYL_PRES_STAT,0,1594871214.9667869
CYL_PRES_STAT,0,1594871214.975132
CYL_PRES_STAT,0,1594871215.007561
CYL_PRES_STAT,0,1594871215.028039
CYL_PRES_STAT,0,1594871215.048563
CYL_PRES_STAT,0,1594871215.0607052
CYL_PRES_STAT,0,1594871215.0695028
CYL_PRES_STAT,0,1594871215.0981119
CYL_PRES_STAT,0,1594871215.1098938
CYL_PRES_STAT,0,1594871215.1514082
CYL_PRES_STAT,0,1594871215.204093
CYL_PRES_STAT,0,1594871215.2130098
CYL_PRES_STAT,0,1594871215.2574348
CYL_PRES_STAT,0,1594871215.277771
CYL_PRES_STAT,0,1594871215.286018
CYL_PRES_STAT,0,1594871215.298385
CYL_PRES_STAT,0,1594871215.310606
CYL_PRES_STAT,0,1594871215.31886
CYL_PRES_STAT,0,1594871215.326973
CYL_PRES_STAT,0,1594871215.3393939
CYL_PRES_STAT,0,1594871215.380276
CYL_PRES_STAT,0,1594871215.388802
CYL_PRES_STAT,0,1594871215.5444126
CYL_PRES_STAT,0,1594871215.5563
CYL_PRES_STAT,0,1594871215.5649061
CYL_PRES_STAT,0,1594871215.585532
CYL_PRES_STAT,0,1594871215.597219
CYL_PRES_STAT,0,1594871215.6383932
CYL_PRES_STAT,0,1594871215.6673539
CYL_PRES_STAT,0,1594871215.6794472
CYL_PRES_STAT,0,1594871215.691364
CYL_PRES_STAT,0,1594871215.7202618
CYL_PRES_STAT,0,1594871215.773366
CYL_PRES_STAT,0,1594871215.814358
CYL_PRES_STAT,0,1594871215.835097
CYL_PRES_STAT,0,1594871215.855342
CYL_PRES_STAT,0,1594871215.888032
CYL_PRES_STAT,0,1594871215.8971481
CYL_PRES_STAT,0,1594871215.917378
CYL_PRES_STAT,0,1594871215.941282
CYL_PRES_STAT,0,1594871215.9581518
CYL_PRES_STAT,0,1594871215.970081
CYL_PRES_STAT,0,1594871216.0108519
CYL_PRES_STAT,0,1594871216.0604944
CYL_PRES_STAT,0,1594871216.134544
CYL_PRES_STAT,0,1594871216.14621
CYL_PRES_STAT,0,1594871216.166935
CYL_PRES_STAT,0,1594871216.174858
CYL_PRES_STAT,0,1594871216.1874502
CYL_PRES_STAT,0,1594871216.1958148
CYL_PRES_STAT,0,1594871216.2076259
CYL_PRES_STAT,0,1594871216.228034
CYL_PRES_STAT,0,1594871216.236726
CYL_PRES_STAT,0,1594871216.310019
CYL_PRES_STAT,0,1594871216.342634
CYL_PRES_STAT,0,1594871216.4165351
CYL_PRES_STAT,0,1594871216.4332216
CYL_PRES_STAT,0,1594871216.457502
CYL_PRES_STAT,0,1594871216.469732
CYL_PRES_STAT,0,1594871216.477798
CYL_PRES_STAT,0,1594871216.518828
CYL_PRES_STAT,0,1594871216.5393238
CYL_PRES_STAT,0,1594871216.547554
CYL_PRES_STAT,0,1594871216.568299
CYL_PRES_STAT,0,1594871216.6505432
CYL_PRES_STAT,0,1594871216.6622982
CYL_PRES_STAT,0,1594871216.715528
CYL_PRES_STAT,0,1594871216.7240539
CYL_PRES_STAT,0,1594871216.7360039
CYL_PRES_STAT,0,1594871216.7685306
CYL_PRES_STAT,0,1594871216.7891119
CYL_PRES_STAT,0,1594871216.7976706
CYL_PRES_STAT,0,1594871216.8096368
CYL_PRES_STAT,0,1594871216.8301814
CYL_PRES_STAT,0,1594871216.9119911
CYL_PRES_STAT,0,1594871216.982334
CYL_PRES_STAT,0,1594871217.014611
CYL_PRES_STAT,0,1594871217.0352259
CYL_PRES_STAT,0,1594871217.0471911
CYL_PRES_STAT,0,1594871217.055708
CYL_PRES_STAT,0,1594871217.076218
CYL_PRES_STAT,0,1594871217.096714
CYL_PRES_STAT,0,1594871217.158174
CYL_PRES_STAT,0,1594871217.178436
CYL_PRES_STAT,0,1594871217.1990762
CYL_PRES_STAT,0,1594871217.211105
CYL_PRES_STAT,0,1594871217.231581
CYL_PRES_STAT,0,1594871217.3053179
CYL_PRES_STAT,0,1594871217.326158
CYL_PRES_STAT,0,1594871217.3341591
CYL_PRES_STAT,0,1594871217.34639
CYL_PRES_STAT,0,1594871217.3666408
CYL_PRES_STAT,0,1594871217.3753471
CYL_PRES_STAT,0,1594871217.407718
CYL_PRES_STAT,0,1594871217.4283981
CYL_PRES_STAT,0,1594871217.4492788
CYL_PRES_STAT,0,1594871217.4608068
CYL_PRES_STAT,0,1594871217.5018182
CYL_PRES_STAT,0,1594871217.5101206
CYL_PRES_STAT,0,1594871217.710701
CYL_PRES_STAT,0,1594871217.727177
CYL_PRES_STAT,0,1594871217.8623948
CYL_PRES_STAT,0,1594871217.924143
CYL_PRES_STAT,0,1594871217.9482439
CYL_PRES_STAT,0,1594871217.9686902
CYL_PRES_STAT,0,1594871217.9858608
CYL_PRES_STAT,0,1594871218.0303822
CYL_PRES_STAT,0,1594871218.0388534
CYL_PRES_STAT,0,1594871218.050848
CYL_PRES_STAT,0,1594871218.1734688
CYL_PRES_STAT,0,1594871218.2062962
CYL_PRES_STAT,0,1594871218.214935
CYL_PRES_STAT,0,1594871218.2350569
CYL_PRES_STAT,0,1594871218.2882268
CYL_PRES_STAT,0,1594871218.320998
CYL_PRES_STAT,0,1594871218.338038
CYL_PRES_STAT,0,1594871218.3581462
CYL_PRES_STAT,0,1594871218.370225
CYL_PRES_STAT,0,1594871218.505218
CYL_PRES_STAT,0,1594871218.5256538
CYL_PRES_STAT,0,1594871218.534674
CYL_PRES_STAT,0,1594871218.5461838
CYL_PRES_STAT,0,1594871218.5548868
CYL_PRES_STAT,0,1594871218.566918
CYL_PRES_STAT,0,1594871218.587275
CYL_PRES_STAT,0,1594871218.608047
CYL_PRES_STAT,0,1594871218.649084
CYL_PRES_STAT,0,1594871218.7428231
CYL_PRES_STAT,0,1594871218.751324
CYL_PRES_STAT,0,1594871218.796012
CYL_PRES_STAT,0,1594871218.8166618
CYL_PRES_STAT,0,1594871218.866401
CYL_PRES_STAT,0,1594871218.8987386
CYL_PRES_STAT,0,1594871218.919034
CYL_PRES_STAT,0,1594871218.93956
CYL_PRES_STAT,0,1594871218.95171
CYL_PRES_STAT,0,1594871219.009347
CYL_PRES_STAT,0,1594871219.0625448
CYL_PRES_STAT,0,1594871219.1035268
CYL_PRES_STAT,0,1594871219.165084
CYL_PRES_STAT,0,1594871219.1891806
CYL_PRES_STAT,0,1594871219.1978981
CYL_PRES_STAT,0,1594871219.2097766
CYL_PRES_STAT,0,1594871219.2180688
CYL_PRES_STAT,0,1594871219.2265556
CYL_PRES_STAT,0,1594871219.250612
CYL_PRES_STAT,0,1594871219.320817
CYL_PRES_STAT,0,1594871219.4231172
CYL_PRES_STAT,0,1594871219.447259
CYL_PRES_STAT,0,1594871219.476247
CYL_PRES_STAT,0,1594871219.4965632
CYL_PRES_STAT,0,1594871219.529341
CYL_PRES_STAT,0,1594871219.5379472
CYL_PRES_STAT,0,1594871219.5579028
CYL_PRES_STAT,0,1594871219.5701928
CYL_PRES_STAT,0,1594871219.5788126
CYL_PRES_STAT,0,1594871219.619803
CYL_PRES_STAT,0,1594871219.726183
CYL_PRES_STAT,0,1594871219.7342901
CYL_PRES_STAT,0,1594871219.74627
CYL_PRES_STAT,0,1594871219.7872374
CYL_PRES_STAT,0,1594871219.8078349
CYL_PRES_STAT,0,1594871219.82847
CYL_PRES_STAT,0,1594871219.849341
CYL_PRES_STAT,0,1594871219.901829
CYL_PRES_STAT,0,1594871219.983989
CYL_PRES_STAT,0,1594871219.9925132
CYL_PRES_STAT,0,1594871220.004316
CYL_PRES_STAT,0,1594871220.037035
CYL_PRES_STAT,0,1594871220.0575962
CYL_PRES_STAT,0,1594871220.078336
CYL_PRES_STAT,0,1594871220.086348
CYL_PRES_STAT,0,1594871220.098582
CYL_PRES_STAT,0,1594871220.1072829
CYL_PRES_STAT,0,1594871220.119096
CYL_PRES_STAT,0,1594871220.1599202
CYL_PRES_STAT,0,1594871220.1804302
CYL_PRES_STAT,0,1594871220.189051
CYL_PRES_STAT,0,1594871220.2304661
CYL_PRES_STAT,0,1594871220.2952
CYL_PRES_STAT,0,1594871220.303348
CYL_PRES_STAT,0,1594871220.3156214
CYL_PRES_STAT,0,1594871220.324259
CYL_PRES_STAT,0,1594871220.345109
CYL_PRES_STAT,0,1594871220.3567226
CYL_PRES_STAT,0,1594871220.365164
CYL_PRES_STAT,0,1594871220.4097419
CYL_PRES_STAT,0,1594871220.430298
CYL_PRES_STAT,0,1594871220.438539
CYL_PRES_STAT,0,1594871220.447082
CYL_PRES_STAT,0,1594871220.458977
CYL_PRES_STAT,0,1594871220.479559
CYL_PRES_STAT,0,1594871220.491634
CYL_PRES_STAT,0,1594871220.541194
CYL_PRES_STAT,0,1594871220.615082
CYL_PRES_STAT,0,1594871220.635208
CYL_PRES_STAT,0,1594871220.6437602
CYL_PRES_STAT,0,1594871220.655626
CYL_PRES_STAT,0,1594871220.6761026
CYL_PRES_STAT,0,1594871220.6846561
CYL_PRES_STAT,0,1594871220.700632
CYL_PRES_STAT,0,1594871220.7174444
CYL_PRES_STAT,0,1594871220.749747
CYL_PRES_STAT,0,1594871220.758312
CYL_PRES_STAT,0,1594871220.790768
CYL_PRES_STAT,0,1594871220.799318
CYL_PRES_STAT,0,1594871220.8932328
CYL_PRES_STAT,0,1594871220.92608
CYL_PRES_STAT,0,1594871220.9381928
CYL_PRES_STAT,0,1594871220.946954
CYL_PRES_STAT,0,1594871220.955141
CYL_PRES_STAT,0,1594871220.9878552
CYL_PRES_STAT,0,1594871221.049284
CYL_PRES_STAT,0,1594871221.069231
CYL_PRES_STAT,0,1594871221.081444
CYL_PRES_STAT,0,1594871221.0897431
CYL_PRES_STAT,0,1594871221.122453
CYL_PRES_STAT,0,1594871221.1517172
CYL_PRES_STAT,0,1594871221.196197
CYL_PRES_STAT,0,1594871221.216785
CYL_PRES_STAT,0,1594871221.237293
CYL_PRES_STAT,0,1594871221.257555
CYL_PRES_STAT,0,1594871221.29854
CYL_PRES_STAT,0,1594871221.319129
CYL_PRES_STAT,0,1594871221.339589
CYL_PRES_STAT,0,1594871221.348171
CYL_PRES_STAT,0,1594871221.360088
CYL_PRES_STAT,0,1594871221.389172
CYL_PRES_STAT,0,1594871221.49523
CYL_PRES_STAT,0,1594871221.5038972
CYL_PRES_STAT,0,1594871221.597993
CYL_PRES_STAT,0,1594871221.659025
CYL_PRES_STAT,0,1594871221.700067
CYL_PRES_STAT,0,1594871221.720523
CYL_PRES_STAT,0,1594871221.732764
CYL_PRES_STAT,0,1594871221.753252
CYL_PRES_STAT,0,1594871221.7737641
CYL_PRES_STAT,0,1594871221.8147779
CYL_PRES_STAT,0,1594871221.835365
CYL_PRES_STAT,0,1594871221.847407
CYL_PRES_STAT,0,1594871221.856104
CYL_PRES_STAT,0,1594871221.8764546
CYL_PRES_STAT,0,1594871221.91745
CYL_PRES_STAT,0,1594871221.929481
CYL_PRES_STAT,0,1594871221.937958
CYL_PRES_STAT,0,1594871221.9584498
CYL_PRES_STAT,0,1594871221.9908051
CYL_PRES_STAT,0,1594871222.084984
CYL_PRES_STAT,0,1594871222.093718
CYL_PRES_STAT,0,1594871222.105555
CYL_PRES_STAT,0,1594871222.1260886
CYL_PRES_STAT,0,1594871222.16697
CYL_PRES_STAT,0,1594871222.175421
CYL_PRES_STAT,0,1594871222.1874409
CYL_PRES_STAT,0,1594871222.2082748
CYL_PRES_STAT,0,1594871222.229085
CYL_PRES_STAT,0,1594871222.249474
CYL_PRES_STAT,0,1594871222.3925838
CYL_PRES_STAT,0,1594871222.425
CYL_PRES_STAT,0,1594871222.4372132
CYL_PRES_STAT,0,1594871222.457691
CYL_PRES_STAT,0,1594871222.4783418
CYL_PRES_STAT,0,1594871222.499112
CYL_PRES_STAT,0,1594871222.580647
CYL_PRES_STAT,0,1594871222.703764
CYL_PRES_STAT,0,1594871222.728032
CYL_PRES_STAT,0,1594871222.748697
CYL_PRES_STAT,0,1594871222.8099232
CYL_PRES_STAT,0,1594871222.8304946
CYL_PRES_STAT,0,1594871222.838934
CYL_PRES_STAT,0,1594871222.850827
CYL_PRES_STAT,0,1594871222.9824262
CYL_PRES_STAT,0,1594871222.9944818
CYL_PRES_STAT,0,1594871223.006599
CYL_PRES_STAT,0,1594871223.01485
CYL_PRES_STAT,0,1594871223.0560806
CYL_PRES_STAT,0,1594871223.0765
CYL_PRES_STAT,0,1594871223.088525
CYL_PRES_STAT,0,1594871223.1007051
CYL_PRES_STAT,0,1594871223.1176589
CYL_PRES_STAT,0,1594871223.138099
CYL_PRES_STAT,0,1594871223.305572
CYL_PRES_STAT,0,1594871223.3264372
CYL_PRES_STAT,0,1594871223.338233
CYL_PRES_STAT,0,1594871223.3465462
CYL_PRES_STAT,0,1594871223.3670812
CYL_PRES_STAT,0,1594871223.428541
CYL_PRES_STAT,0,1594871223.4817972
CYL_PRES_STAT,0,1594871223.5840461
CYL_PRES_STAT,0,1594871223.698943
CYL_PRES_STAT,0,1594871223.719418
CYL_PRES_STAT,0,1594871223.780711
CYL_PRES_STAT,0,1594871223.924581
CYL_PRES_STAT,0,1594871223.9452481
CYL_PRES_STAT,0,1594871223.969026
CYL_PRES_STAT,0,1594871223.989512
CYL_PRES_STAT,0,1594871223.998346
CYL_PRES_STAT,0,1594871224.1950881
CYL_PRES_STAT,0,1594871224.2148428
CYL_PRES_STAT,0,1594871224.2356641
CYL_PRES_STAT,0,1594871224.2476668
CYL_PRES_STAT,0,1594871224.256141
CYL_PRES_STAT,0,1594871224.2765274
CYL_PRES_STAT,0,1594871224.3178241
CYL_PRES_STAT,0,1594871224.3381052
CYL_PRES_STAT,0,1594871224.350016
CYL_PRES_STAT,0,1594871224.358551
CYL_PRES_STAT,0,1594871224.4525702
CYL_PRES_STAT,0,1594871224.5057142
CYL_PRES_STAT,0,1594871224.6166198
CYL_PRES_STAT,0,1594871224.6286
CYL_PRES_STAT,0,1594871224.649367
CYL_PRES_STAT,0,1594871224.7313118
CYL_PRES_STAT,0,1594871224.772379
CYL_PRES_STAT,0,1594871224.8169198
CYL_PRES_STAT,0,1594871224.825407
CYL_PRES_STAT,0,1594871224.837347
CYL_PRES_STAT,0,1594871224.857884
CYL_PRES_STAT,0,1594871224.8988528
CYL_PRES_STAT,0,1594871224.939844
CYL_PRES_STAT,0,1594871225.001353
CYL_PRES_STAT,0,1594871225.0748749
CYL_PRES_STAT,0,1594871225.1076472
CYL_PRES_STAT,0,1594871225.128364
CYL_PRES_STAT,0,1594871225.145406
CYL_PRES_STAT,0,1594871225.209954
CYL_PRES_STAT,0,1594871225.226743
CYL_PRES_STAT,0,1594871225.251086
CYL_PRES_STAT,0,1594871225.3212008
CYL_PRES_STAT,0,1594871225.382584
CYL_PRES_STAT,0,1594871225.395106
CYL_PRES_STAT,0,1594871225.447627
CYL_PRES_STAT,0,1594871225.456219
CYL_PRES_STAT,0,1594871225.4768178
CYL_PRES_STAT,0,1594871225.4886382
CYL_PRES_STAT,0,1594871225.5295491
CYL_PRES_STAT,0,1594871225.538108
CYL_PRES_STAT,0,1594871225.664906
CYL_PRES_STAT,0,1594871225.726159
CYL_PRES_STAT,0,1594871225.735039
CYL_PRES_STAT,0,1594871225.8084226
CYL_PRES_STAT,0,1594871225.8203812
CYL_PRES_STAT,0,1594871225.8287401
CYL_PRES_STAT,0,1594871225.849174
CYL_PRES_STAT,0,1594871225.8818262
CYL_PRES_STAT,0,1594871225.89026
CYL_PRES_STAT,0,1594871225.902219
CYL_PRES_STAT,0,1594871225.975919
CYL_PRES_STAT,0,1594871225.9964318
CYL_PRES_STAT,0,1594871226.017169
CYL_PRES_STAT,0,1594871226.037389
CYL_PRES_STAT,0,1594871226.0785868
CYL_PRES_STAT,0,1594871226.099303
CYL_PRES_STAT,0,1594871226.107146
CYL_PRES_STAT,0,1594871226.160264
CYL_PRES_STAT,0,1594871226.242233
CYL_PRES_STAT,0,1594871226.315959
CYL_PRES_STAT,0,1594871226.3487382
CYL_PRES_STAT,0,1594871226.3692534
CYL_PRES_STAT,0,1594871226.389588
CYL_PRES_STAT,0,1594871226.398308
CYL_PRES_STAT,0,1594871226.4102864
CYL_PRES_STAT,0,1594871226.451186
CYL_PRES_STAT,0,1594871226.492021
CYL_PRES_STAT,0,1594871226.5331142
CYL_PRES_STAT,0,1594871226.562166
CYL_PRES_STAT,0,1594871226.574048
CYL_PRES_STAT,0,1594871226.595232
CYL_PRES_STAT,0,1594871226.619076
CYL_PRES_STAT,0,1594871226.6355882
CYL_PRES_STAT,0,1594871226.647879
CYL_PRES_STAT,0,1594871226.655978
CYL_PRES_STAT,0,1594871226.697324
CYL_PRES_STAT,0,1594871226.7174988
CYL_PRES_STAT,0,1594871226.738354
CYL_PRES_STAT,0,1594871226.77058
CYL_PRES_STAT,0,1594871226.8733716
CYL_PRES_STAT,0,1594871226.8853
CYL_PRES_STAT,0,1594871226.893898
CYL_PRES_STAT,0,1594871226.9057481
CYL_PRES_STAT,0,1594871226.9467618
CYL_PRES_STAT,0,1594871226.9671679
CYL_PRES_STAT,0,1594871226.979448
CYL_PRES_STAT,0,1594871227.0287962
CYL_PRES_STAT,0,1594871227.16382
CYL_PRES_STAT,0,1594871227.1964571
CYL_PRES_STAT,0,1594871227.2171352
CYL_PRES_STAT,0,1594871227.225507
CYL_PRES_STAT,0,1594871227.2375472
CYL_PRES_STAT,0,1594871227.258263
CYL_PRES_STAT,0,1594871227.298923
CYL_PRES_STAT,0,1594871227.319515
CYL_PRES_STAT,0,1594871227.339909
CYL_PRES_STAT,0,1594871227.401338
CYL_PRES_STAT,0,1594871227.474992
CYL_PRES_STAT,0,1594871227.495585
CYL_PRES_STAT,0,1594871227.504241
CYL_PRES_STAT,0,1594871227.536567
CYL_PRES_STAT,0,1594871227.589665
CYL_PRES_STAT,0,1594871227.6102998
CYL_PRES_STAT,0,1594871227.630661
CYL_PRES_STAT,0,1594871227.639359
CYL_PRES_STAT,0,1594871227.7126071
CYL_PRES_STAT,0,1594871227.7211962
CYL_PRES_STAT,0,1594871227.753963
CYL_PRES_STAT,0,1594871227.762328
CYL_PRES_STAT,0,1594871227.774153
CYL_PRES_STAT,0,1594871227.835988
CYL_PRES_STAT,0,1594871227.8564758
CYL_PRES_STAT,0,1594871227.88065
CYL_PRES_STAT,0,1594871227.889193
CYL_PRES_STAT,0,1594871227.897291
CYL_PRES_STAT,0,1594871227.917831
CYL_PRES_STAT,0,1594871227.950198
CYL_PRES_STAT,0,1594871227.9589386
CYL_PRES_STAT,0,1594871227.979193
CYL_PRES_STAT,0,1594871228.0731342
CYL_PRES_STAT,0,1594871228.085292
CYL_PRES_STAT,0,1594871228.105789
CYL_PRES_STAT,0,1594871228.114064
CYL_PRES_STAT,0,1594871228.1267009
CYL_PRES_STAT,0,1594871228.13869
CYL_PRES_STAT,0,1594871228.146844
CYL_PRES_STAT,0,1594871228.155621
CYL_PRES_STAT,0,1594871228.2287982
CYL_PRES_STAT,0,1594871228.240957
CYL_PRES_STAT,0,1594871228.249493
CYL_PRES_STAT,0,1594871228.2821481
CYL_PRES_STAT,0,1594871228.302422
CYL_PRES_STAT,0,1594871228.35565
CYL_PRES_STAT,0,1594871228.3965552
CYL_PRES_STAT,0,1594871228.4135194
CYL_PRES_STAT,0,1594871228.458167
CYL_PRES_STAT,0,1594871228.47943
CYL_PRES_STAT,0,1594871228.499465
CYL_PRES_STAT,0,1594871228.507682
CYL_PRES_STAT,0,1594871228.519546
CYL_PRES_STAT,0,1594871228.540042
CYL_PRES_STAT,0,1594871228.707859
CYL_PRES_STAT,0,1594871228.71656
CYL_PRES_STAT,0,1594871228.728532
CYL_PRES_STAT,0,1594871228.74541
CYL_PRES_STAT,0,1594871228.769402
CYL_PRES_STAT,0,1594871228.789803
CYL_PRES_STAT,0,1594871228.8306901
CYL_PRES_STAT,0,1594871228.847512
CYL_PRES_STAT,0,1594871228.868077
CYL_PRES_STAT,0,1594871228.901089
CYL_PRES_STAT,0,1594871228.9782698
CYL_PRES_STAT,0,1594871228.983016
CYL_PRES_STAT,0,1594871228.9946408
CYL_PRES_STAT,0,1594871229.019178
CYL_PRES_STAT,0,1594871229.0362492
CYL_PRES_STAT,0,1594871229.048054
CYL_PRES_STAT,0,1594871229.056426
CYL_PRES_STAT,0,1594871229.080856
CYL_PRES_STAT,0,1594871229.0974119
CYL_PRES_STAT,0,1594871229.118078
CYL_PRES_STAT,0,1594871229.129843
CYL_PRES_STAT,0,1594871229.150223
CYL_PRES_STAT,0,1594871229.1587539
CYL_PRES_STAT,0,1594871229.191198
CYL_PRES_STAT,0,1594871229.1997828
CYL_PRES_STAT,0,1594871229.232382
CYL_PRES_STAT,0,1594871229.285438
CYL_PRES_STAT,0,1594871229.294122
CYL_PRES_STAT,0,1594871229.3058698
CYL_PRES_STAT,0,1594871229.346882
CYL_PRES_STAT,0,1594871229.36769
CYL_PRES_STAT,0,1594871229.379563
CYL_PRES_STAT,0,1594871229.4087946
CYL_PRES_STAT,0,1594871229.5024798
CYL_PRES_STAT,0,1594871229.5114882
CYL_PRES_STAT,0,1594871229.552032
CYL_PRES_STAT,0,1594871229.584382
CYL_PRES_STAT,0,1594871229.596634
CYL_PRES_STAT,0,1594871229.617329
CYL_PRES_STAT,0,1594871229.6257188
CYL_PRES_STAT,0,1594871229.637786
CYL_PRES_STAT,0,1594871229.658497
CYL_PRES_STAT,0,1594871229.666633
CYL_PRES_STAT,0,1594871229.711446
CYL_PRES_STAT,0,1594871229.719579
CYL_PRES_STAT,0,1594871229.740077
CYL_PRES_STAT,0,1594871229.748588
CYL_PRES_STAT,0,1594871229.8752694
CYL_PRES_STAT,0,1594871229.883699
CYL_PRES_STAT,0,1594871229.9043534
CYL_PRES_STAT,0,1594871229.9247642
CYL_PRES_STAT,0,1594871229.9574769
CYL_PRES_STAT,0,1594871229.9694998
CYL_PRES_STAT,0,1594871229.989878
CYL_PRES_STAT,0,1594871230.010228
CYL_PRES_STAT,0,1594871230.030774
CYL_PRES_STAT,0,1594871230.039553
CYL_PRES_STAT,0,1594871230.1127226
CYL_PRES_STAT,0,1594871230.153772
CYL_PRES_STAT,0,1594871230.162709
CYL_PRES_STAT,0,1594871230.215481
CYL_PRES_STAT,0,1594871230.236059
CYL_PRES_STAT,0,1594871230.2565641
CYL_PRES_STAT,0,1594871230.277335
CYL_PRES_STAT,0,1594871230.288882
CYL_PRES_STAT,0,1594871230.301009
CYL_PRES_STAT,0,1594871230.338541
CYL_PRES_STAT,0,1594871230.411864
CYL_PRES_STAT,0,1594871230.465132
CYL_PRES_STAT,0,1594871230.4858198
CYL_PRES_STAT,0,1594871230.494068
CYL_PRES_STAT,0,1594871230.50595
CYL_PRES_STAT,0,1594871230.526546
CYL_PRES_STAT,0,1594871230.547025
CYL_PRES_STAT,0,1594871230.555511
CYL_PRES_STAT,0,1594871230.5883331
CYL_PRES_STAT,0,1594871230.6083534
CYL_PRES_STAT,0,1594871230.617099
CYL_PRES_STAT,0,1594871230.670158
CYL_PRES_STAT,0,1594871230.755789
CYL_PRES_STAT,0,1594871230.776289
CYL_PRES_STAT,0,1594871230.7885401
CYL_PRES_STAT,0,1594871230.7966864
CYL_PRES_STAT,0,1594871230.8376539
CYL_PRES_STAT,0,1594871230.8581262
CYL_PRES_STAT,0,1594871230.867105
CYL_PRES_STAT,0,1594871230.8786721
CYL_PRES_STAT,0,1594871230.9079971
CYL_PRES_STAT,0,1594871230.919734
CYL_PRES_STAT,0,1594871231.010067
CYL_PRES_STAT,0,1594871231.0839221
CYL_PRES_STAT,0,1594871231.1079922
CYL_PRES_STAT,0,1594871231.116611
CYL_PRES_STAT,0,1594871231.128714
CYL_PRES_STAT,0,1594871231.149111
CYL_PRES_STAT,0,1594871231.1572812
CYL_PRES_STAT,0,1594871231.169344
CYL_PRES_STAT,0,1594871231.31281
CYL_PRES_STAT,0,1594871231.321476
CYL_PRES_STAT,0,1594871231.353877
CYL_PRES_STAT,0,1594871231.366307
CYL_PRES_STAT,0,1594871231.5093608
CYL_PRES_STAT,0,1594871231.518194
CYL_PRES_STAT,0,1594871231.530167
CYL_PRES_STAT,0,1594871231.583165
CYL_PRES_STAT,0,1594871231.665335
CYL_PRES_STAT,0,1594871231.726933
CYL_PRES_STAT,0,1594871231.7473462
CYL_PRES_STAT,0,1594871231.767968
CYL_PRES_STAT,0,1594871231.8003519
CYL_PRES_STAT,0,1594871231.8083801
CYL_PRES_STAT,0,1594871231.841151
CYL_PRES_STAT,0,1594871231.8698368
CYL_PRES_STAT,0,1594871231.8907928
CYL_PRES_STAT,0,1594871231.9028502
CYL_PRES_STAT,0,1594871231.976324
CYL_PRES_STAT,0,1594871231.9968884
CYL_PRES_STAT,0,1594871232.017215
CYL_PRES_STAT,0,1594871232.0260394
CYL_PRES_STAT,0,1594871232.03779
CYL_PRES_STAT,0,1594871232.099336
CYL_PRES_STAT,0,1594871232.1078668
CYL_PRES_STAT,0,1594871232.1284108
CYL_PRES_STAT,0,1594871232.160817
CYL_PRES_STAT,0,1594871232.246716
CYL_PRES_STAT,0,1594871232.254844
CYL_PRES_STAT,0,1594871232.2633991
CYL_PRES_STAT,0,1594871232.275359
CYL_PRES_STAT,0,1594871232.283905
CYL_PRES_STAT,0,1594871232.3044472
CYL_PRES_STAT,0,1594871232.349168
CYL_PRES_STAT,0,1594871232.3693829
CYL_PRES_STAT,0,1594871232.390021
CYL_PRES_STAT,0,1594871232.410527
CYL_PRES_STAT,0,1594871232.472008
CYL_PRES_STAT,0,1594871232.533442
CYL_PRES_STAT,0,1594871232.5419571
CYL_PRES_STAT,0,1594871232.553918
CYL_PRES_STAT,0,1594871232.562405
CYL_PRES_STAT,0,1594871232.5952868
CYL_PRES_STAT,0,1594871232.607191
CYL_PRES_STAT,0,1594871232.615337
CYL_PRES_STAT,0,1594871232.6276119
CYL_PRES_STAT,0,1594871232.6363578
CYL_PRES_STAT,0,1594871232.680774
CYL_PRES_STAT,0,1594871232.85691
CYL_PRES_STAT,0,1594871232.8657632
CYL_PRES_STAT,0,1594871232.87378
CYL_PRES_STAT,0,1594871232.885578
CYL_PRES_STAT,0,1594871232.9062011
CYL_PRES_STAT,0,1594871232.914706
CYL_PRES_STAT,0,1594871232.9265976
CYL_PRES_STAT,0,1594871232.968104
CYL_PRES_STAT,0,1594871232.988385
CYL_PRES_STAT,0,1594871233.008598
CYL_PRES_STAT,0,1594871233.135425
CYL_PRES_STAT,0,1594871233.143643
CYL_PRES_STAT,0,1594871233.1558466
CYL_PRES_STAT,0,1594871233.1764126
CYL_PRES_STAT,0,1594871233.185153
CYL_PRES_STAT,0,1594871233.197047
CYL_PRES_STAT,0,1594871233.225942
CYL_PRES_STAT,0,1594871233.2378306
CYL_PRES_STAT,0,1594871233.267166
CYL_PRES_STAT,0,1594871233.278858
CYL_PRES_STAT,0,1594871233.307945
CYL_PRES_STAT,0,1594871233.3197794
CYL_PRES_STAT,0,1594871233.422425
CYL_PRES_STAT,0,1594871233.434446
CYL_PRES_STAT,0,1594871233.484125
CYL_PRES_STAT,0,1594871233.508064
CYL_PRES_STAT,0,1594871233.5286222
CYL_PRES_STAT,0,1594871233.549212
CYL_PRES_STAT,0,1594871233.5573962
CYL_PRES_STAT,0,1594871233.57784
CYL_PRES_STAT,0,1594871233.598617
CYL_PRES_STAT,0,1594871233.610602
CYL_PRES_STAT,0,1594871233.75391
CYL_PRES_STAT,0,1594871233.7662342
CYL_PRES_STAT,0,1594871233.7865212
CYL_PRES_STAT,0,1594871233.8159661
CYL_PRES_STAT,0,1594871233.85699
CYL_PRES_STAT,0,1594871233.8807552
CYL_PRES_STAT,0,1594871233.9014668
CYL_PRES_STAT,0,1594871233.983485
CYL_PRES_STAT,0,1594871234.044808
CYL_PRES_STAT,0,1594871234.0654366
CYL_PRES_STAT,0,1594871234.106482
CYL_PRES_STAT,0,1594871234.127228
CYL_PRES_STAT,0,1594871234.1355028
CYL_PRES_STAT,0,1594871234.147146
CYL_PRES_STAT,0,1594871234.168261
CYL_PRES_STAT,0,1594871234.1799328
CYL_PRES_STAT,0,1594871234.1885474
CYL_PRES_STAT,0,1594871234.229376
CYL_PRES_STAT,0,1594871234.396964
CYL_PRES_STAT,0,1594871234.4181929
CYL_PRES_STAT,0,1594871234.437911
CYL_PRES_STAT,0,1594871234.4792118
CYL_PRES_STAT,0,1594871234.552711
CYL_PRES_STAT,0,1594871234.5730374
CYL_PRES_STAT,0,1594871234.614076
CYL_PRES_STAT,0,1594871234.6430268
CYL_PRES_STAT,0,1594871234.6673949
CYL_PRES_STAT,0,1594871234.687708
CYL_PRES_STAT,0,1594871234.704639
CYL_PRES_STAT,0,1594871234.7249432
CYL_PRES_STAT,0,1594871234.745556
CYL_PRES_STAT,0,1594871234.7575374
CYL_PRES_STAT,0,1594871234.7696118
CYL_PRES_STAT,0,1594871234.777961
CYL_PRES_STAT,0,1594871234.790251
CYL_PRES_STAT,0,1594871234.810735
CYL_PRES_STAT,0,1594871234.831101
CYL_PRES_STAT,0,1594871234.925359
CYL_PRES_STAT,0,1594871234.942073
CYL_PRES_STAT,0,1594871234.9957068
CYL_PRES_STAT,0,1594871235.007262
CYL_PRES_STAT,0,1594871235.036717
CYL_PRES_STAT,0,1594871235.0568268
CYL_PRES_STAT,0,1594871235.080899
CYL_PRES_STAT,0,1594871235.130232
CYL_PRES_STAT,0,1594871235.1628199
CYL_PRES_STAT,0,1594871235.183388
CYL_PRES_STAT,0,1594871235.212395
CYL_PRES_STAT,0,1594871235.2243712
CYL_PRES_STAT,0,1594871235.244734
CYL_PRES_STAT,0,1594871235.2653039
CYL_PRES_STAT,0,1594871235.285686
CYL_PRES_STAT,0,1594871235.3063116
CYL_PRES_STAT,0,1594871235.3148859
CYL_PRES_STAT,0,1594871235.326751
CYL_PRES_STAT,0,1594871235.396658
CYL_PRES_STAT,0,1594871235.515177
CYL_PRES_STAT,0,1594871235.5561972
CYL_PRES_STAT,0,1594871235.576585
CYL_PRES_STAT,0,1594871235.585332
CYL_PRES_STAT,0,1594871235.597311
CYL_PRES_STAT,0,1594871235.6181538
CYL_PRES_STAT,0,1594871235.6260204
CYL_PRES_STAT,0,1594871235.638057
CYL_PRES_STAT,0,1594871235.658483
CYL_PRES_STAT,0,1594871235.6796956
CYL_PRES_STAT,0,1594871235.74049
CYL_PRES_STAT,0,1594871235.802183
CYL_PRES_STAT,0,1594871235.822657
CYL_PRES_STAT,0,1594871235.8636966
CYL_PRES_STAT,0,1594871235.887758
CYL_PRES_STAT,0,1594871235.908278
CYL_PRES_STAT,0,1594871235.916833
CYL_PRES_STAT,0,1594871235.9287689
CYL_PRES_STAT,0,1594871235.990263
CYL_PRES_STAT,0,1594871235.9988546
CYL_PRES_STAT,0,1594871236.031198
CYL_PRES_STAT,0,1594871236.133621
CYL_PRES_STAT,0,1594871236.1547024
CYL_PRES_STAT,0,1594871236.1665368
CYL_PRES_STAT,0,1594871236.174887
CYL_PRES_STAT,0,1594871236.195885
CYL_PRES_STAT,0,1594871236.240067
CYL_PRES_STAT,0,1594871236.256949
CYL_PRES_STAT,0,1594871236.277566
CYL_PRES_STAT,0,1594871236.2893178
CYL_PRES_STAT,0,1594871236.4244359
CYL_PRES_STAT,0,1594871236.444931
CYL_PRES_STAT,0,1594871236.4654431
CYL_PRES_STAT,0,1594871236.4864056
CYL_PRES_STAT,0,1594871236.4981482
CYL_PRES_STAT,0,1594871236.506378
CYL_PRES_STAT,0,1594871236.527391
CYL_PRES_STAT,0,1594871236.547683
CYL_PRES_STAT,0,1594871236.568374
CYL_PRES_STAT,0,1594871236.580066
CYL_PRES_STAT,0,1594871236.620945
CYL_PRES_STAT,0,1594871236.748126
CYL_PRES_STAT,0,1594871236.756055
CYL_PRES_STAT,0,1594871236.776578
CYL_PRES_STAT,0,1594871236.797261
CYL_PRES_STAT,0,1594871236.818016
CYL_PRES_STAT,0,1594871236.879036
CYL_PRES_STAT,0,1594871236.899699
CYL_PRES_STAT,0,1594871237.014174
CYL_PRES_STAT,0,1594871237.02283
CYL_PRES_STAT,0,1594871237.047034
CYL_PRES_STAT,0,1594871237.128795
CYL_PRES_STAT,0,1594871237.145647
CYL_PRES_STAT,0,1594871237.169856
CYL_PRES_STAT,0,1594871237.190337
CYL_PRES_STAT,0,1594871237.251671
CYL_PRES_STAT,0,1594871237.2926366
CYL_PRES_STAT,0,1594871237.3337288
CYL_PRES_STAT,0,1594871237.407448
CYL_PRES_STAT,0,1594871237.419725
CYL_PRES_STAT,0,1594871237.4401524
CYL_PRES_STAT,0,1594871237.509757
CYL_PRES_STAT,0,1594871237.530271
CYL_PRES_STAT,0,1594871237.5388231
CYL_PRES_STAT,0,1594871237.562963
CYL_PRES_STAT,0,1594871237.571566
CYL_PRES_STAT,0,1594871237.624414
CYL_PRES_STAT,0,1594871237.6450589
CYL_PRES_STAT,0,1594871237.657206
CYL_PRES_STAT,0,1594871237.665462
CYL_PRES_STAT,0,1594871237.686234
CYL_PRES_STAT,0,1594871237.706406
CYL_PRES_STAT,0,1594871237.7151306
CYL_PRES_STAT,0,1594871237.747777
CYL_PRES_STAT,0,1594871237.768142
CYL_PRES_STAT,0,1594871237.788798
CYL_PRES_STAT,0,1594871237.8414998
CYL_PRES_STAT,0,1594871237.8620238
CYL_PRES_STAT,0,1594871237.9153461
CYL_PRES_STAT,0,1594871237.9357738
CYL_PRES_STAT,0,1594871237.956171
CYL_PRES_STAT,0,1594871237.976625
CYL_PRES_STAT,0,1594871237.997498
CYL_PRES_STAT,0,1594871238.0177462
CYL_PRES_STAT,0,1594871238.038614
CYL_PRES_STAT,0,1594871238.079133
CYL_PRES_STAT,0,1594871238.222811
CYL_PRES_STAT,0,1594871238.2434616
CYL_PRES_STAT,0,1594871238.275674
CYL_PRES_STAT,0,1594871238.287894
CYL_PRES_STAT,0,1594871238.308373
CYL_PRES_STAT,0,1594871238.329189
CYL_PRES_STAT,0,1594871238.369832
CYL_PRES_STAT,0,1594871238.4314651
CYL_PRES_STAT,0,1594871238.517257
CYL_PRES_STAT,0,1594871238.52541
CYL_PRES_STAT,0,1594871238.5339868
CYL_PRES_STAT,0,1594871238.554624
CYL_PRES_STAT,0,1594871238.57514
CYL_PRES_STAT,0,1594871238.595486
CYL_PRES_STAT,0,1594871238.6365726
CYL_PRES_STAT,0,1594871238.6484358
CYL_PRES_STAT,0,1594871238.656991
CYL_PRES_STAT,0,1594871238.6689491
CYL_PRES_STAT,0,1594871238.67766
CYL_PRES_STAT,0,1594871238.7098482
CYL_PRES_STAT,0,1594871238.742528
CYL_PRES_STAT,0,1594871238.80413
CYL_PRES_STAT,0,1594871238.816247
CYL_PRES_STAT,0,1594871238.824504
CYL_PRES_STAT,0,1594871238.886316
CYL_PRES_STAT,0,1594871238.898335
CYL_PRES_STAT,0,1594871238.906655
CYL_PRES_STAT,0,1594871238.927302
CYL_PRES_STAT,0,1594871239.009151
CYL_PRES_STAT,0,1594871239.135935
CYL_PRES_STAT,0,1594871239.14462
CYL_PRES_STAT,0,1594871239.1563
CYL_PRES_STAT,0,1594871239.197385
CYL_PRES_STAT,0,1594871239.2792454
CYL_PRES_STAT,0,1594871239.2878149
CYL_PRES_STAT,0,1594871239.3407922
CYL_PRES_STAT,0,1594871239.426591
CYL_PRES_STAT,0,1594871239.447052
CYL_PRES_STAT,0,1594871239.467756
CYL_PRES_STAT,0,1594871239.5084226
CYL_PRES_STAT,0,1594871239.558184
CYL_PRES_STAT,0,1594871239.57013
CYL_PRES_STAT,0,1594871239.651755
CYL_PRES_STAT,0,1594871239.6928034
CYL_PRES_STAT,0,1594871239.713509
CYL_PRES_STAT,0,1594871239.754657
CYL_PRES_STAT,0,1594871239.775042
CYL_PRES_STAT,0,1594871239.7994812
CYL_PRES_STAT,0,1594871239.819751
CYL_PRES_STAT,0,1594871239.828137
CYL_PRES_STAT,0,1594871239.836159
CYL_PRES_STAT,0,1594871239.877533
CYL_PRES_STAT,0,1594871239.8894289
CYL_PRES_STAT,0,1594871240.024557
CYL_PRES_STAT,0,1594871240.0451038
CYL_PRES_STAT,0,1594871240.057308
CYL_PRES_STAT,0,1594871240.0658839
CYL_PRES_STAT,0,1594871240.086462
CYL_PRES_STAT,0,1594871240.13924
CYL_PRES_STAT,0,1594871240.151502
CYL_PRES_STAT,0,1594871240.2007966
CYL_PRES_STAT,0,1594871240.2415528
CYL_PRES_STAT,0,1594871240.2950554
CYL_PRES_STAT,0,1594871240.3156438
CYL_PRES_STAT,0,1594871240.335893
CYL_PRES_STAT,0,1594871240.3973286
CYL_PRES_STAT,0,1594871240.417982
CYL_PRES_STAT,0,1594871240.43874
CYL_PRES_STAT,0,1594871240.4793012
CYL_PRES_STAT,0,1594871240.606126
CYL_PRES_STAT,0,1594871240.634872
CYL_PRES_STAT,0,1594871240.6639569
CYL_PRES_STAT,0,1594871240.708569
CYL_PRES_STAT,0,1594871240.720762
CYL_PRES_STAT,0,1594871240.757805
CYL_PRES_STAT,0,1594871240.770019
CYL_PRES_STAT,0,1594871240.7904909
CYL_PRES_STAT,0,1594871240.917609
CYL_PRES_STAT,0,1594871240.9343302
CYL_PRES_STAT,0,1594871240.958366
CYL_PRES_STAT,0,1594871240.975081
CYL_PRES_STAT,0,1594871241.01659
CYL_PRES_STAT,0,1594871241.036793
CYL_PRES_STAT,0,1594871241.049237
CYL_PRES_STAT,0,1594871241.089486
CYL_PRES_STAT,0,1594871241.171417
CYL_PRES_STAT,0,1594871241.2041
CYL_PRES_STAT,0,1594871241.2127402
CYL_PRES_STAT,0,1594871241.253709
CYL_PRES_STAT,0,1594871241.298342
CYL_PRES_STAT,0,1594871241.3311126
CYL_PRES_STAT,0,1594871241.3597188
CYL_PRES_STAT,0,1594871241.36842
CYL_PRES_STAT,0,1594871241.380322
CYL_PRES_STAT,0,1594871241.515552
CYL_PRES_STAT,0,1594871241.53596
CYL_PRES_STAT,0,1594871241.5564742
CYL_PRES_STAT,0,1594871241.577133
CYL_PRES_STAT,0,1594871241.585365
CYL_PRES_STAT,0,1594871241.597363
CYL_PRES_STAT,0,1594871241.638433
CYL_PRES_STAT,0,1594871241.658847
CYL_PRES_STAT,0,1594871241.6676931
CYL_PRES_STAT,0,1594871241.720309
CYL_PRES_STAT,0,1594871241.7940779
CYL_PRES_STAT,0,1594871241.8881652
CYL_PRES_STAT,0,1594871241.9085882
CYL_PRES_STAT,0,1594871241.929106
CYL_PRES_STAT,0,1594871241.949627
CYL_PRES_STAT,0,1594871241.9581802
CYL_PRES_STAT,0,1594871241.970043
CYL_PRES_STAT,0,1594871242.060662
CYL_PRES_STAT,0,1594871242.084692
CYL_PRES_STAT,0,1594871242.0930262
CYL_PRES_STAT,0,1594871242.154716
CYL_PRES_STAT,0,1594871242.178899
CYL_PRES_STAT,0,1594871242.19935
CYL_PRES_STAT,0,1594871242.216095
CYL_PRES_STAT,0,1594871242.240355
CYL_PRES_STAT,0,1594871242.260834
CYL_PRES_STAT,0,1594871242.4453619
CYL_PRES_STAT,0,1594871242.457571
CYL_PRES_STAT,0,1594871242.466064
CYL_PRES_STAT,0,1594871242.486186
CYL_PRES_STAT,0,1594871242.527745
CYL_PRES_STAT,0,1594871242.539339
CYL_PRES_STAT,0,1594871242.5478961
CYL_PRES_STAT,0,1594871242.5598688
CYL_PRES_STAT,0,1594871242.568639
CYL_PRES_STAT,0,1594871242.695373
CYL_PRES_STAT,0,1594871242.715509
CYL_PRES_STAT,0,1594871242.7769194
CYL_PRES_STAT,0,1594871242.789129
CYL_PRES_STAT,0,1594871242.797514
CYL_PRES_STAT,0,1594871242.818423
CYL_PRES_STAT,0,1594871242.8388624
CYL_PRES_STAT,0,1594871242.8588688
CYL_PRES_STAT,0,1594871242.871136
CYL_PRES_STAT,0,1594871242.961906
CYL_PRES_STAT,0,1594871242.982157
CYL_PRES_STAT,0,1594871243.023293
CYL_PRES_STAT,0,1594871243.0351694
CYL_PRES_STAT,0,1594871243.0474632
CYL_PRES_STAT,0,1594871243.067698
CYL_PRES_STAT,0,1594871243.088182
CYL_PRES_STAT,0,1594871243.1086774
CYL_PRES_STAT,0,1594871243.1495562
CYL_PRES_STAT,0,1594871243.170046
CYL_PRES_STAT,0,1594871243.2519221
CYL_PRES_STAT,0,1594871243.317743
CYL_PRES_STAT,0,1594871243.32567
CYL_PRES_STAT,0,1594871243.334435
CYL_PRES_STAT,0,1594871243.354741
CYL_PRES_STAT,0,1594871243.3962688
CYL_PRES_STAT,0,1594871243.4200199
CYL_PRES_STAT,0,1594871243.44048
CYL_PRES_STAT,0,1594871243.4608688
CYL_PRES_STAT,0,1594871243.542797
CYL_PRES_STAT,0,1594871243.604355
CYL_PRES_STAT,0,1594871243.6165302
CYL_PRES_STAT,0,1594871243.624776
CYL_PRES_STAT,0,1594871243.653913
CYL_PRES_STAT,0,1594871243.66575
CYL_PRES_STAT,0,1594871243.68675
CYL_PRES_STAT,0,1594871243.6983962
CYL_PRES_STAT,0,1594871243.707144
CYL_PRES_STAT,0,1594871243.727635
CYL_PRES_STAT,0,1594871243.789134
CYL_PRES_STAT,0,1594871243.9158568
CYL_PRES_STAT,0,1594871243.935992
CYL_PRES_STAT,0,1594871243.944915
CYL_PRES_STAT,0,1594871243.956626
CYL_PRES_STAT,0,1594871243.9772038
CYL_PRES_STAT,0,1594871243.997587
CYL_PRES_STAT,0,1594871244.026648
CYL_PRES_STAT,0,1594871244.038538
CYL_PRES_STAT,0,1594871244.162092
CYL_PRES_STAT,0,1594871244.2063131
CYL_PRES_STAT,0,1594871244.226975
CYL_PRES_STAT,0,1594871244.2475252
CYL_PRES_STAT,0,1594871244.2643359
CYL_PRES_STAT,0,1594871244.288329
CYL_PRES_STAT,0,1594871244.308774
CYL_PRES_STAT,0,1594871244.32927
CYL_PRES_STAT,0,1594871244.390649
CYL_PRES_STAT,0,1594871244.3993359
CYL_PRES_STAT,0,1594871244.431648
CYL_PRES_STAT,0,1594871244.4729998
CYL_PRES_STAT,0,1594871244.493448
CYL_PRES_STAT,0,1594871244.5053592
CYL_PRES_STAT,0,1594871244.53455
CYL_PRES_STAT,0,1594871244.5586078
CYL_PRES_STAT,0,1594871244.579027
CYL_PRES_STAT,0,1594871244.587255
CYL_PRES_STAT,0,1594871244.599477
CYL_PRES_STAT,0,1594871244.608246
CYL_PRES_STAT,0,1594871244.6609359
CYL_PRES_STAT,0,1594871244.722388
CYL_PRES_STAT,0,1594871244.731325
CYL_PRES_STAT,0,1594871244.7517152
CYL_PRES_STAT,0,1594871244.7838864
CYL_PRES_STAT,0,1594871244.804435
CYL_PRES_STAT,0,1594871244.824848
CYL_PRES_STAT,0,1594871244.8460786
CYL_PRES_STAT,0,1594871244.857586
CYL_PRES_STAT,0,1594871244.865828
CYL_PRES_STAT,0,1594871244.907194
CYL_PRES_STAT,0,1594871244.9280741
CYL_PRES_STAT,0,1594871244.9394882
CYL_PRES_STAT,0,1594871244.948212
CYL_PRES_STAT,0,1594871244.980459
CYL_PRES_STAT,0,1594871245.030043
CYL_PRES_STAT,0,1594871245.0624359
CYL_PRES_STAT,0,1594871245.0747662
CYL_PRES_STAT,0,1594871245.103894
CYL_PRES_STAT,0,1594871245.1155672
CYL_PRES_STAT,0,1594871245.1650894
CYL_PRES_STAT,0,1594871245.189375
CYL_PRES_STAT,0,1594871245.1975749
CYL_PRES_STAT,0,1594871245.320447
CYL_PRES_STAT,0,1594871245.4233131
CYL_PRES_STAT,0,1594871245.4351392
CYL_PRES_STAT,0,1594871245.4473634
CYL_PRES_STAT,0,1594871245.4677794
CYL_PRES_STAT,0,1594871245.4883711
CYL_PRES_STAT,0,1594871245.5087981
CYL_PRES_STAT,0,1594871245.549818
CYL_PRES_STAT,0,1594871245.579255
CYL_PRES_STAT,0,1594871245.693475
CYL_PRES_STAT,0,1594871245.714317
CYL_PRES_STAT,0,1594871245.7345226
CYL_PRES_STAT,0,1594871245.755224
CYL_PRES_STAT,0,1594871245.796397
CYL_PRES_STAT,0,1594871245.816374
CYL_PRES_STAT,0,1594871245.828259
CYL_PRES_STAT,0,1594871245.8899982
CYL_PRES_STAT,0,1594871245.90197
CYL_PRES_STAT,0,1594871245.972018
CYL_PRES_STAT,0,1594871246.004447
CYL_PRES_STAT,0,1594871246.04555
CYL_PRES_STAT,0,1594871246.0662868
CYL_PRES_STAT,0,1594871246.086715
CYL_PRES_STAT,0,1594871246.1109078
CYL_PRES_STAT,0,1594871246.2627802
CYL_PRES_STAT,0,1594871246.295393
CYL_PRES_STAT,0,1594871246.315878
CYL_PRES_STAT,0,1594871246.336363
CYL_PRES_STAT,0,1594871246.345116
CYL_PRES_STAT,0,1594871246.3567848
CYL_PRES_STAT,0,1594871246.3771439
CYL_PRES_STAT,0,1594871246.397702
CYL_PRES_STAT,0,1594871246.4182556
CYL_PRES_STAT,0,1594871246.427139
CYL_PRES_STAT,0,1594871246.447122
CYL_PRES_STAT,0,1594871246.49178
CYL_PRES_STAT,0,1594871246.586036
CYL_PRES_STAT,0,1594871246.594901
CYL_PRES_STAT,0,1594871246.606478
CYL_PRES_STAT,0,1594871246.6271071
CYL_PRES_STAT,0,1594871246.6644552
CYL_PRES_STAT,0,1594871246.688498
CYL_PRES_STAT,0,1594871246.70892
CYL_PRES_STAT,0,1594871246.7296212
CYL_PRES_STAT,0,1594871246.779228
CYL_PRES_STAT,0,1594871246.7909374
CYL_PRES_STAT,0,1594871246.831831
CYL_PRES_STAT,0,1594871246.8731034
CYL_PRES_STAT,0,1594871246.91413
CYL_PRES_STAT,0,1594871246.925986
CYL_PRES_STAT,0,1594871246.934832
CYL_PRES_STAT,0,1594871246.958688
CYL_PRES_STAT,0,1594871246.979158
CYL_PRES_STAT,0,1594871247.2458198
CYL_PRES_STAT,0,1594871247.257633
CYL_PRES_STAT,0,1594871247.266138
CYL_PRES_STAT,0,1594871247.310949
CYL_PRES_STAT,0,1594871247.331491
CYL_PRES_STAT,0,1594871247.3397028
CYL_PRES_STAT,0,1594871247.4747431
CYL_PRES_STAT,0,1594871247.4953651
CYL_PRES_STAT,0,1594871247.5075269
CYL_PRES_STAT,0,1594871247.516027
CYL_PRES_STAT,0,1594871247.556958
CYL_PRES_STAT,0,1594871247.5895636
CYL_PRES_STAT,0,1594871247.6063402
CYL_PRES_STAT,0,1594871247.618301
CYL_PRES_STAT,0,1594871247.6386821
CYL_PRES_STAT,0,1594871247.773908
CYL_PRES_STAT,0,1594871247.806615
CYL_PRES_STAT,0,1594871247.827286
CYL_PRES_STAT,0,1594871247.8438988
CYL_PRES_STAT,0,1594871247.868094
CYL_PRES_STAT,0,1594871247.876245
CYL_PRES_STAT,0,1594871247.888472
CYL_PRES_STAT,0,1594871247.929582
CYL_PRES_STAT,0,1594871247.949909
CYL_PRES_STAT,0,1594871247.958408
CYL_PRES_STAT,0,1594871247.970489
CYL_PRES_STAT,0,1594871247.978967
CYL_PRES_STAT,0,1594871248.011349
CYL_PRES_STAT,0,1594871248.052465
CYL_PRES_STAT,0,1594871248.076905
CYL_PRES_STAT,0,1594871248.0936186
CYL_PRES_STAT,0,1594871248.134913
CYL_PRES_STAT,0,1594871248.1464849
CYL_PRES_STAT,0,1594871248.1874602
CYL_PRES_STAT,0,1594871248.1960409
CYL_PRES_STAT,0,1594871248.216393
CYL_PRES_STAT,0,1594871248.2284758
CYL_PRES_STAT,0,1594871248.269473
CYL_PRES_STAT,0,1594871248.384104
CYL_PRES_STAT,0,1594871248.392535
CYL_PRES_STAT,0,1594871248.404581
CYL_PRES_STAT,0,1594871248.425009
CYL_PRES_STAT,0,1594871248.44555
CYL_PRES_STAT,0,1594871248.4663892
CYL_PRES_STAT,0,1594871248.490612
CYL_PRES_STAT,0,1594871248.49887
CYL_PRES_STAT,0,1594871248.511107
CYL_PRES_STAT,0,1594871248.5191524
CYL_PRES_STAT,0,1594871248.528204
CYL_PRES_STAT,0,1594871248.548247
CYL_PRES_STAT,0,1594871248.683142
CYL_PRES_STAT,0,1594871248.69535
CYL_PRES_STAT,0,1594871248.715751
CYL_PRES_STAT,0,1594871248.748547
CYL_PRES_STAT,0,1594871248.765687
CYL_PRES_STAT,0,1594871248.8184376
CYL_PRES_STAT,0,1594871248.827019
CYL_PRES_STAT,0,1594871248.8387911
CYL_PRES_STAT,0,1594871248.9414608
CYL_PRES_STAT,0,1594871248.953354
CYL_PRES_STAT,0,1594871248.965609
CYL_PRES_STAT,0,1594871249.0031328
CYL_PRES_STAT,0,1594871249.0235949
CYL_PRES_STAT,0,1594871249.068106
CYL_PRES_STAT,0,1594871249.076308
CYL_PRES_STAT,0,1594871249.1296134
CYL_PRES_STAT,0,1594871249.252486
CYL_PRES_STAT,0,1594871249.272993
CYL_PRES_STAT,0,1594871249.285217
CYL_PRES_STAT,0,1594871249.30557
CYL_PRES_STAT,0,1594871249.314456
CYL_PRES_STAT,0,1594871249.3260849
CYL_PRES_STAT,0,1594871249.379414
CYL_PRES_STAT,0,1594871249.437263
CYL_PRES_STAT,0,1594871249.46145
CYL_PRES_STAT,0,1594871249.4907901
CYL_PRES_STAT,0,1594871249.5841222
CYL_PRES_STAT,0,1594871249.605382
CYL_PRES_STAT,0,1594871249.625448
CYL_PRES_STAT,0,1594871249.6456454
CYL_PRES_STAT,0,1594871249.6577976
CYL_PRES_STAT,0,1594871249.687201
CYL_PRES_STAT,0,1594871249.707583
CYL_PRES_STAT,0,1594871249.748364
CYL_PRES_STAT,0,1594871249.9042828
CYL_PRES_STAT,0,1594871249.936419
CYL_PRES_STAT,0,1594871249.977922
CYL_PRES_STAT,0,1594871249.989689
CYL_PRES_STAT,0,1594871249.9985259
CYL_PRES_STAT,0,1594871250.018394
CYL_PRES_STAT,0,1594871250.079808
CYL_PRES_STAT,0,1594871250.132915
CYL_PRES_STAT,0,1594871250.2066581
CYL_PRES_STAT,0,1594871250.2271636
CYL_PRES_STAT,0,1594871250.2358642
CYL_PRES_STAT,0,1594871250.2476668
CYL_PRES_STAT,0,1594871250.2681491
CYL_PRES_STAT,0,1594871250.3090901
CYL_PRES_STAT,0,1594871250.3177571
CYL_PRES_STAT,0,1594871250.329658
CYL_PRES_STAT,0,1594871250.349983
CYL_PRES_STAT,0,1594871250.35853
CYL_PRES_STAT,0,1594871250.440492
CYL_PRES_STAT,0,1594871250.4938838
CYL_PRES_STAT,0,1594871250.5144222
CYL_PRES_STAT,0,1594871250.5349882
CYL_PRES_STAT,0,1594871250.5672386
CYL_PRES_STAT,0,1594871250.575882
CYL_PRES_STAT,0,1594871250.5961864
CYL_PRES_STAT,0,1594871250.6202822
CYL_PRES_STAT,0,1594871250.640877
CYL_PRES_STAT,0,1594871250.70233
CYL_PRES_STAT,0,1594871250.764121
CYL_PRES_STAT,0,1594871250.7724018
CYL_PRES_STAT,0,1594871250.7841911
CYL_PRES_STAT,0,1594871250.8169448
CYL_PRES_STAT,0,1594871250.825508
CYL_PRES_STAT,0,1594871250.846014
CYL_PRES_STAT,0,1594871250.8702118
CYL_PRES_STAT,0,1594871250.890659
CYL_PRES_STAT,0,1594871250.8990452
CYL_PRES_STAT,0,1594871250.919457
CYL_PRES_STAT,0,1594871250.948607
CYL_PRES_STAT,0,1594871251.04235
CYL_PRES_STAT,0,1594871251.074987
CYL_PRES_STAT,0,1594871251.0956
CYL_PRES_STAT,0,1594871251.1037052
CYL_PRES_STAT,0,1594871251.165767
CYL_PRES_STAT,0,1594871251.218401
CYL_PRES_STAT,0,1594871251.247457
CYL_PRES_STAT,0,1594871251.3004339
CYL_PRES_STAT,0,1594871251.3739731
CYL_PRES_STAT,0,1594871251.3826408
CYL_PRES_STAT,0,1594871251.394628
CYL_PRES_STAT,0,1594871251.4033446
CYL_PRES_STAT,0,1594871251.415012
CYL_PRES_STAT,0,1594871251.447881
CYL_PRES_STAT,0,1594871251.4683974
CYL_PRES_STAT,0,1594871251.4887738
CYL_PRES_STAT,0,1594871251.5092368
CYL_PRES_STAT,0,1594871251.529616
CYL_PRES_STAT,0,1594871251.570577
CYL_PRES_STAT,0,1594871251.599758
CYL_PRES_STAT,0,1594871251.673102
CYL_PRES_STAT,0,1594871251.693942
CYL_PRES_STAT,0,1594871251.7143881
CYL_PRES_STAT,0,1594871251.7262769
CYL_PRES_STAT,0,1594871251.738452
CYL_PRES_STAT,0,1594871251.7589602
CYL_PRES_STAT,0,1594871251.7756624
CYL_PRES_STAT,0,1594871251.8001149
CYL_PRES_STAT,0,1594871251.840907
CYL_PRES_STAT,0,1594871251.8577619
CYL_PRES_STAT,0,1594871251.976206
CYL_PRES_STAT,0,1594871251.985043
CYL_PRES_STAT,0,1594871252.004802
CYL_PRES_STAT,0,1594871252.025283
CYL_PRES_STAT,0,1594871252.045894
CYL_PRES_STAT,0,1594871252.0871038
CYL_PRES_STAT,0,1594871252.107222
CYL_PRES_STAT,0,1594871252.140016
CYL_PRES_STAT,0,1594871252.1488168
CYL_PRES_STAT,0,1594871252.230622
CYL_PRES_STAT,0,1594871252.2511098
CYL_PRES_STAT,0,1594871252.274974
CYL_PRES_STAT,0,1594871252.283514
CYL_PRES_STAT,0,1594871252.3365178
CYL_PRES_STAT,0,1594871252.357137
CYL_PRES_STAT,0,1594871252.37817
CYL_PRES_STAT,0,1594871252.389745
CYL_PRES_STAT,0,1594871252.398577
CYL_PRES_STAT,0,1594871252.500454
CYL_PRES_STAT,0,1594871252.603287
CYL_PRES_STAT,0,1594871252.627255
CYL_PRES_STAT,0,1594871252.6358778
CYL_PRES_STAT,0,1594871252.647795
CYL_PRES_STAT,0,1594871252.668267
CYL_PRES_STAT,0,1594871252.676533
CYL_PRES_STAT,0,1594871252.709165
CYL_PRES_STAT,0,1594871252.718197
CYL_PRES_STAT,0,1594871252.7296894
CYL_PRES_STAT,0,1594871252.7501838
CYL_PRES_STAT,0,1594871252.811701
CYL_PRES_STAT,0,1594871252.873497
CYL_PRES_STAT,0,1594871252.897742
CYL_PRES_STAT,0,1594871252.9144402
CYL_PRES_STAT,0,1594871252.9553962
CYL_PRES_STAT,0,1594871252.9672382
CYL_PRES_STAT,0,1594871252.97596
CYL_PRES_STAT,0,1594871252.999965
CYL_PRES_STAT,0,1594871253.057778
CYL_PRES_STAT,0,1594871253.217002
CYL_PRES_STAT,0,1594871253.225264
CYL_PRES_STAT,0,1594871253.245836
CYL_PRES_STAT,0,1594871253.2666738
CYL_PRES_STAT,0,1594871253.2907786
CYL_PRES_STAT,0,1594871253.3488011
CYL_PRES_STAT,0,1594871253.3687232
CYL_PRES_STAT,0,1594871253.4752278
CYL_PRES_STAT,0,1594871253.483381
CYL_PRES_STAT,0,1594871253.49576
CYL_PRES_STAT,0,1594871253.516242
CYL_PRES_STAT,0,1594871253.537236
CYL_PRES_STAT,0,1594871253.5980642
CYL_PRES_STAT,0,1594871253.61845
CYL_PRES_STAT,0,1594871253.627064
CYL_PRES_STAT,0,1594871253.762275
CYL_PRES_STAT,0,1594871253.782953
CYL_PRES_STAT,0,1594871253.7953348
CYL_PRES_STAT,0,1594871253.84798
CYL_PRES_STAT,0,1594871253.8682618
CYL_PRES_STAT,0,1594871253.8769972
CYL_PRES_STAT,0,1594871253.9795241
CYL_PRES_STAT,0,1594871254.0940318
CYL_PRES_STAT,0,1594871254.1145458
CYL_PRES_STAT,0,1594871254.138581
CYL_PRES_STAT,0,1594871254.155503
CYL_PRES_STAT,0,1594871254.175783
CYL_PRES_STAT,0,1594871254.1878061
CYL_PRES_STAT,0,1594871254.1966796
CYL_PRES_STAT,0,1594871254.217077
CYL_PRES_STAT,0,1594871254.237621
CYL_PRES_STAT,0,1594871254.257792
CYL_PRES_STAT,0,1594871254.269705
CYL_PRES_STAT,0,1594871254.3761878
CYL_PRES_STAT,0,1594871254.3848698
CYL_PRES_STAT,0,1594871254.405336
CYL_PRES_STAT,0,1594871254.4134982
CYL_PRES_STAT,0,1594871254.4253821
CYL_PRES_STAT,0,1594871254.467076
CYL_PRES_STAT,0,1594871254.4869108
CYL_PRES_STAT,0,1594871254.540122
CYL_PRES_STAT,0,1594871254.581082
CYL_PRES_STAT,0,1594871254.5895886
CYL_PRES_STAT,0,1594871254.6632476
CYL_PRES_STAT,0,1594871254.6751359
CYL_PRES_STAT,0,1594871254.6836126
CYL_PRES_STAT,0,1594871254.7366118
CYL_PRES_STAT,0,1594871254.757208
CYL_PRES_STAT,0,1594871254.7781858
CYL_PRES_STAT,0,1594871254.7982774
CYL_PRES_STAT,0,1594871254.8186269
CYL_PRES_STAT,0,1594871254.8478458
CYL_PRES_STAT,0,1594871254.8595679
CYL_PRES_STAT,0,1594871254.912755
CYL_PRES_STAT,0,1594871254.921348
CYL_PRES_STAT,0,1594871255.03633
CYL_PRES_STAT,0,1594871255.0443869
CYL_PRES_STAT,0,1594871255.064781
CYL_PRES_STAT,0,1594871255.1262069
CYL_PRES_STAT,0,1594871255.1381912
CYL_PRES_STAT,0,1594871255.146654
CYL_PRES_STAT,0,1594871255.179567
CYL_PRES_STAT,0,1594871255.1912706
CYL_PRES_STAT,0,1594871255.2736242
CYL_PRES_STAT,0,1594871255.285482
CYL_PRES_STAT,0,1594871255.294322
CYL_PRES_STAT,0,1594871255.314519
CYL_PRES_STAT,0,1594871255.3555012
CYL_PRES_STAT,0,1594871255.3761194
CYL_PRES_STAT,0,1594871255.39687
CYL_PRES_STAT,0,1594871255.4206321
CYL_PRES_STAT,0,1594871255.5518448
CYL_PRES_STAT,0,1594871255.5640461
CYL_PRES_STAT,0,1594871255.605054
CYL_PRES_STAT,0,1594871255.617248
CYL_PRES_STAT,0,1594871255.625452
CYL_PRES_STAT,0,1594871255.6750119
CYL_PRES_STAT,0,1594871255.6870189
CYL_PRES_STAT,0,1594871255.6993544
CYL_PRES_STAT,0,1594871255.728002
CYL_PRES_STAT,0,1594871255.748329
CYL_PRES_STAT,0,1594871255.756999
CYL_PRES_STAT,0,1594871255.8017118
CYL_PRES_STAT,0,1594871255.8307352
CYL_PRES_STAT,0,1594871255.8425019
CYL_PRES_STAT,0,1594871255.8752391
CYL_PRES_STAT,0,1594871255.9163132
CYL_PRES_STAT,0,1594871255.936747
CYL_PRES_STAT,0,1594871255.957145
CYL_PRES_STAT,0,1594871255.9776359
CYL_PRES_STAT,0,1594871255.998116
CYL_PRES_STAT,0,1594871256.0186508
CYL_PRES_STAT,0,1594871256.0476348
CYL_PRES_STAT,0,1594871256.059663
CYL_PRES_STAT,0,1594871256.1414561
CYL_PRES_STAT,0,1594871256.1663294
CYL_PRES_STAT,0,1594871256.1742046
CYL_PRES_STAT,0,1594871256.1832054
CYL_PRES_STAT,0,1594871256.2561939
CYL_PRES_STAT,0,1594871256.2650962
CYL_PRES_STAT,0,1594871256.276744
CYL_PRES_STAT,0,1594871256.288903
CYL_PRES_STAT,0,1594871256.309365
CYL_PRES_STAT,0,1594871256.3590062
CYL_PRES_STAT,0,1594871256.4938428
CYL_PRES_STAT,0,1594871256.5182679
CYL_PRES_STAT,0,1594871256.534776
CYL_PRES_STAT,0,1594871256.5555382
CYL_PRES_STAT,0,1594871256.6087198
CYL_PRES_STAT,0,1594871256.620639
CYL_PRES_STAT,0,1594871256.637547
CYL_PRES_STAT,0,1594871256.657972
CYL_PRES_STAT,0,1594871256.764129
CYL_PRES_STAT,0,1594871256.7727609
CYL_PRES_STAT,0,1594871256.7846348
CYL_PRES_STAT,0,1594871256.8049529
CYL_PRES_STAT,0,1594871256.866462
CYL_PRES_STAT,0,1594871256.887056
CYL_PRES_STAT,0,1594871256.907825
CYL_PRES_STAT,0,1594871256.928306
CYL_PRES_STAT,0,1594871256.960661
CYL_PRES_STAT,0,1594871256.9694731
CYL_PRES_STAT,0,1594871257.00999
CYL_PRES_STAT,0,1594871257.051172
CYL_PRES_STAT,0,1594871257.0630786
CYL_PRES_STAT,0,1594871257.071851
CYL_PRES_STAT,0,1594871257.1163142
CYL_PRES_STAT,0,1594871257.1900976
CYL_PRES_STAT,0,1594871257.2392108
CYL_PRES_STAT,0,1594871257.288765
CYL_PRES_STAT,0,1594871257.300908
CYL_PRES_STAT,0,1594871257.3128722
CYL_PRES_STAT,0,1594871257.427667
CYL_PRES_STAT,0,1594871257.43633
CYL_PRES_STAT,0,1594871257.448048
CYL_PRES_STAT,0,1594871257.4890082
CYL_PRES_STAT,0,1594871257.5094821
CYL_PRES_STAT,0,1594871257.5176694
CYL_PRES_STAT,0,1594871257.53829
CYL_PRES_STAT,0,1594871257.550384
CYL_PRES_STAT,0,1594871257.5795908
CYL_PRES_STAT,0,1594871257.5913851
CYL_PRES_STAT,0,1594871257.600013
CYL_PRES_STAT,0,1594871257.67381
CYL_PRES_STAT,0,1594871257.693908
CYL_PRES_STAT,0,1594871257.75578
CYL_PRES_STAT,0,1594871257.767704
CYL_PRES_STAT,0,1594871257.776513
CYL_PRES_STAT,0,1594871257.800523
CYL_PRES_STAT,0,1594871257.8375962
CYL_PRES_STAT,0,1594871257.869914
CYL_PRES_STAT,0,1594871258.0051148
CYL_PRES_STAT,0,1594871258.026185
CYL_PRES_STAT,0,1594871258.0343528
CYL_PRES_STAT,0,1594871258.0462232
CYL_PRES_STAT,0,1594871258.0666142
CYL_PRES_STAT,0,1594871258.0754626
CYL_PRES_STAT,0,1594871258.128279
CYL_PRES_STAT,0,1594871258.210967
CYL_PRES_STAT,0,1594871258.242634
CYL_PRES_STAT,0,1594871258.2718651
CYL_PRES_STAT,0,1594871258.2958698
CYL_PRES_STAT,0,1594871258.316481
CYL_PRES_STAT,0,1594871258.336941
CYL_PRES_STAT,0,1594871258.345234
CYL_PRES_STAT,0,1594871258.3779051
CYL_PRES_STAT,0,1594871258.398426
CYL_PRES_STAT,0,1594871258.418725
CYL_PRES_STAT,0,1594871258.4273448
CYL_PRES_STAT,0,1594871258.439334
CYL_PRES_STAT,0,1594871258.4598124
CYL_PRES_STAT,0,1594871258.574286
CYL_PRES_STAT,0,1594871258.583135
CYL_PRES_STAT,0,1594871258.627693
CYL_PRES_STAT,0,1594871258.644477
CYL_PRES_STAT,0,1594871258.6685839
CYL_PRES_STAT,0,1594871258.677345
CYL_PRES_STAT,0,1594871258.689131
CYL_PRES_STAT,0,1594871258.7094886
CYL_PRES_STAT,0,1594871258.7504618
CYL_PRES_STAT,0,1594871258.779221
CYL_PRES_STAT,0,1594871258.873549
CYL_PRES_STAT,0,1594871258.8940768
CYL_PRES_STAT,0,1594871258.914384
CYL_PRES_STAT,0,1594871258.9266438
CYL_PRES_STAT,0,1594871258.9353228
CYL_PRES_STAT,0,1594871258.9557118
CYL_PRES_STAT,0,1594871258.967533
CYL_PRES_STAT,0,1594871259.008538
CYL_PRES_STAT,0,1594871259.0375822
CYL_PRES_STAT,0,1594871259.049736
CYL_PRES_STAT,0,1594871259.058153
CYL_PRES_STAT,0,1594871259.1642802
CYL_PRES_STAT,0,1594871259.1729534
CYL_PRES_STAT,0,1594871259.2052119
CYL_PRES_STAT,0,1594871259.225678
CYL_PRES_STAT,0,1594871259.258315
CYL_PRES_STAT,0,1594871259.266687
CYL_PRES_STAT,0,1594871259.28755
CYL_PRES_STAT,0,1594871259.3079329
CYL_PRES_STAT,0,1594871259.348726
CYL_PRES_STAT,0,1594871259.41026
CYL_PRES_STAT,0,1594871259.471762
CYL_PRES_STAT,0,1594871259.50464
CYL_PRES_STAT,0,1594871259.51636
CYL_PRES_STAT,0,1594871259.536931
CYL_PRES_STAT,0,1594871259.5573928
CYL_PRES_STAT,0,1594871259.578086
CYL_PRES_STAT,0,1594871259.590158
CYL_PRES_STAT,0,1594871259.6597939
CYL_PRES_STAT,0,1594871259.7092679
CYL_PRES_STAT,0,1594871259.774399
CYL_PRES_STAT,0,1594871259.803643
CYL_PRES_STAT,0,1594871259.827762
CYL_PRES_STAT,0,1594871259.8359966
CYL_PRES_STAT,0,1594871259.848358
CYL_PRES_STAT,0,1594871259.889091
CYL_PRES_STAT,0,1594871259.906081
CYL_PRES_STAT,0,1594871259.918145
CYL_PRES_STAT,0,1594871259.938359
CYL_PRES_STAT,0,1594871259.9505768
CYL_PRES_STAT,0,1594871259.9793339
CYL_PRES_STAT,0,1594871259.991534
CYL_PRES_STAT,0,1594871260.0002382
CYL_PRES_STAT,0,1594871260.040736
CYL_PRES_STAT,0,1594871260.053517
CYL_PRES_STAT,0,1594871260.073489
CYL_PRES_STAT,0,1594871260.082106
CYL_PRES_STAT,0,1594871260.1356142
CYL_PRES_STAT,0,1594871260.1594439
CYL_PRES_STAT,0,1594871260.1763089
CYL_PRES_STAT,0,1594871260.1967418
CYL_PRES_STAT,0,1594871260.2208698
CYL_PRES_STAT,0,1594871260.2582786
CYL_PRES_STAT,0,1594871260.2905722
CYL_PRES_STAT,0,1594871260.3644369
CYL_PRES_STAT,0,1594871260.384834
CYL_PRES_STAT,0,1594871260.4056509
CYL_PRES_STAT,0,1594871260.4175842
CYL_PRES_STAT,0,1594871260.426114
CYL_PRES_STAT,0,1594871260.454962
CYL_PRES_STAT,0,1594871260.466708
CYL_PRES_STAT,0,1594871260.507672
CYL_PRES_STAT,0,1594871260.528264
CYL_PRES_STAT,0,1594871260.663724
CYL_PRES_STAT,0,1594871260.6754394
CYL_PRES_STAT,0,1594871260.696095
CYL_PRES_STAT,0,1594871260.713027
CYL_PRES_STAT,0,1594871260.7574859
CYL_PRES_STAT,0,1594871260.778655
CYL_PRES_STAT,0,1594871260.798413
CYL_PRES_STAT,0,1594871260.807065
CYL_PRES_STAT,0,1594871260.8189044
CYL_PRES_STAT,0,1594871260.827526
CYL_PRES_STAT,0,1594871260.9626231
CYL_PRES_STAT,0,1594871260.9834714
CYL_PRES_STAT,0,1594871261.0241141
CYL_PRES_STAT,0,1594871261.0774
CYL_PRES_STAT,0,1594871261.097464
CYL_PRES_STAT,0,1594871261.1060688
CYL_PRES_STAT,0,1594871261.167649
CYL_PRES_STAT,0,1594871261.253076
CYL_PRES_STAT,0,1594871261.2735
CYL_PRES_STAT,0,1594871261.294563
CYL_PRES_STAT,0,1594871261.3268118
CYL_PRES_STAT,0,1594871261.33899
CYL_PRES_STAT,0,1594871261.347177
CYL_PRES_STAT,0,1594871261.355508
CYL_PRES_STAT,0,1594871261.3968482
CYL_PRES_STAT,0,1594871261.4085732
CYL_PRES_STAT,0,1594871261.4172194
CYL_PRES_STAT,0,1594871261.5643241
CYL_PRES_STAT,0,1594871261.572927
CYL_PRES_STAT,0,1594871261.584961
CYL_PRES_STAT,0,1594871261.60527
CYL_PRES_STAT,0,1594871261.6549606
CYL_PRES_STAT,0,1594871261.666846
CYL_PRES_STAT,0,1594871261.6873019
CYL_PRES_STAT,0,1594871261.707998
CYL_PRES_STAT,0,1594871261.728549
CYL_PRES_STAT,0,1594871261.7404976
CYL_PRES_STAT,0,1594871261.801892
CYL_PRES_STAT,0,1594871261.855106
CYL_PRES_STAT,0,1594871261.892578
CYL_PRES_STAT,0,1594871261.9042966
CYL_PRES_STAT,0,1594871261.916776
CYL_PRES_STAT,0,1594871261.937037
CYL_PRES_STAT,0,1594871262.1666179
CYL_PRES_STAT,0,1594871262.1868448
CYL_PRES_STAT,0,1594871262.195134
CYL_PRES_STAT,0,1594871262.2036881
CYL_PRES_STAT,0,1594871262.224262
CYL_PRES_STAT,0,1594871262.236066
CYL_PRES_STAT,0,1594871262.265374
CYL_PRES_STAT,0,1594871262.2891672
CYL_PRES_STAT,0,1594871262.3060858
CYL_PRES_STAT,0,1594871262.338503
CYL_PRES_STAT,0,1594871262.350782
CYL_PRES_STAT,0,1594871262.4004722
CYL_PRES_STAT,0,1594871262.4531848
CYL_PRES_STAT,0,1594871262.473691
CYL_PRES_STAT,0,1594871262.485884
CYL_PRES_STAT,0,1594871262.494176
CYL_PRES_STAT,0,1594871262.5354528
CYL_PRES_STAT,0,1594871262.5678358
CYL_PRES_STAT,0,1594871262.600775
CYL_PRES_STAT,0,1594871262.608724
CYL_PRES_STAT,0,1594871262.617384
CYL_PRES_STAT,0,1594871262.649748
CYL_PRES_STAT,0,1594871262.7727194
CYL_PRES_STAT,0,1594871262.784978
CYL_PRES_STAT,0,1594871262.805366
CYL_PRES_STAT,0,1594871262.814016
CYL_PRES_STAT,0,1594871262.8259
CYL_PRES_STAT,0,1594871262.846369
CYL_PRES_STAT,0,1594871262.89957
CYL_PRES_STAT,0,1594871262.908065
CYL_PRES_STAT,0,1594871263.0640938
CYL_PRES_STAT,0,1594871263.072015
CYL_PRES_STAT,0,1594871263.1495922
CYL_PRES_STAT,0,1594871263.157567
CYL_PRES_STAT,0,1594871263.1745381
CYL_PRES_STAT,0,1594871263.2071538
CYL_PRES_STAT,0,1594871263.2189894
CYL_PRES_STAT,0,1594871263.2279732
CYL_PRES_STAT,0,1594871263.3009136
CYL_PRES_STAT,0,1594871263.354165
CYL_PRES_STAT,0,1594871263.362712
CYL_PRES_STAT,0,1594871263.407393
CYL_PRES_STAT,0,1594871263.427998
CYL_PRES_STAT,0,1594871263.448555
CYL_PRES_STAT,0,1594871263.4689279
CYL_PRES_STAT,0,1594871263.4775
CYL_PRES_STAT,0,1594871263.5303712
CYL_PRES_STAT,0,1594871263.558999
CYL_PRES_STAT,0,1594871263.579582
CYL_PRES_STAT,0,1594871263.5917618
CYL_PRES_STAT,0,1594871263.6006742
CYL_PRES_STAT,0,1594871263.620841
CYL_PRES_STAT,0,1594871263.6619024
CYL_PRES_STAT,0,1594871263.673686
CYL_PRES_STAT,0,1594871263.6944358
CYL_PRES_STAT,0,1594871263.72703
CYL_PRES_STAT,0,1594871263.780128
CYL_PRES_STAT,0,1594871263.800493
CYL_PRES_STAT,0,1594871263.8088472
CYL_PRES_STAT,0,1594871263.82098
CYL_PRES_STAT,0,1594871263.8379712
CYL_PRES_STAT,0,1594871263.91998
CYL_PRES_STAT,0,1594871263.964551
CYL_PRES_STAT,0,1594871263.97314
CYL_PRES_STAT,0,1594871263.9849555
CYL_PRES_STAT,0,1594871264.046397
CYL_PRES_STAT,0,1594871264.067586
CYL_PRES_STAT,0,1594871264.0878608
CYL_PRES_STAT,0,1594871264.1282716
CYL_PRES_STAT,0,1594871264.1611712
CYL_PRES_STAT,0,1594871264.2552168
CYL_PRES_STAT,0,1594871264.2839289
CYL_PRES_STAT,0,1594871264.296382
CYL_PRES_STAT,0,1594871264.304584
CYL_PRES_STAT,0,1594871264.33711
CYL_PRES_STAT,0,1594871264.357601
CYL_PRES_STAT,0,1594871264.5095592
CYL_PRES_STAT,0,1594871264.5215738
CYL_PRES_STAT,0,1594871264.554234
CYL_PRES_STAT,0,1594871264.562892
CYL_PRES_STAT,0,1594871264.5869582
CYL_PRES_STAT,0,1594871264.60741
CYL_PRES_STAT,0,1594871264.624455
CYL_PRES_STAT,0,1594871264.6689954
CYL_PRES_STAT,0,1594871264.689452
CYL_PRES_STAT,0,1594871264.7099981
CYL_PRES_STAT,0,1594871264.812246
CYL_PRES_STAT,0,1594871264.862459
CYL_PRES_STAT,0,1594871264.873734
CYL_PRES_STAT,0,1594871264.885948
CYL_PRES_STAT,0,1594871264.8942811
CYL_PRES_STAT,0,1594871264.902953
CYL_PRES_STAT,0,1594871264.9353259
CYL_PRES_STAT,0,1594871264.956009
CYL_PRES_STAT,0,1594871264.967844
CYL_PRES_STAT,0,1594871264.97679
CYL_PRES_STAT,0,1594871265.1317296
CYL_PRES_STAT,0,1594871265.1851149
CYL_PRES_STAT,0,1594871265.205473
CYL_PRES_STAT,0,1594871265.214315
CYL_PRES_STAT,0,1594871265.2260952
CYL_PRES_STAT,0,1594871265.246527
CYL_PRES_STAT,0,1594871265.28777
CYL_PRES_STAT,0,1594871265.2998528
CYL_PRES_STAT,0,1594871265.3081882
CYL_PRES_STAT,0,1594871265.3285792
CYL_PRES_STAT,0,1594871265.463927
CYL_PRES_STAT,0,1594871265.475911
CYL_PRES_STAT,0,1594871265.496335
CYL_PRES_STAT,0,1594871265.5167966
CYL_PRES_STAT,0,1594871265.537192
CYL_PRES_STAT,0,1594871265.5458539
CYL_PRES_STAT,0,1594871265.557672
CYL_PRES_STAT,0,1594871265.5782132
CYL_PRES_STAT,0,1594871265.598669
CYL_PRES_STAT,0,1594871265.6483774
CYL_PRES_STAT,0,1594871265.6601949
CYL_PRES_STAT,0,1594871265.701173
CYL_PRES_STAT,0,1594871265.742321
CYL_PRES_STAT,0,1594871265.7956932
CYL_PRES_STAT,0,1594871265.8039384
CYL_PRES_STAT,0,1594871265.8243382
CYL_PRES_STAT,0,1594871265.848602
CYL_PRES_STAT,0,1594871265.8691368
CYL_PRES_STAT,0,1594871265.886324
CYL_PRES_STAT,0,1594871265.918228
CYL_PRES_STAT,0,1594871265.93046
CYL_PRES_STAT,0,1594871266.073947
CYL_PRES_STAT,0,1594871266.094764
CYL_PRES_STAT,0,1594871266.115495
CYL_PRES_STAT,0,1594871266.135777
CYL_PRES_STAT,0,1594871266.1770651
CYL_PRES_STAT,0,1594871266.197133
CYL_PRES_STAT,0,1594871266.2090619
CYL_PRES_STAT,0,1594871266.217851
CYL_PRES_STAT,0,1594871266.3646839
CYL_PRES_STAT,0,1594871266.3733966
CYL_PRES_STAT,0,1594871266.4260411
CYL_PRES_STAT,0,1594871266.4468026
CYL_PRES_STAT,0,1594871266.458848
CYL_PRES_STAT,0,1594871266.4671412
CYL_PRES_STAT,0,1594871266.487972
CYL_PRES_STAT,0,1594871266.5612466
CYL_PRES_STAT,0,1594871266.5781708
CYL_PRES_STAT,0,1594871266.631254
CYL_PRES_STAT,0,1594871266.67237
CYL_PRES_STAT,0,1594871266.692617
CYL_PRES_STAT,0,1594871266.7085311
CYL_PRES_STAT,0,1594871266.716786
CYL_PRES_STAT,0,1594871266.7373211
CYL_PRES_STAT,0,1594871266.757819
CYL_PRES_STAT,0,1594871266.766091
CYL_PRES_STAT,0,1594871266.7988482
CYL_PRES_STAT,0,1594871266.819184
CYL_PRES_STAT,0,1594871266.827652
CYL_PRES_STAT,0,1594871266.8484852
CYL_PRES_STAT,0,1594871266.930327
CYL_PRES_STAT,0,1594871266.942167
CYL_PRES_STAT,0,1594871266.954358
CYL_PRES_STAT,0,1594871266.9629712
CYL_PRES_STAT,0,1594871267.024339
CYL_PRES_STAT,0,1594871267.056982
CYL_PRES_STAT,0,1594871267.106493
CYL_PRES_STAT,0,1594871267.118482
CYL_PRES_STAT,0,1594871267.1304908
CYL_PRES_STAT,0,1594871267.1592052
CYL_PRES_STAT,0,1594871267.2533708
CYL_PRES_STAT,0,1594871267.3149061
CYL_PRES_STAT,0,1594871267.33599
CYL_PRES_STAT,0,1594871267.355972
CYL_PRES_STAT,0,1594871267.368122
CYL_PRES_STAT,0,1594871267.380474
CYL_PRES_STAT,0,1594871267.4296448
CYL_PRES_STAT,0,1594871267.438313
CYL_PRES_STAT,0,1594871267.4499352
CYL_PRES_STAT,0,1594871267.544149
CYL_PRES_STAT,0,1594871267.564917
CYL_PRES_STAT,0,1594871267.585276
CYL_PRES_STAT,0,1594871267.6056302
CYL_PRES_STAT,0,1594871267.614244
CYL_PRES_STAT,0,1594871267.6262114
CYL_PRES_STAT,0,1594871267.6465569
CYL_PRES_STAT,0,1594871267.687648
CYL_PRES_STAT,0,1594871267.6961026
CYL_PRES_STAT,0,1594871267.708031
CYL_PRES_STAT,0,1594871267.716969
CYL_PRES_STAT,0,1594871267.749145
CYL_PRES_STAT,0,1594871267.8309708
CYL_PRES_STAT,0,1594871267.852116
CYL_PRES_STAT,0,1594871267.8723
CYL_PRES_STAT,0,1594871267.937345
CYL_PRES_STAT,0,1594871267.945636
CYL_PRES_STAT,0,1594871267.957819
CYL_PRES_STAT,0,1594871267.978388
CYL_PRES_STAT,0,1594871267.999114
CYL_PRES_STAT,0,1594871268.019217
CYL_PRES_STAT,0,1594871268.0894
CYL_PRES_STAT,0,1594871268.142268
CYL_PRES_STAT,0,1594871268.183864
CYL_PRES_STAT,0,1594871268.195392
CYL_PRES_STAT,0,1594871268.2043312
CYL_PRES_STAT,0,1594871268.2282088
CYL_PRES_STAT,0,1594871268.2488694
CYL_PRES_STAT,0,1594871268.265497
CYL_PRES_STAT,0,1594871268.310105
CYL_PRES_STAT,0,1594871268.453406
CYL_PRES_STAT,0,1594871268.473972
CYL_PRES_STAT,0,1594871268.4826849
CYL_PRES_STAT,0,1594871268.494452
CYL_PRES_STAT,0,1594871268.515059
CYL_PRES_STAT,0,1594871268.5271502
CYL_PRES_STAT,0,1594871268.556309
CYL_PRES_STAT,0,1594871268.576992
CYL_PRES_STAT,0,1594871268.5972831
CYL_PRES_STAT,0,1594871268.609099
CYL_PRES_STAT,0,1594871268.617926
CYL_PRES_STAT,0,1594871268.7649238
CYL_PRES_STAT,0,1594871268.7732651
CYL_PRES_STAT,0,1594871268.785175
CYL_PRES_STAT,0,1594871268.805678
CYL_PRES_STAT,0,1594871268.8261044
CYL_PRES_STAT,0,1594871268.846693
CYL_PRES_STAT,0,1594871268.858999
CYL_PRES_STAT,0,1594871268.887816
CYL_PRES_STAT,0,1594871268.9081
CYL_PRES_STAT,0,1594871268.949135
CYL_PRES_STAT,0,1594871269.043243
CYL_PRES_STAT,0,1594871269.063746
CYL_PRES_STAT,0,1594871269.105241
CYL_PRES_STAT,0,1594871269.117038
CYL_PRES_STAT,0,1594871269.137495
CYL_PRES_STAT,0,1594871269.145683
CYL_PRES_STAT,0,1594871269.18704
CYL_PRES_STAT,0,1594871269.199172
CYL_PRES_STAT,0,1594871269.21931
CYL_PRES_STAT,0,1594871269.2399008
CYL_PRES_STAT,0,1594871269.2809348
CYL_PRES_STAT,0,1594871269.301467
CYL_PRES_STAT,0,1594871269.35453
CYL_PRES_STAT,0,1594871269.363251
CYL_PRES_STAT,0,1594871269.383566
CYL_PRES_STAT,0,1594871269.407722
CYL_PRES_STAT,0,1594871269.44526
CYL_PRES_STAT,0,1594871269.465699
CYL_PRES_STAT,0,1594871269.486222
CYL_PRES_STAT,0,1594871269.518955
CYL_PRES_STAT,0,1594871269.600472
CYL_PRES_STAT,0,1594871269.621092
CYL_PRES_STAT,0,1594871269.632941
CYL_PRES_STAT,0,1594871269.6535301
CYL_PRES_STAT,0,1594871269.6948678
CYL_PRES_STAT,0,1594871269.7155688
CYL_PRES_STAT,0,1594871269.736233
CYL_PRES_STAT,0,1594871269.759999
CYL_PRES_STAT,0,1594871269.776839
CYL_PRES_STAT,0,1594871269.8178294
CYL_PRES_STAT,0,1594871269.858355
CYL_PRES_STAT,0,1594871269.899668
CYL_PRES_STAT,0,1594871269.920243
CYL_PRES_STAT,0,1594871269.9648561
CYL_PRES_STAT,0,1594871269.9852116
CYL_PRES_STAT,0,1594871269.993566
CYL_PRES_STAT,0,1594871270.0058274
CYL_PRES_STAT,0,1594871270.0263839
CYL_PRES_STAT,0,1594871270.075917
CYL_PRES_STAT,0,1594871270.087814
CYL_PRES_STAT,0,1594871270.108157
CYL_PRES_STAT,0,1594871270.137276
CYL_PRES_STAT,0,1594871270.149385
CYL_PRES_STAT,0,1594871270.1903732
CYL_PRES_STAT,0,1594871270.255546
CYL_PRES_STAT,0,1594871270.2639608
CYL_PRES_STAT,0,1594871270.2761226
CYL_PRES_STAT,0,1594871270.337483
CYL_PRES_STAT,0,1594871270.345932
CYL_PRES_STAT,0,1594871270.358031
CYL_PRES_STAT,0,1594871270.366157
CYL_PRES_STAT,0,1594871270.3784811
CYL_PRES_STAT,0,1594871270.399049
CYL_PRES_STAT,0,1594871270.419443
CYL_PRES_STAT,0,1594871270.4485528
CYL_PRES_STAT,0,1594871270.5872788
CYL_PRES_STAT,0,1594871270.5956216
CYL_PRES_STAT,0,1594871270.6245792
CYL_PRES_STAT,0,1594871270.710186
CYL_PRES_STAT,0,1594871270.730796
CYL_PRES_STAT,0,1594871270.8331258
CYL_PRES_STAT,0,1594871270.8536198
CYL_PRES_STAT,0,1594871270.8740609
CYL_PRES_STAT,0,1594871270.8949199
CYL_PRES_STAT,0,1594871270.9150872
CYL_PRES_STAT,0,1594871270.9765599
CYL_PRES_STAT,0,1594871270.9970222
CYL_PRES_STAT,0,1594871271.0091796
CYL_PRES_STAT,0,1594871271.018136
CYL_PRES_STAT,0,1594871271.038322
CYL_PRES_STAT,0,1594871271.1203802
CYL_PRES_STAT,0,1594871271.13218
CYL_PRES_STAT,0,1594871271.1649148
CYL_PRES_STAT,0,1594871271.173367
CYL_PRES_STAT,0,1594871271.185332
CYL_PRES_STAT,0,1594871271.205764
CYL_PRES_STAT,0,1594871271.2468312
CYL_PRES_STAT,0,1594871271.259166
CYL_PRES_STAT,0,1594871271.2679946
CYL_PRES_STAT,0,1594871271.328727
CYL_PRES_STAT,0,1594871271.455672
CYL_PRES_STAT,0,1594871271.472497
CYL_PRES_STAT,0,1594871271.4966881
CYL_PRES_STAT,0,1594871271.5170882
CYL_PRES_STAT,0,1594871271.537596
CYL_PRES_STAT,0,1594871271.554462
CYL_PRES_STAT,0,1594871271.578581
CYL_PRES_STAT,0,1594871271.587241
CYL_PRES_STAT,0,1594871271.598979
CYL_PRES_STAT,0,1594871271.6194718
CYL_PRES_STAT,0,1594871271.7424
CYL_PRES_STAT,0,1594871271.7715552
CYL_PRES_STAT,0,1594871271.783625
CYL_PRES_STAT,0,1594871271.83663
CYL_PRES_STAT,0,1594871271.848866
CYL_PRES_STAT,0,1594871271.8693626
CYL_PRES_STAT,0,1594871271.8775358
CYL_PRES_STAT,0,1594871271.886102
CYL_PRES_STAT,0,1594871271.906852
CYL_PRES_STAT,0,1594871271.9185972
CYL_PRES_STAT,0,1594871272.0126786
CYL_PRES_STAT,0,1594871272.053731
CYL_PRES_STAT,0,1594871272.094872
CYL_PRES_STAT,0,1594871272.115482
CYL_PRES_STAT,0,1594871272.1356142
CYL_PRES_STAT,0,1594871272.144484
CYL_PRES_STAT,0,1594871272.156141
CYL_PRES_STAT,0,1594871272.1684132
CYL_PRES_STAT,0,1594871272.1767
CYL_PRES_STAT,0,1594871272.2178822
CYL_PRES_STAT,0,1594871272.291181
CYL_PRES_STAT,0,1594871272.299855
CYL_PRES_STAT,0,1594871272.32038
CYL_PRES_STAT,0,1594871272.361438
CYL_PRES_STAT,0,1594871272.414561
CYL_PRES_STAT,0,1594871272.4263759
CYL_PRES_STAT,0,1594871272.4468758
CYL_PRES_STAT,0,1594871272.4678452
CYL_PRES_STAT,0,1594871272.476044
CYL_PRES_STAT,0,1594871272.4878118
CYL_PRES_STAT,0,1594871272.496562
CYL_PRES_STAT,0,1594871272.5172422
CYL_PRES_STAT,0,1594871272.528798
CYL_PRES_STAT,0,1594871272.61076
CYL_PRES_STAT,0,1594871272.652336
CYL_PRES_STAT,0,1594871272.676199
CYL_PRES_STAT,0,1594871272.6930418
CYL_PRES_STAT,0,1594871272.717149
CYL_PRES_STAT,0,1594871272.734093
CYL_PRES_STAT,0,1594871272.7459688
CYL_PRES_STAT,0,1594871272.7580972
CYL_PRES_STAT,0,1594871272.7786698
CYL_PRES_STAT,0,1594871272.819498
CYL_PRES_STAT,0,1594871272.8285694
CYL_PRES_STAT,0,1594871272.840029
CYL_PRES_STAT,0,1594871272.930753
CYL_PRES_STAT,0,1594871272.995656
CYL_PRES_STAT,0,1594871273.004083
CYL_PRES_STAT,0,1594871273.057041
CYL_PRES_STAT,0,1594871273.106672
CYL_PRES_STAT,0,1594871273.1185038
CYL_PRES_STAT,0,1594871273.253694
CYL_PRES_STAT,0,1594871273.274324
CYL_PRES_STAT,0,1594871273.2951212
CYL_PRES_STAT,0,1594871273.303228
CYL_PRES_STAT,0,1594871273.356611
CYL_PRES_STAT,0,1594871273.376669
CYL_PRES_STAT,0,1594871273.397776
CYL_PRES_STAT,0,1594871273.4093778
CYL_PRES_STAT,0,1594871273.4179869
CYL_PRES_STAT,0,1594871273.438406
CYL_PRES_STAT,0,1594871273.5118759
CYL_PRES_STAT,0,1594871273.5321786
CYL_PRES_STAT,0,1594871273.561329
CYL_PRES_STAT,0,1594871273.60604
CYL_PRES_STAT,0,1594871273.626508
CYL_PRES_STAT,0,1594871273.6474528
CYL_PRES_STAT,0,1594871273.659261
CYL_PRES_STAT,0,1594871273.667414
CYL_PRES_STAT,0,1594871273.6879551
CYL_PRES_STAT,0,1594871273.728937
CYL_PRES_STAT,0,1594871273.737484
CYL_PRES_STAT,0,1594871273.7697618
CYL_PRES_STAT,0,1594871273.823065
CYL_PRES_STAT,0,1594871273.876411
CYL_PRES_STAT,0,1594871273.897033
CYL_PRES_STAT,0,1594871273.917403
CYL_PRES_STAT,0,1594871273.925442
CYL_PRES_STAT,0,1594871273.934009
CYL_PRES_STAT,0,1594871273.978627
CYL_PRES_STAT,0,1594871273.9956288
CYL_PRES_STAT,0,1594871274.0196962
CYL_PRES_STAT,0,1594871274.171602
CYL_PRES_STAT,0,1594871274.183697
CYL_PRES_STAT,0,1594871274.2245178
CYL_PRES_STAT,0,1594871274.244999
CYL_PRES_STAT,0,1594871274.257112
CYL_PRES_STAT,0,1594871274.2658288
CYL_PRES_STAT,0,1594871274.2863212
CYL_PRES_STAT,0,1594871274.3068051
CYL_PRES_STAT,0,1594871274.318733
CYL_PRES_STAT,0,1594871274.38007
CYL_PRES_STAT,0,1594871274.4947991
CYL_PRES_STAT,0,1594871274.515527
CYL_PRES_STAT,0,1594871274.556652
CYL_PRES_STAT,0,1594871274.61762
CYL_PRES_STAT,0,1594871274.638156
CYL_PRES_STAT,0,1594871274.646857
CYL_PRES_STAT,0,1594871274.765079
CYL_PRES_STAT,0,1594871274.7856321
CYL_PRES_STAT,0,1594871274.806186
CYL_PRES_STAT,0,1594871274.8146632
CYL_PRES_STAT,0,1594871274.826602
CYL_PRES_STAT,0,1594871274.867619
CYL_PRES_STAT,0,1594871274.887972
CYL_PRES_STAT,0,1594871274.896611
CYL_PRES_STAT,0,1594871274.9084976
CYL_PRES_STAT,0,1594871274.9289598
CYL_PRES_STAT,0,1594871274.990475
CYL_PRES_STAT,0,1594871275.043514
CYL_PRES_STAT,0,1594871275.052351
CYL_PRES_STAT,0,1594871275.064081
CYL_PRES_STAT,0,1594871275.072416
CYL_PRES_STAT,0,1594871275.1460571
CYL_PRES_STAT,0,1594871275.1581774
CYL_PRES_STAT,0,1594871275.178742
CYL_PRES_STAT,0,1594871275.199448
CYL_PRES_STAT,0,1594871275.2401981
CYL_PRES_STAT,0,1594871275.3958056
CYL_PRES_STAT,0,1594871275.40449
CYL_PRES_STAT,0,1594871275.4248672
CYL_PRES_STAT,0,1594871275.4454026
CYL_PRES_STAT,0,1594871275.465618
CYL_PRES_STAT,0,1594871275.490001
CYL_PRES_STAT,0,1594871275.506916
CYL_PRES_STAT,0,1594871275.527418
CYL_PRES_STAT,0,1594871275.547806
CYL_PRES_STAT,0,1594871275.6211288
CYL_PRES_STAT,0,1594871275.653868
CYL_PRES_STAT,0,1594871275.6744251
CYL_PRES_STAT,0,1594871275.694922
CYL_PRES_STAT,0,1594871275.7152839
CYL_PRES_STAT,0,1594871275.756324
CYL_PRES_STAT,0,1594871275.7772524
CYL_PRES_STAT,0,1594871275.797761
CYL_PRES_STAT,0,1594871275.80967
CYL_PRES_STAT,0,1594871275.850326
CYL_PRES_STAT,0,1594871275.8708382
CYL_PRES_STAT,0,1594871275.932501
CYL_PRES_STAT,0,1594871276.006181
CYL_PRES_STAT,0,1594871276.0230482
CYL_PRES_STAT,0,1594871276.0349169
CYL_PRES_STAT,0,1594871276.047007
CYL_PRES_STAT,0,1594871276.067636
CYL_PRES_STAT,0,1594871276.129036
CYL_PRES_STAT,0,1594871276.1494448
CYL_PRES_STAT,0,1594871276.158154
CYL_PRES_STAT,0,1594871276.1789384
CYL_PRES_STAT,0,1594871276.190458
CYL_PRES_STAT,0,1594871276.240129
CYL_PRES_STAT,0,1594871276.2728794
CYL_PRES_STAT,0,1594871276.29318
CYL_PRES_STAT,0,1594871276.3051012
CYL_PRES_STAT,0,1594871276.3138108
CYL_PRES_STAT,0,1594871276.334192
CYL_PRES_STAT,0,1594871276.378759
CYL_PRES_STAT,0,1594871276.387388
CYL_PRES_STAT,0,1594871276.501806
CYL_PRES_STAT,0,1594871276.5102851
CYL_PRES_STAT,0,1594871276.563767
CYL_PRES_STAT,0,1594871276.583689
CYL_PRES_STAT,0,1594871276.6250632
CYL_PRES_STAT,0,1594871276.6368961
CYL_PRES_STAT,0,1594871276.649257
CYL_PRES_STAT,0,1594871276.669525
CYL_PRES_STAT,0,1594871276.686033
CYL_PRES_STAT,0,1594871276.706935
CYL_PRES_STAT,0,1594871276.882751
CYL_PRES_STAT,0,1594871276.8949351
CYL_PRES_STAT,0,1594871276.915443
CYL_PRES_STAT,0,1594871276.9359221
CYL_PRES_STAT,0,1594871276.956426
CYL_PRES_STAT,0,1594871276.9649556
CYL_PRES_STAT,0,1594871276.9767814
CYL_PRES_STAT,0,1594871277.03824
CYL_PRES_STAT,0,1594871277.140961
CYL_PRES_STAT,0,1594871277.18566
CYL_PRES_STAT,0,1594871277.206254
CYL_PRES_STAT,0,1594871277.214797
CYL_PRES_STAT,0,1594871277.267691
CYL_PRES_STAT,0,1594871277.2881632
CYL_PRES_STAT,0,1594871277.3085706
CYL_PRES_STAT,0,1594871277.3376696
CYL_PRES_STAT,0,1594871277.3494852
CYL_PRES_STAT,0,1594871277.4523034
CYL_PRES_STAT,0,1594871277.46418
CYL_PRES_STAT,0,1594871277.4724422
CYL_PRES_STAT,0,1594871277.5137842
CYL_PRES_STAT,0,1594871277.534266
CYL_PRES_STAT,0,1594871277.546229
CYL_PRES_STAT,0,1594871277.5752099
CYL_PRES_STAT,0,1594871277.628257
CYL_PRES_STAT,0,1594871277.6403048
CYL_PRES_STAT,0,1594871277.7960482
CYL_PRES_STAT,0,1594871277.8041332
CYL_PRES_STAT,0,1594871277.824646
CYL_PRES_STAT,0,1594871277.886477
CYL_PRES_STAT,0,1594871277.906977
CYL_PRES_STAT,0,1594871277.927556
CYL_PRES_STAT,0,1594871277.9479082
CYL_PRES_STAT,0,1594871277.959962
CYL_PRES_STAT,0,1594871278.0745401
CYL_PRES_STAT,0,1594871278.0828931
CYL_PRES_STAT,0,1594871278.095028
CYL_PRES_STAT,0,1594871278.115387
CYL_PRES_STAT,0,1594871278.135912
CYL_PRES_STAT,0,1594871278.1974561
CYL_PRES_STAT,0,1594871278.209585
CYL_PRES_STAT,0,1594871278.2186089
CYL_PRES_STAT,0,1594871278.2587712
CYL_PRES_STAT,0,1594871278.3615649
CYL_PRES_STAT,0,1594871278.406291
CYL_PRES_STAT,0,1594871278.414583
CYL_PRES_STAT,0,1594871278.4231944
CYL_PRES_STAT,0,1594871278.4472392
CYL_PRES_STAT,0,1594871278.4677172
CYL_PRES_STAT,0,1594871278.4881148
CYL_PRES_STAT,0,1594871278.50876
CYL_PRES_STAT,0,1594871278.529266
CYL_PRES_STAT,0,1594871278.537832
CYL_PRES_STAT,0,1594871278.676524
CYL_PRES_STAT,0,1594871278.684726
CYL_PRES_STAT,0,1594871278.692971
CYL_PRES_STAT,0,1594871278.705184
CYL_PRES_STAT,0,1594871278.7138894
CYL_PRES_STAT,0,1594871278.775373
CYL_PRES_STAT,0,1594871278.787662
CYL_PRES_STAT,0,1594871278.795432
CYL_PRES_STAT,0,1594871278.857182
CYL_PRES_STAT,0,1594871278.869194
CYL_PRES_STAT,0,1594871278.918494
CYL_PRES_STAT,0,1594871278.971809
CYL_PRES_STAT,0,1594871279.0247989
CYL_PRES_STAT,0,1594871279.045242
CYL_PRES_STAT,0,1594871279.230185
CYL_PRES_STAT,0,1594871279.295042
CYL_PRES_STAT,0,1594871279.356431
CYL_PRES_STAT,0,1594871279.397537
CYL_PRES_STAT,0,1594871279.417891
CYL_PRES_STAT,0,1594871279.438434
CYL_PRES_STAT,0,1594871279.4588852
CYL_PRES_STAT,0,1594871279.5734339
CYL_PRES_STAT,0,1594871279.581959
CYL_PRES_STAT,0,1594871279.6063519
CYL_PRES_STAT,0,1594871279.635168
CYL_PRES_STAT,0,1594871279.647373
CYL_PRES_STAT,0,1594871279.655544
CYL_PRES_STAT,0,1594871279.664313
CYL_PRES_STAT,0,1594871279.688192
CYL_PRES_STAT,0,1594871279.696492
CYL_PRES_STAT,0,1594871279.708777
CYL_PRES_STAT,0,1594871279.72927
CYL_PRES_STAT,0,1594871279.7579381
CYL_PRES_STAT,0,1594871279.770117
CYL_PRES_STAT,0,1594871279.8402188
CYL_PRES_STAT,0,1594871279.89302
CYL_PRES_STAT,0,1594871279.934549
CYL_PRES_STAT,0,1594871279.946377
CYL_PRES_STAT,0,1594871279.9584582
CYL_PRES_STAT,0,1594871279.9790132
CYL_PRES_STAT,0,1594871280.036711
CYL_PRES_STAT,0,1594871280.057111
CYL_PRES_STAT,0,1594871280.0691671
CYL_PRES_STAT,0,1594871280.077745
CYL_PRES_STAT,0,1594871280.2043872
CYL_PRES_STAT,0,1594871280.277996
CYL_PRES_STAT,0,1594871280.286256
CYL_PRES_STAT,0,1594871280.3068411
CYL_PRES_STAT,0,1594871280.318836
CYL_PRES_STAT,0,1594871280.327341
CYL_PRES_STAT,0,1594871280.3480449
CYL_PRES_STAT,0,1594871280.35985
CYL_PRES_STAT,0,1594871280.368644
CYL_PRES_STAT,0,1594871280.441961
CYL_PRES_STAT,0,1594871280.503348
CYL_PRES_STAT,0,1594871280.524087
CYL_PRES_STAT,0,1594871280.536115
CYL_PRES_STAT,0,1594871280.5566301
CYL_PRES_STAT,0,1594871280.5771232
CYL_PRES_STAT,0,1594871280.598177
CYL_PRES_STAT,0,1594871280.6179168
CYL_PRES_STAT,0,1594871280.658944
CYL_PRES_STAT,0,1594871280.753052
CYL_PRES_STAT,0,1594871280.806344
CYL_PRES_STAT,0,1594871280.814631
CYL_PRES_STAT,0,1594871280.8233669
CYL_PRES_STAT,0,1594871280.847359
CYL_PRES_STAT,0,1594871280.855971
CYL_PRES_STAT,0,1594871280.86415
CYL_PRES_STAT,0,1594871280.884885
CYL_PRES_STAT,0,1594871280.896466
CYL_PRES_STAT,0,1594871280.917098
CYL_PRES_STAT,0,1594871280.9254136
CYL_PRES_STAT,0,1594871280.958019
CYL_PRES_STAT,0,1594871281.0607688
CYL_PRES_STAT,0,1594871281.105333
CYL_PRES_STAT,0,1594871281.125726
CYL_PRES_STAT,0,1594871281.175437
CYL_PRES_STAT,0,1594871281.187219
CYL_PRES_STAT,0,1594871281.199657
CYL_PRES_STAT,0,1594871281.207691
CYL_PRES_STAT,0,1594871281.216228
CYL_PRES_STAT,0,1594871281.2368321
CYL_PRES_STAT,0,1594871281.257347
CYL_PRES_STAT,0,1594871281.278306
CYL_PRES_STAT,0,1594871281.31032
CYL_PRES_STAT,0,1594871281.4248476
CYL_PRES_STAT,0,1594871281.433745
CYL_PRES_STAT,0,1594871281.445332
CYL_PRES_STAT,0,1594871281.46626
CYL_PRES_STAT,0,1594871281.486702
CYL_PRES_STAT,0,1594871281.4952114
CYL_PRES_STAT,0,1594871281.5484214
CYL_PRES_STAT,0,1594871281.568227
CYL_PRES_STAT,0,1594871281.589043
CYL_PRES_STAT,0,1594871281.715492
CYL_PRES_STAT,0,1594871281.7360802
CYL_PRES_STAT,0,1594871281.797602
CYL_PRES_STAT,0,1594871281.818034
CYL_PRES_STAT,0,1594871281.838526
CYL_PRES_STAT,0,1594871281.8474052
CYL_PRES_STAT,0,1594871281.858968
CYL_PRES_STAT,0,1594871281.940935
CYL_PRES_STAT,0,1594871281.961385
CYL_PRES_STAT,0,1594871281.982582
CYL_PRES_STAT,0,1594871282.002487
CYL_PRES_STAT,0,1594871282.0475712
CYL_PRES_STAT,0,1594871282.0678189
CYL_PRES_STAT,0,1594871282.088384
CYL_PRES_STAT,0,1594871282.1088152
CYL_PRES_STAT,0,1594871282.1171
CYL_PRES_STAT,0,1594871282.129266
CYL_PRES_STAT,0,1594871282.170242
CYL_PRES_STAT,0,1594871282.272831
CYL_PRES_STAT,0,1594871282.29314
CYL_PRES_STAT,0,1594871282.313628
CYL_PRES_STAT,0,1594871282.334425
CYL_PRES_STAT,0,1594871282.3464892
CYL_PRES_STAT,0,1594871282.355059
CYL_PRES_STAT,0,1594871282.375314
CYL_PRES_STAT,0,1594871282.416683
CYL_PRES_STAT,0,1594871282.436814
CYL_PRES_STAT,0,1594871282.4573839
CYL_PRES_STAT,0,1594871282.4778519
CYL_PRES_STAT,0,1594871282.5308821
CYL_PRES_STAT,0,1594871282.6044052
CYL_PRES_STAT,0,1594871282.6249046
CYL_PRES_STAT,0,1594871282.645374
CYL_PRES_STAT,0,1594871282.66659
CYL_PRES_STAT,0,1594871282.678252
CYL_PRES_STAT,0,1594871282.6864364
CYL_PRES_STAT,0,1594871282.707201
CYL_PRES_STAT,0,1594871282.7480211
CYL_PRES_STAT,0,1594871282.760154
CYL_PRES_STAT,0,1594871282.780491
CYL_PRES_STAT,0,1594871282.788856
CYL_PRES_STAT,0,1594871282.8301902
CYL_PRES_STAT,0,1594871282.87469
CYL_PRES_STAT,0,1594871282.895123
CYL_PRES_STAT,0,1594871282.912401
CYL_PRES_STAT,0,1594871282.923981
CYL_PRES_STAT,0,1594871282.9360929
CYL_PRES_STAT,0,1594871282.9566998
CYL_PRES_STAT,0,1594871282.977252
CYL_PRES_STAT,0,1594871283.0590742
CYL_PRES_STAT,0,1594871283.079584
CYL_PRES_STAT,0,1594871283.161658
CYL_PRES_STAT,0,1594871283.2064939
CYL_PRES_STAT,0,1594871283.214905
CYL_PRES_STAT,0,1594871283.223392
CYL_PRES_STAT,0,1594871283.2443
CYL_PRES_STAT,0,1594871283.255832
CYL_PRES_STAT,0,1594871283.3053598
CYL_PRES_STAT,0,1594871283.337682
CYL_PRES_STAT,0,1594871283.349962
CYL_PRES_STAT,0,1594871283.473291
CYL_PRES_STAT,0,1594871283.481411
CYL_PRES_STAT,0,1594871283.493257
CYL_PRES_STAT,0,1594871283.505617
CYL_PRES_STAT,0,1594871283.5550609
CYL_PRES_STAT,0,1594871283.575403
CYL_PRES_STAT,0,1594871283.587508
CYL_PRES_STAT,0,1594871283.616768
CYL_PRES_STAT,0,1594871283.637106
CYL_PRES_STAT,0,1594871283.804482
CYL_PRES_STAT,0,1594871283.8249679
CYL_PRES_STAT,0,1594871283.8372226
CYL_PRES_STAT,0,1594871283.846077
CYL_PRES_STAT,0,1594871283.8666382
CYL_PRES_STAT,0,1594871283.8868082
CYL_PRES_STAT,0,1594871283.895114
CYL_PRES_STAT,0,1594871283.927499
CYL_PRES_STAT,0,1594871284.0917602
CYL_PRES_STAT,0,1594871284.1156962
CYL_PRES_STAT,0,1594871284.136226
CYL_PRES_STAT,0,1594871284.153043
CYL_PRES_STAT,0,1594871284.197649
CYL_PRES_STAT,0,1594871284.2146509
CYL_PRES_STAT,0,1594871284.238729
CYL_PRES_STAT,0,1594871284.2882614
CYL_PRES_STAT,0,1594871284.308534
CYL_PRES_STAT,0,1594871284.3292658
CYL_PRES_STAT,0,1594871284.3410602
CYL_PRES_STAT,0,1594871284.3615446
CYL_PRES_STAT,0,1594871284.443966
CYL_PRES_STAT,0,1594871284.4680948
CYL_PRES_STAT,0,1594871284.4971662
CYL_PRES_STAT,0,1594871284.5052512
CYL_PRES_STAT,0,1594871284.558113
CYL_PRES_STAT,0,1594871284.5703769
CYL_PRES_STAT,0,1594871284.5785758
CYL_PRES_STAT,0,1594871284.6932821
CYL_PRES_STAT,0,1594871284.714436
CYL_PRES_STAT,0,1594871284.734752
CYL_PRES_STAT,0,1594871284.74667
CYL_PRES_STAT,0,1594871284.7547722
CYL_PRES_STAT,0,1594871284.775288
CYL_PRES_STAT,0,1594871284.8165631
CYL_PRES_STAT,0,1594871284.8372061
CYL_PRES_STAT,0,1594871284.869365
CYL_PRES_STAT,0,1594871284.878008
CYL_PRES_STAT,0,1594871284.8985002
CYL_PRES_STAT,0,1594871284.910491
CYL_PRES_STAT,0,1594871284.9963908
CYL_PRES_STAT,0,1594871285.0045831
CYL_PRES_STAT,0,1594871285.07456
CYL_PRES_STAT,0,1594871285.160259
CYL_PRES_STAT,0,1594871285.31604
CYL_PRES_STAT,0,1594871285.32445
CYL_PRES_STAT,0,1594871285.336361
CYL_PRES_STAT,0,1594871285.3445704
CYL_PRES_STAT,0,1594871285.353158
CYL_PRES_STAT,0,1594871285.3771858
CYL_PRES_STAT,0,1594871285.397918
CYL_PRES_STAT,0,1594871285.4387429
CYL_PRES_STAT,0,1594871285.459187
CYL_PRES_STAT,0,1594871285.582331
CYL_PRES_STAT,0,1594871285.603064
CYL_PRES_STAT,0,1594871285.623465
CYL_PRES_STAT,0,1594871285.6442401
CYL_PRES_STAT,0,1594871285.65582
CYL_PRES_STAT,0,1594871285.664355
CYL_PRES_STAT,0,1594871285.708986
CYL_PRES_STAT,0,1594871285.7297149
CYL_PRES_STAT,0,1594871285.7377632
CYL_PRES_STAT,0,1594871285.749946
CYL_PRES_STAT,0,1594871285.7908778
CYL_PRES_STAT,0,1594871285.8729439
CYL_PRES_STAT,0,1594871285.8938394
CYL_PRES_STAT,0,1594871285.913793
CYL_PRES_STAT,0,1594871285.9551518
CYL_PRES_STAT,0,1594871285.975726
CYL_PRES_STAT,0,1594871285.999744
CYL_PRES_STAT,0,1594871286.0079098
CYL_PRES_STAT,0,1594871286.016226
CYL_PRES_STAT,0,1594871286.0372312
CYL_PRES_STAT,0,1594871286.0783632
CYL_PRES_STAT,0,1594871286.160502
CYL_PRES_STAT,0,1594871286.20482
CYL_PRES_STAT,0,1594871286.2250292
CYL_PRES_STAT,0,1594871286.2340062
CYL_PRES_STAT,0,1594871286.245594
CYL_PRES_STAT,0,1594871286.286568
CYL_PRES_STAT,0,1594871286.3281472
CYL_PRES_STAT,0,1594871286.348309
CYL_PRES_STAT,0,1594871286.377486
CYL_PRES_STAT,0,1594871286.3890939
CYL_PRES_STAT,0,1594871286.462734
CYL_PRES_STAT,0,1594871286.491852
CYL_PRES_STAT,0,1594871286.512235
CYL_PRES_STAT,0,1594871286.532948
CYL_PRES_STAT,0,1594871286.577506
CYL_PRES_STAT,0,1594871286.597962
CYL_PRES_STAT,0,1594871286.6146162
CYL_PRES_STAT,0,1594871286.626656
CYL_PRES_STAT,0,1594871286.6592839
CYL_PRES_STAT,0,1594871286.8234859
CYL_PRES_STAT,0,1594871286.8682284
CYL_PRES_STAT,0,1594871286.8885698
CYL_PRES_STAT,0,1594871286.897314
CYL_PRES_STAT,0,1594871286.9090939
CYL_PRES_STAT,0,1594871286.917517
CYL_PRES_STAT,0,1594871286.926031
CYL_PRES_STAT,0,1594871286.9500089
CYL_PRES_STAT,0,1594871286.9909172
CYL_PRES_STAT,0,1594871287.011595
CYL_PRES_STAT,0,1594871287.073008
CYL_PRES_STAT,0,1594871287.113892
CYL_PRES_STAT,0,1594871287.175373
CYL_PRES_STAT,0,1594871287.2168438
CYL_PRES_STAT,0,1594871287.2368279
CYL_PRES_STAT,0,1594871287.257602
CYL_PRES_STAT,0,1594871287.331004
CYL_PRES_STAT,0,1594871287.3602052
CYL_PRES_STAT,0,1594871287.3806288
CYL_PRES_STAT,0,1594871287.392545
CYL_PRES_STAT,0,1594871287.421622
CYL_PRES_STAT,0,1594871287.4661381
CYL_PRES_STAT,0,1594871287.4746351
CYL_PRES_STAT,0,1594871287.4865556
CYL_PRES_STAT,0,1594871287.507127
CYL_PRES_STAT,0,1594871287.5278401
CYL_PRES_STAT,0,1594871287.548013
CYL_PRES_STAT,0,1594871287.6628091
CYL_PRES_STAT,0,1594871287.671233
CYL_PRES_STAT,0,1594871287.715994
CYL_PRES_STAT,0,1594871287.7364929
CYL_PRES_STAT,0,1594871287.756931
CYL_PRES_STAT,0,1594871287.7651901
CYL_PRES_STAT,0,1594871287.773725
CYL_PRES_STAT,0,1594871287.794291
CYL_PRES_STAT,0,1594871287.8387682
CYL_PRES_STAT,0,1594871287.859241
CYL_PRES_STAT,0,1594871287.867745
CYL_PRES_STAT,0,1594871287.9907024
CYL_PRES_STAT,0,1594871288.002743
CYL_PRES_STAT,0,1594871288.0439026
CYL_PRES_STAT,0,1594871288.0886476
CYL_PRES_STAT,0,1594871288.1055732
CYL_PRES_STAT,0,1594871288.1260948
CYL_PRES_STAT,0,1594871288.150147
CYL_PRES_STAT,0,1594871288.293609
CYL_PRES_STAT,0,1594871288.314229
CYL_PRES_STAT,0,1594871288.343536
CYL_PRES_STAT,0,1594871288.354964
CYL_PRES_STAT,0,1594871288.375568
CYL_PRES_STAT,0,1594871288.3876529
CYL_PRES_STAT,0,1594871288.3965
CYL_PRES_STAT,0,1594871288.41714
CYL_PRES_STAT,0,1594871288.478035
CYL_PRES_STAT,0,1594871288.551582
CYL_PRES_STAT,0,1594871288.601024
CYL_PRES_STAT,0,1594871288.6374679
CYL_PRES_STAT,0,1594871288.645765
CYL_PRES_STAT,0,1594871288.6662312
CYL_PRES_STAT,0,1594871288.7276518
CYL_PRES_STAT,0,1594871288.748298
CYL_PRES_STAT,0,1594871288.7566788
CYL_PRES_STAT,0,1594871288.768565
CYL_PRES_STAT,0,1594871288.891883
CYL_PRES_STAT,0,1594871288.9160001
CYL_PRES_STAT,0,1594871288.924177
CYL_PRES_STAT,0,1594871288.9330769
CYL_PRES_STAT,0,1594871288.953395
CYL_PRES_STAT,0,1594871288.9774454
CYL_PRES_STAT,0,1594871289.0061598
CYL_PRES_STAT,0,1594871289.0389152
CYL_PRES_STAT,0,1594871289.047424
CYL_PRES_STAT,0,1594871289.0881126
CYL_PRES_STAT,0,1594871289.264825
CYL_PRES_STAT,0,1594871289.28872
CYL_PRES_STAT,0,1594871289.297045
CYL_PRES_STAT,0,1594871289.3052962
CYL_PRES_STAT,0,1594871289.3671901
CYL_PRES_STAT,0,1594871289.378916
CYL_PRES_STAT,0,1594871289.4197938
CYL_PRES_STAT,0,1594871289.449085
CYL_PRES_STAT,0,1594871289.460848
CYL_PRES_STAT,0,1594871289.514129
CYL_PRES_STAT,0,1594871289.534516
CYL_PRES_STAT,0,1594871289.542876
CYL_PRES_STAT,0,1594871289.5549722
CYL_PRES_STAT,0,1594871289.5754302
CYL_PRES_STAT,0,1594871289.6164212
CYL_PRES_STAT,0,1594871289.625224
CYL_PRES_STAT,0,1594871289.636933
CYL_PRES_STAT,0,1594871289.657542
CYL_PRES_STAT,0,1594871289.6780648
CYL_PRES_STAT,0,1594871289.813071
CYL_PRES_STAT,0,1594871289.86643
CYL_PRES_STAT,0,1594871289.8744779
CYL_PRES_STAT,0,1594871289.907139
CYL_PRES_STAT,0,1594871289.927716
CYL_PRES_STAT,0,1594871289.944746
CYL_PRES_STAT,0,1594871289.956445
CYL_PRES_STAT,0,1594871289.96871
CYL_PRES_STAT,0,1594871289.9892216
CYL_PRES_STAT,0,1594871290.026367
CYL_PRES_STAT,0,1594871290.0915391
CYL_PRES_STAT,0,1594871290.1120052
CYL_PRES_STAT,0,1594871290.1533694
CYL_PRES_STAT,0,1594871290.173831
CYL_PRES_STAT,0,1594871290.19797
CYL_PRES_STAT,0,1594871290.206153
CYL_PRES_STAT,0,1594871290.226685
CYL_PRES_STAT,0,1594871290.2554636
CYL_PRES_STAT,0,1594871290.27597
CYL_PRES_STAT,0,1594871290.288053
CYL_PRES_STAT,0,1594871290.329123
CYL_PRES_STAT,0,1594871290.3581078
CYL_PRES_STAT,0,1594871290.3904982
CYL_PRES_STAT,0,1594871290.399004
CYL_PRES_STAT,0,1594871290.452896
CYL_PRES_STAT,0,1594871290.4643774
CYL_PRES_STAT,0,1594871290.472526
CYL_PRES_STAT,0,1594871290.5052788
CYL_PRES_STAT,0,1594871290.5257301
CYL_PRES_STAT,0,1594871290.537961
CYL_PRES_STAT,0,1594871290.546416
CYL_PRES_STAT,0,1594871290.567199
CYL_PRES_STAT,0,1594871290.575276
CYL_PRES_STAT,0,1594871290.587125
CYL_PRES_STAT,0,1594871290.6280892
CYL_PRES_STAT,0,1594871290.751504
CYL_PRES_STAT,0,1594871290.7717829
CYL_PRES_STAT,0,1594871290.7960382
CYL_PRES_STAT,0,1594871290.81667
CYL_PRES_STAT,0,1594871290.833225
CYL_PRES_STAT,0,1594871290.845171
CYL_PRES_STAT,0,1594871290.898484
CYL_PRES_STAT,0,1594871290.918827
CYL_PRES_STAT,0,1594871290.9394028
CYL_PRES_STAT,0,1594871290.9802392
CYL_PRES_STAT,0,1594871291.1445231
CYL_PRES_STAT,0,1594871291.165388
CYL_PRES_STAT,0,1594871291.1858392
CYL_PRES_STAT,0,1594871291.1975832
CYL_PRES_STAT,0,1594871291.209565
CYL_PRES_STAT,0,1594871291.226531
CYL_PRES_STAT,0,1594871291.258846
CYL_PRES_STAT,0,1594871291.2676966
CYL_PRES_STAT,0,1594871291.402286
CYL_PRES_STAT,0,1594871291.4145555
CYL_PRES_STAT,0,1594871291.4472618
CYL_PRES_STAT,0,1594871291.4554694
CYL_PRES_STAT,0,1594871291.5291288
CYL_PRES_STAT,0,1594871291.5869274
CYL_PRES_STAT,0,1594871291.619329
CYL_PRES_STAT,0,1594871291.725812
CYL_PRES_STAT,0,1594871291.742641
CYL_PRES_STAT,0,1594871291.787201
CYL_PRES_STAT,0,1594871291.8075762
CYL_PRES_STAT,0,1594871291.848682
CYL_PRES_STAT,0,1594871291.9101028
CYL_PRES_STAT,0,1594871291.9388142
CYL_PRES_STAT,0,1594871292.01251
CYL_PRES_STAT,0,1594871292.053493
CYL_PRES_STAT,0,1594871292.074181
CYL_PRES_STAT,0,1594871292.098655
CYL_PRES_STAT,0,1594871292.106727
CYL_PRES_STAT,0,1594871292.114892
CYL_PRES_STAT,0,1594871292.1356976
CYL_PRES_STAT,0,1594871292.217924
CYL_PRES_STAT,0,1594871292.3442838
CYL_PRES_STAT,0,1594871292.352458
CYL_PRES_STAT,0,1594871292.3647249
CYL_PRES_STAT,0,1594871292.385218
CYL_PRES_STAT,0,1594871292.426217
CYL_PRES_STAT,0,1594871292.4351866
CYL_PRES_STAT,0,1594871292.446696
CYL_PRES_STAT,0,1594871292.467162
CYL_PRES_STAT,0,1594871292.487624
CYL_PRES_STAT,0,1594871292.5080721
CYL_PRES_STAT,0,1594871292.589954
CYL_PRES_STAT,0,1594871292.63134
CYL_PRES_STAT,0,1594871292.652173
CYL_PRES_STAT,0,1594871292.6966069
CYL_PRES_STAT,0,1594871292.717016
CYL_PRES_STAT,0,1594871292.754163
CYL_PRES_STAT,0,1594871292.7662392
CYL_PRES_STAT,0,1594871292.8193312
CYL_PRES_STAT,0,1594871292.880799
CYL_PRES_STAT,0,1594871292.9626858
CYL_PRES_STAT,0,1594871292.9712331
CYL_PRES_STAT,0,1594871292.9831626
CYL_PRES_STAT,0,1594871293.004038
CYL_PRES_STAT,0,1594871293.0161462
CYL_PRES_STAT,0,1594871293.0246024
CYL_PRES_STAT,0,1594871293.044702
CYL_PRES_STAT,0,1594871293.069079
CYL_PRES_STAT,0,1594871293.0774114
CYL_PRES_STAT,0,1594871293.086049
CYL_PRES_STAT,0,1594871293.097922
CYL_PRES_STAT,0,1594871293.10606
CYL_PRES_STAT,0,1594871293.147368
CYL_PRES_STAT,0,1594871293.2089949
CYL_PRES_STAT,0,1594871293.273876
CYL_PRES_STAT,0,1594871293.29439
CYL_PRES_STAT,0,1594871293.33536
CYL_PRES_STAT,0,1594871293.3478189
CYL_PRES_STAT,0,1594871293.396859
CYL_PRES_STAT,0,1594871293.4173582
CYL_PRES_STAT,0,1594871293.5609431
CYL_PRES_STAT,0,1594871293.5935938
CYL_PRES_STAT,0,1594871293.6022608
CYL_PRES_STAT,0,1594871293.622676
CYL_PRES_STAT,0,1594871293.6431289
CYL_PRES_STAT,0,1594871293.6637778
CYL_PRES_STAT,0,1594871293.6959321
CYL_PRES_STAT,0,1594871293.724978
CYL_PRES_STAT,0,1594871293.7779431
CYL_PRES_STAT,0,1594871293.8515332
CYL_PRES_STAT,0,1594871293.8927932
CYL_PRES_STAT,0,1594871293.913541
CYL_PRES_STAT,0,1594871293.925194
CYL_PRES_STAT,0,1594871293.933491
CYL_PRES_STAT,0,1594871293.953877
CYL_PRES_STAT,0,1594871293.99886
CYL_PRES_STAT,0,1594871294.0071292
CYL_PRES_STAT,0,1594871294.019384
CYL_PRES_STAT,0,1594871294.027663
CYL_PRES_STAT,0,1594871294.0360918
CYL_PRES_STAT,0,1594871294.056652
CYL_PRES_STAT,0,1594871294.2450821
CYL_PRES_STAT,0,1594871294.265308
CYL_PRES_STAT,0,1594871294.285678
CYL_PRES_STAT,0,1594871294.306419
CYL_PRES_STAT,0,1594871294.3473868
CYL_PRES_STAT,0,1594871294.367554
CYL_PRES_STAT,0,1594871294.3879962
CYL_PRES_STAT,0,1594871294.470252
CYL_PRES_STAT,0,1594871294.482433
CYL_PRES_STAT,0,1594871294.51498
CYL_PRES_STAT,0,1594871294.543778
CYL_PRES_STAT,0,1594871294.5524142
CYL_PRES_STAT,0,1594871294.5728042
CYL_PRES_STAT,0,1594871294.6174538
CYL_PRES_STAT,0,1594871294.637826
CYL_PRES_STAT,0,1594871294.658338
CYL_PRES_STAT,0,1594871294.675246
CYL_PRES_STAT,0,1594871294.8426912
CYL_PRES_STAT,0,1594871294.863554
CYL_PRES_STAT,0,1594871294.87169
CYL_PRES_STAT,0,1594871294.8836231
CYL_PRES_STAT,0,1594871294.904432
CYL_PRES_STAT,0,1594871294.92499
CYL_PRES_STAT,0,1594871294.9491038
CYL_PRES_STAT,0,1594871294.9572241
CYL_PRES_STAT,0,1594871295.0067682
CYL_PRES_STAT,0,1594871295.162516
CYL_PRES_STAT,0,1594871295.1952364
CYL_PRES_STAT,0,1594871295.203159
CYL_PRES_STAT,0,1594871295.2481349
CYL_PRES_STAT,0,1594871295.256295
CYL_PRES_STAT,0,1594871295.276839
CYL_PRES_STAT,0,1594871295.2974448
CYL_PRES_STAT,0,1594871295.347116
CYL_PRES_STAT,0,1594871295.358834
CYL_PRES_STAT,0,1594871295.3675554
CYL_PRES_STAT,0,1594871295.420491
CYL_PRES_STAT,0,1594871295.465237
CYL_PRES_STAT,0,1594871295.502518
CYL_PRES_STAT,0,1594871295.5267901
CYL_PRES_STAT,0,1594871295.5471182
CYL_PRES_STAT,0,1594871295.5676599
CYL_PRES_STAT,0,1594871295.5798972
CYL_PRES_STAT,0,1594871295.584705
CYL_PRES_STAT,0,1594871295.6783848
CYL_PRES_STAT,0,1594871295.690409
CYL_PRES_STAT,0,1594871295.719518
CYL_PRES_STAT,0,1594871295.793
CYL_PRES_STAT,0,1594871295.813694
CYL_PRES_STAT,0,1594871295.825691
CYL_PRES_STAT,0,1594871295.834285
CYL_PRES_STAT,0,1594871295.8543448
CYL_PRES_STAT,0,1594871295.92801
CYL_PRES_STAT,0,1594871295.9367614
CYL_PRES_STAT,0,1594871295.9571562
CYL_PRES_STAT,0,1594871295.9982119
CYL_PRES_STAT,0,1594871296.0633302
CYL_PRES_STAT,0,1594871296.145173
CYL_PRES_STAT,0,1594871296.1573172
CYL_PRES_STAT,0,1594871296.166326
CYL_PRES_STAT,0,1594871296.1866226
CYL_PRES_STAT,0,1594871296.195029
CYL_PRES_STAT,0,1594871296.20668
CYL_PRES_STAT,0,1594871296.227504
CYL_PRES_STAT,0,1594871296.362282
CYL_PRES_STAT,0,1594871296.3913226
CYL_PRES_STAT,0,1594871296.403179
CYL_PRES_STAT,0,1594871296.415448
CYL_PRES_STAT,0,1594871296.4358652
CYL_PRES_STAT,0,1594871296.45633
CYL_PRES_STAT,0,1594871296.4770172
CYL_PRES_STAT,0,1594871296.538306
CYL_PRES_STAT,0,1594871296.579415
CYL_PRES_STAT,0,1594871296.5998046
CYL_PRES_STAT,0,1594871296.60834
CYL_PRES_STAT,0,1594871296.6529114
CYL_PRES_STAT,0,1594871296.682293
CYL_PRES_STAT,0,1594871296.702652
CYL_PRES_STAT,0,1594871296.7232034
CYL_PRES_STAT,0,1594871296.7676249
CYL_PRES_STAT,0,1594871296.7881348
CYL_PRES_STAT,0,1594871296.8087132
CYL_PRES_STAT,0,1594871296.8374119
CYL_PRES_STAT,0,1594871296.8458529
CYL_PRES_STAT,0,1594871296.87839
CYL_PRES_STAT,0,1594871296.993042
CYL_PRES_STAT,0,1594871297.013724
CYL_PRES_STAT,0,1594871297.034285
CYL_PRES_STAT,0,1594871297.0547476
CYL_PRES_STAT,0,1594871297.075382
CYL_PRES_STAT,0,1594871297.0993862
CYL_PRES_STAT,0,1594871297.1487172
CYL_PRES_STAT,0,1594871297.1777012
CYL_PRES_STAT,0,1594871297.2100842
CYL_PRES_STAT,0,1594871297.218521
CYL_PRES_STAT,0,1594871297.230495
CYL_PRES_STAT,0,1594871297.304551
CYL_PRES_STAT,0,1594871297.316591
CYL_PRES_STAT,0,1594871297.324665
CYL_PRES_STAT,0,1594871297.3452091
CYL_PRES_STAT,0,1594871297.365709
CYL_PRES_STAT,0,1594871297.3742301
CYL_PRES_STAT,0,1594871297.3984869
CYL_PRES_STAT,0,1594871297.4069626
CYL_PRES_STAT,0,1594871297.427233
CYL_PRES_STAT,0,1594871297.595084
CYL_PRES_STAT,0,1594871297.623688
CYL_PRES_STAT,0,1594871297.645097
CYL_PRES_STAT,0,1594871297.6564472
CYL_PRES_STAT,0,1594871297.67709
CYL_PRES_STAT,0,1594871297.6974869
CYL_PRES_STAT,0,1594871297.7179642
CYL_PRES_STAT,0,1594871297.726772
CYL_PRES_STAT,0,1594871297.738435
CYL_PRES_STAT,0,1594871297.758881
CYL_PRES_STAT,0,1594871297.767585
CYL_PRES_STAT,0,1594871297.7794912
CYL_PRES_STAT,0,1594871297.840831
CYL_PRES_STAT,0,1594871297.88185
CYL_PRES_STAT,0,1594871297.8941069
CYL_PRES_STAT,0,1594871297.902265
CYL_PRES_STAT,0,1594871297.914665
CYL_PRES_STAT,0,1594871297.922774
CYL_PRES_STAT,0,1594871297.944115
CYL_PRES_STAT,0,1594871297.96434
CYL_PRES_STAT,0,1594871297.976264
CYL_PRES_STAT,0,1594871297.9849758
CYL_PRES_STAT,0,1594871297.9963908
CYL_PRES_STAT,0,1594871298.0579472
CYL_PRES_STAT,0,1594871298.070101
CYL_PRES_STAT,0,1594871298.1402268
CYL_PRES_STAT,0,1594871298.1936572
CYL_PRES_STAT,0,1594871298.225812
CYL_PRES_STAT,0,1594871298.23408
CYL_PRES_STAT,0,1594871298.2754428
CYL_PRES_STAT,0,1594871298.295808
CYL_PRES_STAT,0,1594871298.307693
CYL_PRES_STAT,0,1594871298.316545
CYL_PRES_STAT,0,1594871298.340385
CYL_PRES_STAT,0,1594871298.3691258
CYL_PRES_STAT,0,1594871298.3780339
CYL_PRES_STAT,0,1594871298.38965
CYL_PRES_STAT,0,1594871298.475693
CYL_PRES_STAT,0,1594871298.492115
CYL_PRES_STAT,0,1594871298.545488
CYL_PRES_STAT,0,1594871298.554157
CYL_PRES_STAT,0,1594871298.565773
CYL_PRES_STAT,0,1594871298.5866072
CYL_PRES_STAT,0,1594871298.615371
CYL_PRES_STAT,0,1594871298.647773
CYL_PRES_STAT,0,1594871298.7951062
CYL_PRES_STAT,0,1594871298.8038974
CYL_PRES_STAT,0,1594871298.811828
CYL_PRES_STAT,0,1594871298.836032
CYL_PRES_STAT,0,1594871298.85284
CYL_PRES_STAT,0,1594871298.8771482
CYL_PRES_STAT,0,1594871298.897402
CYL_PRES_STAT,0,1594871298.9057949
CYL_PRES_STAT,0,1594871298.918008
CYL_PRES_STAT,0,1594871298.9383981
CYL_PRES_STAT,0,1594871298.946902
CYL_PRES_STAT,0,1594871298.979396
CYL_PRES_STAT,0,1594871299.1063008
CYL_PRES_STAT,0,1594871299.1231382
CYL_PRES_STAT,0,1594871299.143831
CYL_PRES_STAT,0,1594871299.16783
CYL_PRES_STAT,0,1594871299.1967099
CYL_PRES_STAT,0,1594871299.205209
CYL_PRES_STAT,0,1594871299.290625
CYL_PRES_STAT,0,1594871299.3726811
CYL_PRES_STAT,0,1594871299.4349818
CYL_PRES_STAT,0,1594871299.4429374
CYL_PRES_STAT,0,1594871299.454577
CYL_PRES_STAT,0,1594871299.466954
CYL_PRES_STAT,0,1594871299.479233
CYL_PRES_STAT,0,1594871299.495532
CYL_PRES_STAT,0,1594871299.5404189
CYL_PRES_STAT,0,1594871299.548759
CYL_PRES_STAT,0,1594871299.557506
CYL_PRES_STAT,0,1594871299.7044249
CYL_PRES_STAT,0,1594871299.7250009
CYL_PRES_STAT,0,1594871299.733151
CYL_PRES_STAT,0,1594871299.7453618
CYL_PRES_STAT,0,1594871299.7863302
CYL_PRES_STAT,0,1594871299.795209
CYL_PRES_STAT,0,1594871299.848148
CYL_PRES_STAT,0,1594871299.868706
CYL_PRES_STAT,0,1594871299.930156
CYL_PRES_STAT,0,1594871299.9501498
CYL_PRES_STAT,0,1594871299.982924
CYL_PRES_STAT,0,1594871299.991405
CYL_PRES_STAT,0,1594871300.044904
CYL_PRES_STAT,0,1594871300.064917
CYL_PRES_STAT,0,1594871300.077034
CYL_PRES_STAT,0,1594871300.13045
CYL_PRES_STAT,0,1594871300.1469738
CYL_PRES_STAT,0,1594871300.1590452
CYL_PRES_STAT,0,1594871300.179586
CYL_PRES_STAT,0,1594871300.24961
CYL_PRES_STAT,0,1594871300.294326
CYL_PRES_STAT,0,1594871300.302837
CYL_PRES_STAT,0,1594871300.323173
CYL_PRES_STAT,0,1594871300.3474
CYL_PRES_STAT,0,1594871300.42935
CYL_PRES_STAT,0,1594871300.446063
CYL_PRES_STAT,0,1594871300.4785302
CYL_PRES_STAT,0,1594871300.490755
CYL_PRES_STAT,0,1594871300.573174
CYL_PRES_STAT,0,1594871300.593694
CYL_PRES_STAT,0,1594871300.6018212
CYL_PRES_STAT,0,1594871300.622258
CYL_PRES_STAT,0,1594871300.675156
CYL_PRES_STAT,0,1594871300.695724
CYL_PRES_STAT,0,1594871300.704344
CYL_PRES_STAT,0,1594871300.7200449
CYL_PRES_STAT,0,1594871300.737008
CYL_PRES_STAT,0,1594871300.757407
CYL_PRES_STAT,0,1594871300.883826
CYL_PRES_STAT,0,1594871300.904444
CYL_PRES_STAT,0,1594871300.912863
CYL_PRES_STAT,0,1594871300.925091
CYL_PRES_STAT,0,1594871300.945451
CYL_PRES_STAT,0,1594871300.953961
CYL_PRES_STAT,0,1594871301.048426
CYL_PRES_STAT,0,1594871301.0682962
CYL_PRES_STAT,0,1594871301.130265
CYL_PRES_STAT,0,1594871301.150959
CYL_PRES_STAT,0,1594871301.195195
CYL_PRES_STAT,0,1594871301.211937
CYL_PRES_STAT,0,1594871301.2361991
CYL_PRES_STAT,0,1594871301.2444546
CYL_PRES_STAT,0,1594871301.2530868
CYL_PRES_STAT,0,1594871301.264804
CYL_PRES_STAT,0,1594871301.2977061
CYL_PRES_STAT,0,1594871301.318146
CYL_PRES_STAT,0,1594871301.338599
CYL_PRES_STAT,0,1594871301.3591
CYL_PRES_STAT,0,1594871301.5027812
CYL_PRES_STAT,0,1594871301.522926
CYL_PRES_STAT,0,1594871301.5884259
CYL_PRES_STAT,0,1594871301.605288
CYL_PRES_STAT,0,1594871301.617184
CYL_PRES_STAT,0,1594871301.629476
CYL_PRES_STAT,0,1594871301.7196126
CYL_PRES_STAT,0,1594871301.728307
CYL_PRES_STAT,0,1594871301.740145
CYL_PRES_STAT,0,1594871301.772824
CYL_PRES_STAT,0,1594871301.813835
CYL_PRES_STAT,0,1594871301.834812
CYL_PRES_STAT,0,1594871301.8551009
CYL_PRES_STAT,0,1594871301.8752038
CYL_PRES_STAT,0,1594871301.936676
CYL_PRES_STAT,0,1594871301.9490461
CYL_PRES_STAT,0,1594871301.957205
CYL_PRES_STAT,0,1594871301.9693089
CYL_PRES_STAT,0,1594871301.9782429
CYL_PRES_STAT,0,1594871301.9897509
CYL_PRES_STAT,0,1594871302.0188966
CYL_PRES_STAT,0,1594871302.1130881
CYL_PRES_STAT,0,1594871302.145437
CYL_PRES_STAT,0,1594871302.186422
CYL_PRES_STAT,0,1594871302.194936
CYL_PRES_STAT,0,1594871302.227566
CYL_PRES_STAT,0,1594871302.2481658
CYL_PRES_STAT,0,1594871302.2888682
CYL_PRES_STAT,0,1594871302.374774
CYL_PRES_STAT,0,1594871302.383132
CYL_PRES_STAT,0,1594871302.391556
CYL_PRES_STAT,0,1594871302.4362528
CYL_PRES_STAT,0,1594871302.444715
CYL_PRES_STAT,0,1594871302.4566119
CYL_PRES_STAT,0,1594871302.4771929
CYL_PRES_STAT,0,1594871302.497909
CYL_PRES_STAT,0,1594871302.5181592
CYL_PRES_STAT,0,1594871302.5590699
CYL_PRES_STAT,0,1594871302.661624
CYL_PRES_STAT,0,1594871302.694421
CYL_PRES_STAT,0,1594871302.723107
CYL_PRES_STAT,0,1594871302.7440288
CYL_PRES_STAT,0,1594871302.764216
CYL_PRES_STAT,0,1594871302.77618
CYL_PRES_STAT,0,1594871302.8054411
CYL_PRES_STAT,0,1594871302.8259141
CYL_PRES_STAT,0,1594871302.845912
CYL_PRES_STAT,0,1594871302.972896
CYL_PRES_STAT,0,1594871302.994011
CYL_PRES_STAT,0,1594871303.0022259
CYL_PRES_STAT,0,1594871303.01374
CYL_PRES_STAT,0,1594871303.0223944
CYL_PRES_STAT,0,1594871303.075228
CYL_PRES_STAT,0,1594871303.096072
CYL_PRES_STAT,0,1594871303.116748
CYL_PRES_STAT,0,1594871303.137125
CYL_PRES_STAT,0,1594871303.2186232
CYL_PRES_STAT,0,1594871303.3250408
CYL_PRES_STAT,0,1594871303.341825
CYL_PRES_STAT,0,1594871303.357693
CYL_PRES_STAT,0,1594871303.366276
CYL_PRES_STAT,0,1594871303.386974
CYL_PRES_STAT,0,1594871303.395148
CYL_PRES_STAT,0,1594871303.406917
CYL_PRES_STAT,0,1594871303.4396732
CYL_PRES_STAT,0,1594871303.448034
CYL_PRES_STAT,0,1594871303.468457
CYL_PRES_STAT,0,1594871303.497452
CYL_PRES_STAT,0,1594871303.5953422
CYL_PRES_STAT,0,1594871303.603934
CYL_PRES_STAT,0,1594871303.6121
CYL_PRES_STAT,0,1594871303.6329331
CYL_PRES_STAT,0,1594871303.6531806
CYL_PRES_STAT,0,1594871303.665059
CYL_PRES_STAT,0,1594871303.6855052
CYL_PRES_STAT,0,1594871303.694492
CYL_PRES_STAT,0,1594871303.7145832
CYL_PRES_STAT,0,1594871303.738734
CYL_PRES_STAT,0,1594871303.747026
CYL_PRES_STAT,0,1594871303.759202
CYL_PRES_STAT,0,1594871303.7679482
CYL_PRES_STAT,0,1594871303.779684
CYL_PRES_STAT,0,1594871303.7882311
CYL_PRES_STAT,0,1594871303.8906028
CYL_PRES_STAT,0,1594871303.9026349
CYL_PRES_STAT,0,1594871303.9644039
CYL_PRES_STAT,0,1594871304.017796
CYL_PRES_STAT,0,1594871304.046298
CYL_PRES_STAT,0,1594871304.066765
CYL_PRES_STAT,0,1594871304.1401439
CYL_PRES_STAT,0,1594871304.214352
CYL_PRES_STAT,0,1594871304.234365
CYL_PRES_STAT,0,1594871304.254846
CYL_PRES_STAT,0,1594871304.267141
CYL_PRES_STAT,0,1594871304.2753599
CYL_PRES_STAT,0,1594871304.2957606
CYL_PRES_STAT,0,1594871304.337184
CYL_PRES_STAT,0,1594871304.3488908
CYL_PRES_STAT,0,1594871304.357675
CYL_PRES_STAT,0,1594871304.3778
CYL_PRES_STAT,0,1594871304.5046232
CYL_PRES_STAT,0,1594871304.513222
CYL_PRES_STAT,0,1594871304.525132
CYL_PRES_STAT,0,1594871304.545676
CYL_PRES_STAT,0,1594871304.586633
CYL_PRES_STAT,0,1594871304.5951848
CYL_PRES_STAT,0,1594871304.6071832
CYL_PRES_STAT,0,1594871304.6279368
CYL_PRES_STAT,0,1594871304.636064
CYL_PRES_STAT,0,1594871304.648195
CYL_PRES_STAT,0,1594871304.668503
CYL_PRES_STAT,0,1594871304.689041
CYL_PRES_STAT,0,1594871304.8327732
CYL_PRES_STAT,0,1594871304.844722
CYL_PRES_STAT,0,1594871304.856768
CYL_PRES_STAT,0,1594871304.8980126
CYL_PRES_STAT,0,1594871304.95924
CYL_PRES_STAT,0,1594871304.976223
CYL_PRES_STAT,0,1594871305.041172
CYL_PRES_STAT,0,1594871305.0702562
CYL_PRES_STAT,0,1594871305.102653
CYL_PRES_STAT,0,1594871305.1234891
CYL_PRES_STAT,0,1594871305.144254
CYL_PRES_STAT,0,1594871305.1647446
CYL_PRES_STAT,0,1594871305.176491
CYL_PRES_STAT,0,1594871305.209002
CYL_PRES_STAT,0,1594871305.226005
CYL_PRES_STAT,0,1594871305.246346
CYL_PRES_STAT,0,1594871305.2787962
CYL_PRES_STAT,0,1594871305.28745
CYL_PRES_STAT,0,1594871305.393569
CYL_PRES_STAT,0,1594871305.413906
CYL_PRES_STAT,0,1594871305.454954
CYL_PRES_STAT,0,1594871305.475456
CYL_PRES_STAT,0,1594871305.484067
CYL_PRES_STAT,0,1594871305.4961886
CYL_PRES_STAT,0,1594871305.5081801
CYL_PRES_STAT,0,1594871305.52031
CYL_PRES_STAT,0,1594871305.537258
CYL_PRES_STAT,0,1594871305.692445
CYL_PRES_STAT,0,1594871305.704701
CYL_PRES_STAT,0,1594871305.7252102
CYL_PRES_STAT,0,1594871305.745725
CYL_PRES_STAT,0,1594871305.754366
CYL_PRES_STAT,0,1594871305.7661386
CYL_PRES_STAT,0,1594871305.7745461
CYL_PRES_STAT,0,1594871305.7866306
CYL_PRES_STAT,0,1594871305.836138
CYL_PRES_STAT,0,1594871305.84818
CYL_PRES_STAT,0,1594871305.868536
CYL_PRES_STAT,0,1594871305.9217114
CYL_PRES_STAT,0,1594871305.9919
CYL_PRES_STAT,0,1594871306.0037491
CYL_PRES_STAT,0,1594871306.012295
CYL_PRES_STAT,0,1594871306.0533571
CYL_PRES_STAT,0,1594871306.0858462
CYL_PRES_STAT,0,1594871306.147157
CYL_PRES_STAT,0,1594871306.159233
CYL_PRES_STAT,0,1594871306.168164
CYL_PRES_STAT,0,1594871306.188062
CYL_PRES_STAT,0,1594871306.2003438
CYL_PRES_STAT,0,1594871306.335516
CYL_PRES_STAT,0,1594871306.343955
CYL_PRES_STAT,0,1594871306.364871
CYL_PRES_STAT,0,1594871306.385107
CYL_PRES_STAT,0,1594871306.405657
CYL_PRES_STAT,0,1594871306.417448
CYL_PRES_STAT,0,1594871306.426032
CYL_PRES_STAT,0,1594871306.4706109
CYL_PRES_STAT,0,1594871306.5197706
CYL_PRES_STAT,0,1594871306.532215
CYL_PRES_STAT,0,1594871306.5525296
CYL_PRES_STAT,0,1594871306.5935571
CYL_PRES_STAT,0,1594871306.6139672
CYL_PRES_STAT,0,1594871306.6345599
CYL_PRES_STAT,0,1594871306.655403
CYL_PRES_STAT,0,1594871306.667257
CYL_PRES_STAT,0,1594871306.716396
CYL_PRES_STAT,0,1594871306.736917
CYL_PRES_STAT,0,1594871306.7491488
CYL_PRES_STAT,0,1594871306.7900221
CYL_PRES_STAT,0,1594871306.9048376
CYL_PRES_STAT,0,1594871306.9133859
CYL_PRES_STAT,0,1594871306.9252589
CYL_PRES_STAT,0,1594871306.945651
CYL_PRES_STAT,0,1594871306.9541054
CYL_PRES_STAT,0,1594871306.966186
CYL_PRES_STAT,0,1594871306.986572
CYL_PRES_STAT,0,1594871306.9950051
CYL_PRES_STAT,0,1594871307.0159118
CYL_PRES_STAT,0,1594871307.028264
CYL_PRES_STAT,0,1594871307.0362911
CYL_PRES_STAT,0,1594871307.0484
CYL_PRES_STAT,0,1594871307.068635
CYL_PRES_STAT,0,1594871307.171367
CYL_PRES_STAT,0,1594871307.191646
CYL_PRES_STAT,0,1594871307.212758
CYL_PRES_STAT,0,1594871307.2364962
CYL_PRES_STAT,0,1594871307.24479
CYL_PRES_STAT,0,1594871307.256982
CYL_PRES_STAT,0,1594871307.295116
CYL_PRES_STAT,0,1594871307.359324
CYL_PRES_STAT,0,1594871307.400244
CYL_PRES_STAT,0,1594871307.409272
CYL_PRES_STAT,0,1594871307.45016
CYL_PRES_STAT,0,1594871307.4704769
CYL_PRES_STAT,0,1594871307.494612
CYL_PRES_STAT,0,1594871307.503205
CYL_PRES_STAT,0,1594871307.523242
CYL_PRES_STAT,0,1594871307.5318189
CYL_PRES_STAT,0,1594871307.54386
CYL_PRES_STAT,0,1594871307.564851
CYL_PRES_STAT,0,1594871307.576494
CYL_PRES_STAT,0,1594871307.6261098
CYL_PRES_STAT,0,1594871307.637883
CYL_PRES_STAT,0,1594871307.6462471
CYL_PRES_STAT,0,1594871307.749025
CYL_PRES_STAT,0,1594871307.769438
CYL_PRES_STAT,0,1594871307.793658
CYL_PRES_STAT,0,1594871307.814215
CYL_PRES_STAT,0,1594871307.855077
CYL_PRES_STAT,0,1594871307.9081461
CYL_PRES_STAT,0,1594871307.9170294
CYL_PRES_STAT,0,1594871307.9780748
CYL_PRES_STAT,0,1594871308.060483
CYL_PRES_STAT,0,1594871308.133595
CYL_PRES_STAT,0,1594871308.1457949
CYL_PRES_STAT,0,1594871308.166189
CYL_PRES_STAT,0,1594871308.227895
CYL_PRES_STAT,0,1594871308.239935
CYL_PRES_STAT,0,1594871308.2483242
CYL_PRES_STAT,0,1594871308.395538
CYL_PRES_STAT,0,1594871308.404526
CYL_PRES_STAT,0,1594871308.4161868
CYL_PRES_STAT,0,1594871308.4329212
CYL_PRES_STAT,0,1594871308.4534366
CYL_PRES_STAT,0,1594871308.485761
CYL_PRES_STAT,0,1594871308.4942892
CYL_PRES_STAT,0,1594871308.5185618
CYL_PRES_STAT,0,1594871308.5390198
CYL_PRES_STAT,0,1594871308.559613
CYL_PRES_STAT,0,1594871308.568085
CYL_PRES_STAT,0,1594871308.723403
CYL_PRES_STAT,0,1594871308.735519
CYL_PRES_STAT,0,1594871308.743826
CYL_PRES_STAT,0,1594871308.76463
CYL_PRES_STAT,0,1594871308.7852328
CYL_PRES_STAT,0,1594871308.8669498
CYL_PRES_STAT,0,1594871308.9937332
CYL_PRES_STAT,0,1594871309.001889
CYL_PRES_STAT,0,1594871309.014287
CYL_PRES_STAT,0,1594871309.0345669
CYL_PRES_STAT,0,1594871309.0756102
CYL_PRES_STAT,0,1594871309.084287
CYL_PRES_STAT,0,1594871309.1173918
CYL_PRES_STAT,0,1594871309.137356
CYL_PRES_STAT,0,1594871309.149156
CYL_PRES_STAT,0,1594871309.157723
CYL_PRES_STAT,0,1594871309.301249
CYL_PRES_STAT,0,1594871309.3131151
CYL_PRES_STAT,0,1594871309.3216438
CYL_PRES_STAT,0,1594871309.3663502
CYL_PRES_STAT,0,1594871309.386925
CYL_PRES_STAT,0,1594871309.3990948
CYL_PRES_STAT,0,1594871309.415648
CYL_PRES_STAT,0,1594871309.427823
CYL_PRES_STAT,0,1594871309.448357
CYL_PRES_STAT,0,1594871309.477493
CYL_PRES_STAT,0,1594871309.4977539
CYL_PRES_STAT,0,1594871309.550669
CYL_PRES_STAT,0,1594871309.5835376
CYL_PRES_STAT,0,1594871309.6038241
CYL_PRES_STAT,0,1594871309.645256
CYL_PRES_STAT,0,1594871309.665489
CYL_PRES_STAT,0,1594871309.673853
CYL_PRES_STAT,0,1594871309.739029
CYL_PRES_STAT,0,1594871309.759572
CYL_PRES_STAT,0,1594871309.788243
CYL_PRES_STAT,0,1594871309.8501089
CYL_PRES_STAT,0,1594871309.8825831
CYL_PRES_STAT,0,1594871309.903415
CYL_PRES_STAT,0,1594871309.923733
CYL_PRES_STAT,0,1594871309.944531
CYL_PRES_STAT,0,1594871309.964381
CYL_PRES_STAT,0,1594871310.0877962
CYL_PRES_STAT,0,1594871310.148937
CYL_PRES_STAT,0,1594871310.173069
CYL_PRES_STAT,0,1594871310.1937199
CYL_PRES_STAT,0,1594871310.255133
CYL_PRES_STAT,0,1594871310.2756748
CYL_PRES_STAT,0,1594871310.2962132
CYL_PRES_STAT,0,1594871310.308395
CYL_PRES_STAT,0,1594871310.3171039
CYL_PRES_STAT,0,1594871310.345727
CYL_PRES_STAT,0,1594871310.431138
CYL_PRES_STAT,0,1594871310.460705
CYL_PRES_STAT,0,1594871310.492712
CYL_PRES_STAT,0,1594871310.5013552
CYL_PRES_STAT,0,1594871310.525341
CYL_PRES_STAT,0,1594871310.545877
CYL_PRES_STAT,0,1594871310.554641
CYL_PRES_STAT,0,1594871310.566507
CYL_PRES_STAT,0,1594871310.627836
CYL_PRES_STAT,0,1594871310.636469
CYL_PRES_STAT,0,1594871310.6482408
CYL_PRES_STAT,0,1594871310.65696
CYL_PRES_STAT,0,1594871310.6687179
CYL_PRES_STAT,0,1594871310.750832
CYL_PRES_STAT,0,1594871310.803978
CYL_PRES_STAT,0,1594871310.8125029
CYL_PRES_STAT,0,1594871310.833306
CYL_PRES_STAT,0,1594871310.865315
CYL_PRES_STAT,0,1594871310.874004
CYL_PRES_STAT,0,1594871310.8858669
CYL_PRES_STAT,0,1594871310.894669
CYL_PRES_STAT,0,1594871310.918678
CYL_PRES_STAT,0,1594871310.926913
CYL_PRES_STAT,0,1594871310.939013
CYL_PRES_STAT,0,1594871310.9596686
CYL_PRES_STAT,0,1594871311.061976
CYL_PRES_STAT,0,1594871311.082596
CYL_PRES_STAT,0,1594871311.1234221
CYL_PRES_STAT,0,1594871311.135691
CYL_PRES_STAT,0,1594871311.144553
CYL_PRES_STAT,0,1594871311.1647732
CYL_PRES_STAT,0,1594871311.188982
CYL_PRES_STAT,0,1594871311.24677
CYL_PRES_STAT,0,1594871311.267539
CYL_PRES_STAT,0,1594871311.278996
CYL_PRES_STAT,0,1594871311.3322072
CYL_PRES_STAT,0,1594871311.349231
CYL_PRES_STAT,0,1594871311.393761
CYL_PRES_STAT,0,1594871311.41433
CYL_PRES_STAT,0,1594871311.4347851
CYL_PRES_STAT,0,1594871311.4552374
CYL_PRES_STAT,0,1594871311.463742
CYL_PRES_STAT,0,1594871311.496227
CYL_PRES_STAT,0,1594871311.5166454
CYL_PRES_STAT,0,1594871311.537305
CYL_PRES_STAT,0,1594871311.6109679
CYL_PRES_STAT,0,1594871311.746015
CYL_PRES_STAT,0,1594871311.7665322
CYL_PRES_STAT,0,1594871311.787023
CYL_PRES_STAT,0,1594871311.799117
CYL_PRES_STAT,0,1594871311.807827
CYL_PRES_STAT,0,1594871311.828127
CYL_PRES_STAT,0,1594871311.848358
CYL_PRES_STAT,0,1594871311.8689392
CYL_PRES_STAT,0,1594871312.0450492
CYL_PRES_STAT,0,1594871312.1272411
CYL_PRES_STAT,0,1594871312.1392071
CYL_PRES_STAT,0,1594871312.156137
CYL_PRES_STAT,0,1594871312.167878
CYL_PRES_STAT,0,1594871312.250226
CYL_PRES_STAT,0,1594871312.294774
CYL_PRES_STAT,0,1594871312.323895
CYL_PRES_STAT,0,1594871312.332478
CYL_PRES_STAT,0,1594871312.3766642
CYL_PRES_STAT,0,1594871312.3853052
CYL_PRES_STAT,0,1594871312.405969
CYL_PRES_STAT,0,1594871312.426445
CYL_PRES_STAT,0,1594871312.450461
CYL_PRES_STAT,0,1594871312.4996438
CYL_PRES_STAT,0,1594871312.58175
CYL_PRES_STAT,0,1594871312.634717
CYL_PRES_STAT,0,1594871312.6553931
CYL_PRES_STAT,0,1594871312.676269
CYL_PRES_STAT,0,1594871312.696851
CYL_PRES_STAT,0,1594871312.708529
CYL_PRES_STAT,0,1594871312.7167418
CYL_PRES_STAT,0,1594871312.757608
CYL_PRES_STAT,0,1594871312.778223
CYL_PRES_STAT,0,1594871312.786751
CYL_PRES_STAT,0,1594871312.811049
CYL_PRES_STAT,0,1594871312.8810294
CYL_PRES_STAT,0,1594871312.922178
CYL_PRES_STAT,0,1594871312.946083
CYL_PRES_STAT,0,1594871312.9546142
CYL_PRES_STAT,0,1594871312.966559
CYL_PRES_STAT,0,1594871312.974732
CYL_PRES_STAT,0,1594871313.0074651
CYL_PRES_STAT,0,1594871313.027924
CYL_PRES_STAT,0,1594871313.03619
CYL_PRES_STAT,0,1594871313.0776231
CYL_PRES_STAT,0,1594871313.130458
CYL_PRES_STAT,0,1594871313.171854
CYL_PRES_STAT,0,1594871313.195936
CYL_PRES_STAT,0,1594871313.2163992
CYL_PRES_STAT,0,1594871313.2572448
CYL_PRES_STAT,0,1594871313.274176
CYL_PRES_STAT,0,1594871313.2860534
CYL_PRES_STAT,0,1594871313.298456
CYL_PRES_STAT,0,1594871313.3188019
CYL_PRES_STAT,0,1594871313.327081
CYL_PRES_STAT,0,1594871313.335555
CYL_PRES_STAT,0,1594871313.3596966
CYL_PRES_STAT,0,1594871313.4297462
CYL_PRES_STAT,0,1594871313.52353
CYL_PRES_STAT,0,1594871313.535789
CYL_PRES_STAT,0,1594871313.5441976
CYL_PRES_STAT,0,1594871313.5650868
CYL_PRES_STAT,0,1594871313.585531
CYL_PRES_STAT,0,1594871313.647088
CYL_PRES_STAT,0,1594871313.72018
CYL_PRES_STAT,0,1594871313.72881
CYL_PRES_STAT,0,1594871313.7939572
CYL_PRES_STAT,0,1594871313.814687
CYL_PRES_STAT,0,1594871313.834928
CYL_PRES_STAT,0,1594871313.8554082
CYL_PRES_STAT,0,1594871313.8964944
CYL_PRES_STAT,0,1594871313.966718
CYL_PRES_STAT,0,1594871313.978215
CYL_PRES_STAT,0,1594871314.0315342
CYL_PRES_STAT,0,1594871314.146173
CYL_PRES_STAT,0,1594871314.1666274
CYL_PRES_STAT,0,1594871314.18718
CYL_PRES_STAT,0,1594871314.2689712
CYL_PRES_STAT,0,1594871314.278028
CYL_PRES_STAT,0,1594871314.339123
CYL_PRES_STAT,0,1594871314.3922274
CYL_PRES_STAT,0,1594871314.4164689
CYL_PRES_STAT,0,1594871314.4329312
CYL_PRES_STAT,0,1594871314.445089
CYL_PRES_STAT,0,1594871314.4539552
CYL_PRES_STAT,0,1594871314.474217
CYL_PRES_STAT,0,1594871314.486075
CYL_PRES_STAT,0,1594871314.494658
CYL_PRES_STAT,0,1594871314.5149
CYL_PRES_STAT,0,1594871314.539289
CYL_PRES_STAT,0,1594871314.559765
CYL_PRES_STAT,0,1594871314.6504939
CYL_PRES_STAT,0,1594871314.670441
CYL_PRES_STAT,0,1594871314.695065
CYL_PRES_STAT,0,1594871314.703661
CYL_PRES_STAT,0,1594871314.712165
CYL_PRES_STAT,0,1594871314.7236679
CYL_PRES_STAT,0,1594871314.7652972
CYL_PRES_STAT,0,1594871314.776851
CYL_PRES_STAT,0,1594871314.785716
CYL_PRES_STAT,0,1594871314.847116
CYL_PRES_STAT,0,1594871314.858803
CYL_PRES_STAT,0,1594871314.867558
CYL_PRES_STAT,0,1594871314.887878
CYL_PRES_STAT,0,1594871314.973421
CYL_PRES_STAT,0,1594871314.9940438
CYL_PRES_STAT,0,1594871315.034977
CYL_PRES_STAT,0,1594871315.055878
CYL_PRES_STAT,0,1594871315.075799
CYL_PRES_STAT,0,1594871315.0964642
CYL_PRES_STAT,0,1594871315.157876
CYL_PRES_STAT,0,1594871315.178383
CYL_PRES_STAT,0,1594871315.251959
CYL_PRES_STAT,0,1594871315.2809556
CYL_PRES_STAT,0,1594871315.301672
CYL_PRES_STAT,0,1594871315.3221538
CYL_PRES_STAT,0,1594871315.346206
CYL_PRES_STAT,0,1594871315.354456
CYL_PRES_STAT,0,1594871315.366564
CYL_PRES_STAT,0,1594871315.428241
CYL_PRES_STAT,0,1594871315.448475
CYL_PRES_STAT,0,1594871315.4690714
CYL_PRES_STAT,0,1594871315.4778712
CYL_PRES_STAT,0,1594871315.5716019
CYL_PRES_STAT,0,1594871315.592285
CYL_PRES_STAT,0,1594871315.604198
CYL_PRES_STAT,0,1594871315.6129348
CYL_PRES_STAT,0,1594871315.6452868
CYL_PRES_STAT,0,1594871315.6539779
CYL_PRES_STAT,0,1594871315.6743462
CYL_PRES_STAT,0,1594871315.698485
CYL_PRES_STAT,0,1594871315.7152839
CYL_PRES_STAT,0,1594871315.73941
CYL_PRES_STAT,0,1594871315.891381
CYL_PRES_STAT,0,1594871315.9119961
CYL_PRES_STAT,0,1594871315.9236991
CYL_PRES_STAT,0,1594871315.932513
CYL_PRES_STAT,0,1594871315.944275
CYL_PRES_STAT,0,1594871315.9851909
CYL_PRES_STAT,0,1594871316.140754
CYL_PRES_STAT,0,1594871316.194147
CYL_PRES_STAT,0,1594871316.214592
CYL_PRES_STAT,0,1594871316.2349892
CYL_PRES_STAT,0,1594871316.275985
CYL_PRES_STAT,0,1594871316.2965631
CYL_PRES_STAT,0,1594871316.3170052
CYL_PRES_STAT,0,1594871316.337392
CYL_PRES_STAT,0,1594871316.3496099
CYL_PRES_STAT,0,1594871316.513431
CYL_PRES_STAT,0,1594871316.534106
CYL_PRES_STAT,0,1594871316.542727
CYL_PRES_STAT,0,1594871316.5668118
CYL_PRES_STAT,0,1594871316.587392
CYL_PRES_STAT,0,1594871316.595884
CYL_PRES_STAT,0,1594871316.607684
CYL_PRES_STAT,0,1594871316.6159391
CYL_PRES_STAT,0,1594871316.628115
CYL_PRES_STAT,0,1594871316.656986
CYL_PRES_STAT,0,1594871316.669169
CYL_PRES_STAT,0,1594871316.6780832
CYL_PRES_STAT,0,1594871316.689541
CYL_PRES_STAT,0,1594871316.718891
CYL_PRES_STAT,0,1594871316.792553
CYL_PRES_STAT,0,1594871316.8166401
CYL_PRES_STAT,0,1594871316.824716
CYL_PRES_STAT,0,1594871316.8333912
CYL_PRES_STAT,0,1594871316.8539364
CYL_PRES_STAT,0,1594871316.9189491
CYL_PRES_STAT,0,1594871316.9358878
CYL_PRES_STAT,0,1594871316.947642
CYL_PRES_STAT,0,1594871316.959816
CYL_PRES_STAT,0,1594871317.062258
CYL_PRES_STAT,0,1594871317.082769
CYL_PRES_STAT,0,1594871317.091383
CYL_PRES_STAT,0,1594871317.103329
CYL_PRES_STAT,0,1594871317.168714
CYL_PRES_STAT,0,1594871317.1772358
CYL_PRES_STAT,0,1594871317.1852589
CYL_PRES_STAT,0,1594871317.2099688
CYL_PRES_STAT,0,1594871317.217891
CYL_PRES_STAT,0,1594871317.226751
CYL_PRES_STAT,0,1594871317.2472794
CYL_PRES_STAT,0,1594871317.373598
CYL_PRES_STAT,0,1594871317.381801
CYL_PRES_STAT,0,1594871317.4145381
CYL_PRES_STAT,0,1594871317.4351141
CYL_PRES_STAT,0,1594871317.455618
CYL_PRES_STAT,0,1594871317.476167
CYL_PRES_STAT,0,1594871317.537558
CYL_PRES_STAT,0,1594871317.5578828
CYL_PRES_STAT,0,1594871317.566777
CYL_PRES_STAT,0,1594871317.631661
CYL_PRES_STAT,0,1594871317.7259321
CYL_PRES_STAT,0,1594871317.734144
CYL_PRES_STAT,0,1594871317.7427998
CYL_PRES_STAT,0,1594871317.787306
CYL_PRES_STAT,0,1594871317.8077178
CYL_PRES_STAT,0,1594871317.8282628
CYL_PRES_STAT,0,1594871317.836973
CYL_PRES_STAT,0,1594871317.848803
CYL_PRES_STAT,0,1594871317.910281
CYL_PRES_STAT,0,1594871317.918758
CYL_PRES_STAT,0,1594871317.9921842
CYL_PRES_STAT,0,1594871318.0780652
CYL_PRES_STAT,0,1594871318.086776
CYL_PRES_STAT,0,1594871318.098741
CYL_PRES_STAT,0,1594871318.1190534
CYL_PRES_STAT,0,1594871318.1360474
CYL_PRES_STAT,0,1594871318.159957
CYL_PRES_STAT,0,1594871318.168232
CYL_PRES_STAT,0,1594871318.2418294
CYL_PRES_STAT,0,1594871318.303563
CYL_PRES_STAT,0,1594871318.323859
CYL_PRES_STAT,0,1594871318.3325438
CYL_PRES_STAT,0,1594871318.3443048
CYL_PRES_STAT,0,1594871318.364867
CYL_PRES_STAT,0,1594871318.41804
CYL_PRES_STAT,0,1594871318.426636
CYL_PRES_STAT,0,1594871318.4880464
CYL_PRES_STAT,0,1594871318.573602
CYL_PRES_STAT,0,1594871318.5941381
CYL_PRES_STAT,0,1594871318.614725
CYL_PRES_STAT,0,1594871318.622908
CYL_PRES_STAT,0,1594871318.664591
CYL_PRES_STAT,0,1594871318.676343
CYL_PRES_STAT,0,1594871318.6970508
CYL_PRES_STAT,0,1594871318.71772
CYL_PRES_STAT,0,1594871318.73756
CYL_PRES_STAT,0,1594871318.746218
CYL_PRES_STAT,0,1594871318.758028
CYL_PRES_STAT,0,1594871318.8815758
CYL_PRES_STAT,0,1594871318.9020028
CYL_PRES_STAT,0,1594871318.9259448
CYL_PRES_STAT,0,1594871318.946411
CYL_PRES_STAT,0,1594871318.9669812
CYL_PRES_STAT,0,1594871318.987348
CYL_PRES_STAT,0,1594871319.048776
CYL_PRES_STAT,0,1594871319.05745
CYL_PRES_STAT,0,1594871319.069216
CYL_PRES_STAT,0,1594871319.192462
CYL_PRES_STAT,0,1594871319.2128806
CYL_PRES_STAT,0,1594871319.224958
CYL_PRES_STAT,0,1594871319.2337391
CYL_PRES_STAT,0,1594871319.245367
CYL_PRES_STAT,0,1594871319.253995
CYL_PRES_STAT,0,1594871319.294924
CYL_PRES_STAT,0,1594871319.31551
CYL_PRES_STAT,0,1594871319.335904
CYL_PRES_STAT,0,1594871319.347986
CYL_PRES_STAT,0,1594871319.356385
CYL_PRES_STAT,0,1594871319.495386
CYL_PRES_STAT,0,1594871319.503457
CYL_PRES_STAT,0,1594871319.5238988
CYL_PRES_STAT,0,1594871319.5325172
CYL_PRES_STAT,0,1594871319.544984
CYL_PRES_STAT,0,1594871319.568896
CYL_PRES_STAT,0,1594871319.57745
CYL_PRES_STAT,0,1594871319.5854962
CYL_PRES_STAT,0,1594871319.6061368
CYL_PRES_STAT,0,1594871319.626703
CYL_PRES_STAT,0,1594871319.688083
CYL_PRES_STAT,0,1594871319.773712
CYL_PRES_STAT,0,1594871319.814902
CYL_PRES_STAT,0,1594871319.823212
CYL_PRES_STAT,0,1594871319.835187
CYL_PRES_STAT,0,1594871319.855684
CYL_PRES_STAT,0,1594871319.876291
CYL_PRES_STAT,0,1594871319.937577
CYL_PRES_STAT,0,1594871320.0195801
CYL_PRES_STAT,0,1594871320.105532
CYL_PRES_STAT,0,1594871320.126008
CYL_PRES_STAT,0,1594871320.134218
CYL_PRES_STAT,0,1594871320.1874714
CYL_PRES_STAT,0,1594871320.207915
CYL_PRES_STAT,0,1594871320.228388
CYL_PRES_STAT,0,1594871320.237099
CYL_PRES_STAT,0,1594871320.249065
CYL_PRES_STAT,0,1594871320.2984009
CYL_PRES_STAT,0,1594871320.3189769
CYL_PRES_STAT,0,1594871320.3722029
CYL_PRES_STAT,0,1594871320.392299
CYL_PRES_STAT,0,1594871320.433572
CYL_PRES_STAT,0,1594871320.4540026
CYL_PRES_STAT,0,1594871320.474793
CYL_PRES_STAT,0,1594871320.4865446
CYL_PRES_STAT,0,1594871320.70411
CYL_PRES_STAT,0,1594871320.7243774
CYL_PRES_STAT,0,1594871320.7453034
CYL_PRES_STAT,0,1594871320.765043
CYL_PRES_STAT,0,1594871320.8060648
CYL_PRES_STAT,0,1594871320.8181329
CYL_PRES_STAT,0,1594871320.826568
CYL_PRES_STAT,0,1594871320.879731
CYL_PRES_STAT,0,1594871320.9089289
CYL_PRES_STAT,0,1594871320.961727
CYL_PRES_STAT,0,1594871320.973707
CYL_PRES_STAT,0,1594871320.9943929
CYL_PRES_STAT,0,1594871321.014785
CYL_PRES_STAT,0,1594871321.035149
CYL_PRES_STAT,0,1594871321.0558221
CYL_PRES_STAT,0,1594871321.0770054
CYL_PRES_STAT,0,1594871321.0845141
CYL_PRES_STAT,0,1594871321.105393
CYL_PRES_STAT,0,1594871321.1172528
CYL_PRES_STAT,0,1594871321.137582
CYL_PRES_STAT,0,1594871321.1581821
CYL_PRES_STAT,0,1594871321.314018
CYL_PRES_STAT,0,1594871321.3260102
CYL_PRES_STAT,0,1594871321.342963
CYL_PRES_STAT,0,1594871321.3670864
CYL_PRES_STAT,0,1594871321.387485
CYL_PRES_STAT,0,1594871321.448969
CYL_PRES_STAT,0,1594871321.466183
CYL_PRES_STAT,0,1594871321.48984
CYL_PRES_STAT,0,1594871321.531049
CYL_PRES_STAT,0,1594871321.551317
CYL_PRES_STAT,0,1594871321.592679
CYL_PRES_STAT,0,1594871321.613441
CYL_PRES_STAT,0,1594871321.633513
CYL_PRES_STAT,0,1594871321.645611
CYL_PRES_STAT,0,1594871321.654099
CYL_PRES_STAT,0,1594871321.695067
CYL_PRES_STAT,0,1594871321.715899
CYL_PRES_STAT,0,1594871321.727594
CYL_PRES_STAT,0,1594871321.760201
CYL_PRES_STAT,0,1594871321.891721
CYL_PRES_STAT,0,1594871321.9036858
CYL_PRES_STAT,0,1594871321.9326868
CYL_PRES_STAT,0,1594871321.977399
CYL_PRES_STAT,0,1594871322.005943
CYL_PRES_STAT,0,1594871322.067531
CYL_PRES_STAT,0,1594871322.120655
CYL_PRES_STAT,0,1594871322.129317
CYL_PRES_STAT,0,1594871322.149695
CYL_PRES_STAT,0,1594871322.194316
CYL_PRES_STAT,0,1594871322.214952
CYL_PRES_STAT,0,1594871322.223393
CYL_PRES_STAT,0,1594871322.235301
CYL_PRES_STAT,0,1594871322.2558742
CYL_PRES_STAT,0,1594871322.2764218
CYL_PRES_STAT,0,1594871322.296709
CYL_PRES_STAT,0,1594871322.4114609
CYL_PRES_STAT,0,1594871322.4728682
CYL_PRES_STAT,0,1594871322.505612
CYL_PRES_STAT,0,1594871322.5261626
CYL_PRES_STAT,0,1594871322.554837
CYL_PRES_STAT,0,1594871322.5634172
CYL_PRES_STAT,0,1594871322.587557
CYL_PRES_STAT,0,1594871322.608011
CYL_PRES_STAT,0,1594871322.628567
CYL_PRES_STAT,0,1594871322.637202
CYL_PRES_STAT,0,1594871322.677886
CYL_PRES_STAT,0,1594871322.710569
CYL_PRES_STAT,0,1594871322.7190864
CYL_PRES_STAT,0,1594871322.772331
CYL_PRES_STAT,0,1594871322.8332028
CYL_PRES_STAT,0,1594871322.854315
CYL_PRES_STAT,0,1594871322.9160056
CYL_PRES_STAT,0,1594871322.9770398
CYL_PRES_STAT,0,1594871323.062796
CYL_PRES_STAT,0,1594871323.1036599
CYL_PRES_STAT,0,1594871323.12445
CYL_PRES_STAT,0,1594871323.1364422
CYL_PRES_STAT,0,1594871323.144639
CYL_PRES_STAT,0,1594871323.206039
CYL_PRES_STAT,0,1594871323.2146182
CYL_PRES_STAT,0,1594871323.2264519
CYL_PRES_STAT,0,1594871323.235235
CYL_PRES_STAT,0,1594871323.247243
CYL_PRES_STAT,0,1594871323.267987
CYL_PRES_STAT,0,1594871323.3411891
CYL_PRES_STAT,0,1594871323.3738348
CYL_PRES_STAT,0,1594871323.3945198
CYL_PRES_STAT,0,1594871323.414856
CYL_PRES_STAT,0,1594871323.4646974
CYL_PRES_STAT,0,1594871323.4971821
CYL_PRES_STAT,0,1594871323.518021
CYL_PRES_STAT,0,1594871323.5378294
CYL_PRES_STAT,0,1594871323.546028
CYL_PRES_STAT,0,1594871323.578791
CYL_PRES_STAT,0,1594871323.702111
CYL_PRES_STAT,0,1594871323.7141562
CYL_PRES_STAT,0,1594871323.72627
CYL_PRES_STAT,0,1594871323.767262
CYL_PRES_STAT,0,1594871323.78422
CYL_PRES_STAT,0,1594871323.795943
CYL_PRES_STAT,0,1594871323.804349
CYL_PRES_STAT,0,1594871323.828635
CYL_PRES_STAT,0,1594871323.849227
CYL_PRES_STAT,0,1594871324.0458221
CYL_PRES_STAT,0,1594871324.0989552
CYL_PRES_STAT,0,1594871324.119401
CYL_PRES_STAT,0,1594871324.1276624
CYL_PRES_STAT,0,1594871324.1397262
CYL_PRES_STAT,0,1594871324.156637
CYL_PRES_STAT,0,1594871324.270978
CYL_PRES_STAT,0,1594871324.291709
CYL_PRES_STAT,0,1594871324.303735
CYL_PRES_STAT,0,1594871324.3447206
CYL_PRES_STAT,0,1594871324.365237
CYL_PRES_STAT,0,1594871324.377385
CYL_PRES_STAT,0,1594871324.386008
CYL_PRES_STAT,0,1594871324.4065099
CYL_PRES_STAT,0,1594871324.549867
CYL_PRES_STAT,0,1594871324.623646
CYL_PRES_STAT,0,1594871324.655942
CYL_PRES_STAT,0,1594871324.7056632
CYL_PRES_STAT,0,1594871324.717559
CYL_PRES_STAT,0,1594871324.737876
CYL_PRES_STAT,0,1594871324.758333
CYL_PRES_STAT,0,1594871324.7788231
CYL_PRES_STAT,0,1594871324.9020412
CYL_PRES_STAT,0,1594871324.92257
CYL_PRES_STAT,0,1594871324.967176
CYL_PRES_STAT,0,1594871324.98769
CYL_PRES_STAT,0,1594871325.008194
CYL_PRES_STAT,0,1594871325.0249472
CYL_PRES_STAT,0,1594871325.036892
CYL_PRES_STAT,0,1594871325.0491052
CYL_PRES_STAT,0,1594871325.139508
CYL_PRES_STAT,0,1594871325.1720672
CYL_PRES_STAT,0,1594871325.201227
CYL_PRES_STAT,0,1594871325.2216618
CYL_PRES_STAT,0,1594871325.233554
CYL_PRES_STAT,0,1594871325.2539382
CYL_PRES_STAT,0,1594871325.274714
CYL_PRES_STAT,0,1594871325.286773
CYL_PRES_STAT,0,1594871325.2991538
CYL_PRES_STAT,0,1594871325.336306
CYL_PRES_STAT,0,1594871325.356672
CYL_PRES_STAT,0,1594871325.368555
CYL_PRES_STAT,0,1594871325.4218054
CYL_PRES_STAT,0,1594871325.4423602
CYL_PRES_STAT,0,1594871325.503747
CYL_PRES_STAT,0,1594871325.524297
CYL_PRES_STAT,0,1594871325.536514
CYL_PRES_STAT,0,1594871325.544759
CYL_PRES_STAT,0,1594871325.565181
CYL_PRES_STAT,0,1594871325.586158
CYL_PRES_STAT,0,1594871325.60615
CYL_PRES_STAT,0,1594871325.618398
CYL_PRES_STAT,0,1594871325.6268742
CYL_PRES_STAT,0,1594871325.647656
CYL_PRES_STAT,0,1594871325.741193
CYL_PRES_STAT,0,1594871325.843724
CYL_PRES_STAT,0,1594871325.855881
CYL_PRES_STAT,0,1594871325.8644528
CYL_PRES_STAT,0,1594871325.8764534
CYL_PRES_STAT,0,1594871326.060826
CYL_PRES_STAT,0,1594871326.105739
CYL_PRES_STAT,0,1594871326.114503
CYL_PRES_STAT,0,1594871326.126271
CYL_PRES_STAT,0,1594871326.146734
CYL_PRES_STAT,0,1594871326.16727
CYL_PRES_STAT,0,1594871326.184234
CYL_PRES_STAT,0,1594871326.216415
CYL_PRES_STAT,0,1594871326.2250938
CYL_PRES_STAT,0,1594871326.249197
CYL_PRES_STAT,0,1594871326.3721988
CYL_PRES_STAT,0,1594871326.392952
CYL_PRES_STAT,0,1594871326.4133482
CYL_PRES_STAT,0,1594871326.4335132
CYL_PRES_STAT,0,1594871326.475204
CYL_PRES_STAT,0,1594871326.498876
CYL_PRES_STAT,0,1594871326.5195851
CYL_PRES_STAT,0,1594871326.5276532
CYL_PRES_STAT,0,1594871326.5364108
CYL_PRES_STAT,0,1594871326.5567439
CYL_PRES_STAT,0,1594871326.5687132
CYL_PRES_STAT,0,1594871326.6182039
CYL_PRES_STAT,0,1594871326.662821
CYL_PRES_STAT,0,1594871326.7243311
CYL_PRES_STAT,0,1594871326.7448812
CYL_PRES_STAT,0,1594871326.76561
CYL_PRES_STAT,0,1594871326.7774909
CYL_PRES_STAT,0,1594871326.786149
CYL_PRES_STAT,0,1594871326.9945989
CYL_PRES_STAT,0,1594871327.015268
CYL_PRES_STAT,0,1594871327.035594
CYL_PRES_STAT,0,1594871327.0560892
CYL_PRES_STAT,0,1594871327.0766509
CYL_PRES_STAT,0,1594871327.097544
CYL_PRES_STAT,0,1594871327.109447
CYL_PRES_STAT,0,1594871327.1175098
CYL_PRES_STAT,0,1594871327.137949
CYL_PRES_STAT,0,1594871327.158488
CYL_PRES_STAT,0,1594871327.2734149
CYL_PRES_STAT,0,1594871327.281621
CYL_PRES_STAT,0,1594871327.302292
CYL_PRES_STAT,0,1594871327.3139858
CYL_PRES_STAT,0,1594871327.355201
CYL_PRES_STAT,0,1594871327.367486
CYL_PRES_STAT,0,1594871327.3844538
CYL_PRES_STAT,0,1594871327.408316
CYL_PRES_STAT,0,1594871327.428732
CYL_PRES_STAT,0,1594871327.4373374
CYL_PRES_STAT,0,1594871327.478013
CYL_PRES_STAT,0,1594871327.559933
CYL_PRES_STAT,0,1594871327.572201
CYL_PRES_STAT,0,1594871327.604894
CYL_PRES_STAT,0,1594871327.613437
CYL_PRES_STAT,0,1594871327.634198
CYL_PRES_STAT,0,1594871327.658093
CYL_PRES_STAT,0,1594871327.674974
CYL_PRES_STAT,0,1594871327.686827
CYL_PRES_STAT,0,1594871327.736686
CYL_PRES_STAT,0,1594871327.7567642
CYL_PRES_STAT,0,1594871327.798184
CYL_PRES_STAT,0,1594871327.842444
CYL_PRES_STAT,0,1594871327.933134
CYL_PRES_STAT,0,1594871327.953635
CYL_PRES_STAT,0,1594871328.0479891
CYL_PRES_STAT,0,1594871328.129301
CYL_PRES_STAT,0,1594871328.1741369
CYL_PRES_STAT,0,1594871328.1824212
CYL_PRES_STAT,0,1594871328.191094
CYL_PRES_STAT,0,1594871328.2319891
CYL_PRES_STAT,0,1594871328.2560818
CYL_PRES_STAT,0,1594871328.265066
CYL_PRES_STAT,0,1594871328.2766342
CYL_PRES_STAT,0,1594871328.297128
CYL_PRES_STAT,0,1594871328.358517
CYL_PRES_STAT,0,1594871328.387564
CYL_PRES_STAT,0,1594871328.502531
CYL_PRES_STAT,0,1594871328.514266
CYL_PRES_STAT,0,1594871328.526531
CYL_PRES_STAT,0,1594871328.546973
CYL_PRES_STAT,0,1594871328.5641322
CYL_PRES_STAT,0,1594871328.6083431
CYL_PRES_STAT,0,1594871328.645644
CYL_PRES_STAT,0,1594871328.772213
CYL_PRES_STAT,0,1594871328.7932081
CYL_PRES_STAT,0,1594871328.8132222
CYL_PRES_STAT,0,1594871328.8581474
CYL_PRES_STAT,0,1594871328.87469
CYL_PRES_STAT,0,1594871328.895233
CYL_PRES_STAT,0,1594871328.915872
CYL_PRES_STAT,0,1594871328.936515
CYL_PRES_STAT,0,1594871329.0836189
CYL_PRES_STAT,0,1594871329.12482
CYL_PRES_STAT,0,1594871329.145001
CYL_PRES_STAT,0,1594871329.165787
CYL_PRES_STAT,0,1594871329.177906
CYL_PRES_STAT,0,1594871329.341537
CYL_PRES_STAT,0,1594871329.350441
CYL_PRES_STAT,0,1594871329.374264
CYL_PRES_STAT,0,1594871329.382622
CYL_PRES_STAT,0,1594871329.390992
CYL_PRES_STAT,0,1594871329.415367
CYL_PRES_STAT,0,1594871329.423769
CYL_PRES_STAT,0,1594871329.435693
CYL_PRES_STAT,0,1594871329.4972131
CYL_PRES_STAT,0,1594871329.517535
CYL_PRES_STAT,0,1594871329.5469038
CYL_PRES_STAT,0,1594871329.558601
CYL_PRES_STAT,0,1594871329.6732538
CYL_PRES_STAT,0,1594871329.682216
CYL_PRES_STAT,0,1594871329.7024689
CYL_PRES_STAT,0,1594871329.734756
CYL_PRES_STAT,0,1594871329.74706
CYL_PRES_STAT,0,1594871329.7551758
CYL_PRES_STAT,0,1594871329.767485
CYL_PRES_STAT,0,1594871329.8371608
CYL_PRES_STAT,0,1594871330.00496
CYL_PRES_STAT,0,1594871330.034217
CYL_PRES_STAT,0,1594871330.058311
CYL_PRES_STAT,0,1594871330.0746946
CYL_PRES_STAT,0,1594871330.119725
CYL_PRES_STAT,0,1594871330.140075
CYL_PRES_STAT,0,1594871330.3041189
CYL_PRES_STAT,0,1594871330.324461
CYL_PRES_STAT,0,1594871330.3332
CYL_PRES_STAT,0,1594871330.344987
CYL_PRES_STAT,0,1594871330.3655958
CYL_PRES_STAT,0,1594871330.406792
CYL_PRES_STAT,0,1594871330.418751
CYL_PRES_STAT,0,1594871330.4274306
CYL_PRES_STAT,0,1594871330.4559462
CYL_PRES_STAT,0,1594871330.467947
CYL_PRES_STAT,0,1594871330.529703
CYL_PRES_STAT,0,1594871330.574273
CYL_PRES_STAT,0,1594871330.5825179
CYL_PRES_STAT,0,1594871330.591097
CYL_PRES_STAT,0,1594871330.6357448
CYL_PRES_STAT,0,1594871330.65627
CYL_PRES_STAT,0,1594871330.676939
CYL_PRES_STAT,0,1594871330.697515
CYL_PRES_STAT,0,1594871330.705451
CYL_PRES_STAT,0,1594871330.746882
CYL_PRES_STAT,0,1594871330.787789
CYL_PRES_STAT,0,1594871330.7996259
CYL_PRES_STAT,0,1594871330.840684
CYL_PRES_STAT,0,1594871330.8816528
CYL_PRES_STAT,0,1594871330.90243
CYL_PRES_STAT,0,1594871330.923126
CYL_PRES_STAT,0,1594871330.975742
CYL_PRES_STAT,0,1594871331.008679
CYL_PRES_STAT,0,1594871331.0169332
CYL_PRES_STAT,0,1594871331.025273
CYL_PRES_STAT,0,1594871331.049453
CYL_PRES_STAT,0,1594871331.1928961
CYL_PRES_STAT,0,1594871331.2134118
CYL_PRES_STAT,0,1594871331.2220216
CYL_PRES_STAT,0,1594871331.254377
CYL_PRES_STAT,0,1594871331.275063
CYL_PRES_STAT,0,1594871331.295666
CYL_PRES_STAT,0,1594871331.3196561
CYL_PRES_STAT,0,1594871331.328213
CYL_PRES_STAT,0,1594871331.348584
CYL_PRES_STAT,0,1594871331.3569686
CYL_PRES_STAT,0,1594871331.3689148
CYL_PRES_STAT,0,1594871331.397883
CYL_PRES_STAT,0,1594871331.5661259
CYL_PRES_STAT,0,1594871331.577815
CYL_PRES_STAT,0,1594871331.585984
CYL_PRES_STAT,0,1594871331.626933
CYL_PRES_STAT,0,1594871331.647433
CYL_PRES_STAT,0,1594871331.655921
CYL_PRES_STAT,0,1594871331.667927
CYL_PRES_STAT,0,1594871331.77073
CYL_PRES_STAT,0,1594871331.791199
CYL_PRES_STAT,0,1594871331.815362
CYL_PRES_STAT,0,1594871331.835814
CYL_PRES_STAT,0,1594871331.864618
CYL_PRES_STAT,0,1594871331.905805
CYL_PRES_STAT,0,1594871332.040651
CYL_PRES_STAT,0,1594871332.061354
CYL_PRES_STAT,0,1594871332.073339
CYL_PRES_STAT,0,1594871332.1472828
CYL_PRES_STAT,0,1594871332.155668
CYL_PRES_STAT,0,1594871332.1674788
CYL_PRES_STAT,0,1594871332.1845279
CYL_PRES_STAT,0,1594871332.196328
CYL_PRES_STAT,0,1594871332.204983
CYL_PRES_STAT,0,1594871332.229059
CYL_PRES_STAT,0,1594871332.26996
CYL_PRES_STAT,0,1594871332.3934238
CYL_PRES_STAT,0,1594871332.4141948
CYL_PRES_STAT,0,1594871332.4344478
CYL_PRES_STAT,0,1594871332.4583402
CYL_PRES_STAT,0,1594871332.51636
CYL_PRES_STAT,0,1594871332.536698
CYL_PRES_STAT,0,1594871332.609984
CYL_PRES_STAT,0,1594871332.6185539
CYL_PRES_STAT,0,1594871332.724822
CYL_PRES_STAT,0,1594871332.765558
CYL_PRES_STAT,0,1594871332.806937
CYL_PRES_STAT,0,1594871332.827091
CYL_PRES_STAT,0,1594871332.847809
CYL_PRES_STAT,0,1594871332.917974
CYL_PRES_STAT,0,1594871332.941679
CYL_PRES_STAT,0,1594871332.970863
CYL_PRES_STAT,0,1594871333.015309
CYL_PRES_STAT,0,1594871333.0358741
CYL_PRES_STAT,0,1594871333.056445
CYL_PRES_STAT,0,1594871333.065265
CYL_PRES_STAT,0,1594871333.076958
CYL_PRES_STAT,0,1594871333.1383822
CYL_PRES_STAT,0,1594871333.1468039
CYL_PRES_STAT,0,1594871333.158821
CYL_PRES_STAT,0,1594871333.3061461
CYL_PRES_STAT,0,1594871333.3149672
CYL_PRES_STAT,0,1594871333.3266609
CYL_PRES_STAT,0,1594871333.334899
CYL_PRES_STAT,0,1594871333.343584
CYL_PRES_STAT,0,1594871333.3969831
CYL_PRES_STAT,0,1594871333.405078
CYL_PRES_STAT,0,1594871333.425548
CYL_PRES_STAT,0,1594871333.4496212
CYL_PRES_STAT,0,1594871333.551924
CYL_PRES_STAT,0,1594871333.5728981
CYL_PRES_STAT,0,1594871333.5930948
CYL_PRES_STAT,0,1594871333.646142
CYL_PRES_STAT,0,1594871333.654464
CYL_PRES_STAT,0,1594871333.675255
CYL_PRES_STAT,0,1594871333.695755
CYL_PRES_STAT,0,1594871333.716408
CYL_PRES_STAT,0,1594871333.7281332
CYL_PRES_STAT,0,1594871333.769088
CYL_PRES_STAT,0,1594871333.798089
CYL_PRES_STAT,0,1594871333.8186991
CYL_PRES_STAT,0,1594871333.892534
CYL_PRES_STAT,0,1594871333.9451466
CYL_PRES_STAT,0,1594871333.9742858
CYL_PRES_STAT,0,1594871334.027424
CYL_PRES_STAT,0,1594871334.0477078
CYL_PRES_STAT,0,1594871334.06807
CYL_PRES_STAT,0,1594871334.08861
CYL_PRES_STAT,0,1594871334.1094902
CYL_PRES_STAT,0,1594871334.17077
CYL_PRES_STAT,0,1594871334.194973
CYL_PRES_STAT,0,1594871334.215443
CYL_PRES_STAT,0,1594871334.224093
CYL_PRES_STAT,0,1594871334.2359471
CYL_PRES_STAT,0,1594871334.27694
CYL_PRES_STAT,0,1594871334.297466
CYL_PRES_STAT,0,1594871334.3059561
CYL_PRES_STAT,0,1594871334.317948
CYL_PRES_STAT,0,1594871334.3385801
CYL_PRES_STAT,0,1594871334.3999329
CYL_PRES_STAT,0,1594871334.473521
CYL_PRES_STAT,0,1594871334.4817524
CYL_PRES_STAT,0,1594871334.523165
CYL_PRES_STAT,0,1594871334.5436141
CYL_PRES_STAT,0,1594871334.555557
CYL_PRES_STAT,0,1594871334.5678751
CYL_PRES_STAT,0,1594871334.588272
CYL_PRES_STAT,0,1594871334.5963962
CYL_PRES_STAT,0,1594871334.605236
CYL_PRES_STAT,0,1594871334.637372
CYL_PRES_STAT,0,1594871334.6495981
CYL_PRES_STAT,0,1594871334.740027
CYL_PRES_STAT,0,1594871334.7728262
CYL_PRES_STAT,0,1594871334.78111
CYL_PRES_STAT,0,1594871334.793057
CYL_PRES_STAT,0,1594871334.801546
CYL_PRES_STAT,0,1594871334.813632
CYL_PRES_STAT,0,1594871334.834507
CYL_PRES_STAT,0,1594871334.854966
CYL_PRES_STAT,0,1594871334.8750124
CYL_PRES_STAT,0,1594871334.8994179
CYL_PRES_STAT,0,1594871334.916032
CYL_PRES_STAT,0,1594871334.940308
CYL_PRES_STAT,0,1594871334.977685
CYL_PRES_STAT,0,1594871335.019058
CYL_PRES_STAT,0,1594871335.051084
CYL_PRES_STAT,0,1594871335.083886
CYL_PRES_STAT,0,1594871335.104414
CYL_PRES_STAT,0,1594871335.124767
CYL_PRES_STAT,0,1594871335.16578
CYL_PRES_STAT,0,1594871335.206809
CYL_PRES_STAT,0,1594871335.218996
CYL_PRES_STAT,0,1594871335.227555
CYL_PRES_STAT,0,1594871335.2767448
CYL_PRES_STAT,0,1594871335.297518
CYL_PRES_STAT,0,1594871335.309118
CYL_PRES_STAT,0,1594871335.3297338
CYL_PRES_STAT,0,1594871335.362377
CYL_PRES_STAT,0,1594871335.4154546
CYL_PRES_STAT,0,1594871335.4360044
CYL_PRES_STAT,0,1594871335.4565349
CYL_PRES_STAT,0,1594871335.468732
CYL_PRES_STAT,0,1594871335.477334
CYL_PRES_STAT,0,1594871335.4974039
CYL_PRES_STAT,0,1594871335.5384948
CYL_PRES_STAT,0,1594871335.5475242
CYL_PRES_STAT,0,1594871335.558954
CYL_PRES_STAT,0,1594871335.567179
CYL_PRES_STAT,0,1594871335.620348
CYL_PRES_STAT,0,1594871335.702837
CYL_PRES_STAT,0,1594871335.7145972
CYL_PRES_STAT,0,1594871335.7231274
CYL_PRES_STAT,0,1594871335.7437608
CYL_PRES_STAT,0,1594871335.764064
CYL_PRES_STAT,0,1594871335.796648
CYL_PRES_STAT,0,1594871335.805022
CYL_PRES_STAT,0,1594871335.8170292
CYL_PRES_STAT,0,1594871335.837458
CYL_PRES_STAT,0,1594871335.8460062
CYL_PRES_STAT,0,1594871335.870162
CYL_PRES_STAT,0,1594871336.034024
CYL_PRES_STAT,0,1594871336.046292
CYL_PRES_STAT,0,1594871336.055008
CYL_PRES_STAT,0,1594871336.0756161
CYL_PRES_STAT,0,1594871336.099589
CYL_PRES_STAT,0,1594871336.2924368
CYL_PRES_STAT,0,1594871336.3044648
CYL_PRES_STAT,0,1594871336.324945
CYL_PRES_STAT,0,1594871336.3331132
CYL_PRES_STAT,0,1594871336.345494
CYL_PRES_STAT,0,1594871336.366008
CYL_PRES_STAT,0,1594871336.374516
CYL_PRES_STAT,0,1594871336.3864472
CYL_PRES_STAT,0,1594871336.4067562
CYL_PRES_STAT,0,1594871336.427243
CYL_PRES_STAT,0,1594871336.447861
CYL_PRES_STAT,0,1594871336.5711026
CYL_PRES_STAT,0,1594871336.5913858
CYL_PRES_STAT,0,1594871336.615814
CYL_PRES_STAT,0,1594871336.623878
CYL_PRES_STAT,0,1594871336.632792
CYL_PRES_STAT,0,1594871336.677078
CYL_PRES_STAT,0,1594871336.706063
CYL_PRES_STAT,0,1594871336.718009
CYL_PRES_STAT,0,1594871336.8614519
CYL_PRES_STAT,0,1594871336.873616
CYL_PRES_STAT,0,1594871336.9023788
CYL_PRES_STAT,0,1594871336.926898
CYL_PRES_STAT,0,1594871336.9350688
CYL_PRES_STAT,0,1594871336.943448
CYL_PRES_STAT,0,1594871336.96436
CYL_PRES_STAT,0,1594871336.988354
CYL_PRES_STAT,0,1594871337.0087638
CYL_PRES_STAT,0,1594871337.172672
CYL_PRES_STAT,0,1594871337.193093
CYL_PRES_STAT,0,1594871337.2054331
CYL_PRES_STAT,0,1594871337.2140524
CYL_PRES_STAT,0,1594871337.222316
CYL_PRES_STAT,0,1594871337.234084
CYL_PRES_STAT,0,1594871337.2546961
CYL_PRES_STAT,0,1594871337.2750561
CYL_PRES_STAT,0,1594871337.2873652
CYL_PRES_STAT,0,1594871337.295595
CYL_PRES_STAT,0,1594871337.3368044
CYL_PRES_STAT,0,1594871337.35744
CYL_PRES_STAT,0,1594871337.410343
CYL_PRES_STAT,0,1594871337.5046024
CYL_PRES_STAT,0,1594871337.545402
CYL_PRES_STAT,0,1594871337.5659578
CYL_PRES_STAT,0,1594871337.5865102
CYL_PRES_STAT,0,1594871337.6068401
CYL_PRES_STAT,0,1594871337.627418
CYL_PRES_STAT,0,1594871337.6683269
CYL_PRES_STAT,0,1594871337.7624972
CYL_PRES_STAT,0,1594871337.791602
CYL_PRES_STAT,0,1594871337.8119678
CYL_PRES_STAT,0,1594871337.8325171
CYL_PRES_STAT,0,1594871337.865479
CYL_PRES_STAT,0,1594871338.0086288
CYL_PRES_STAT,0,1594871338.082165
CYL_PRES_STAT,0,1594871338.1027699
CYL_PRES_STAT,0,1594871338.114935
CYL_PRES_STAT,0,1594871338.123297
CYL_PRES_STAT,0,1594871338.144136
CYL_PRES_STAT,0,1594871338.1556349
CYL_PRES_STAT,0,1594871338.164227
CYL_PRES_STAT,0,1594871338.1849852
CYL_PRES_STAT,0,1594871338.19664
CYL_PRES_STAT,0,1594871338.20895
CYL_PRES_STAT,0,1594871338.229475
CYL_PRES_STAT,0,1594871338.266816
CYL_PRES_STAT,0,1594871338.278613
CYL_PRES_STAT,0,1594871338.340066
CYL_PRES_STAT,0,1594871338.372716
CYL_PRES_STAT,0,1594871338.393394
CYL_PRES_STAT,0,1594871338.422197
CYL_PRES_STAT,0,1594871338.43411
CYL_PRES_STAT,0,1594871338.4429278
CYL_PRES_STAT,0,1594871338.499709
CYL_PRES_STAT,0,1594871338.516206
CYL_PRES_STAT,0,1594871338.528466
CYL_PRES_STAT,0,1594871338.557112
CYL_PRES_STAT,0,1594871338.577584
CYL_PRES_STAT,0,1594871338.58624
CYL_PRES_STAT,0,1594871338.6392784
CYL_PRES_STAT,0,1594871338.6927302
CYL_PRES_STAT,0,1594871338.704525
CYL_PRES_STAT,0,1594871338.712744
CYL_PRES_STAT,0,1594871338.724876
CYL_PRES_STAT,0,1594871338.745363
CYL_PRES_STAT,0,1594871338.7660851
CYL_PRES_STAT,0,1594871338.8069038
CYL_PRES_STAT,0,1594871338.8275821
CYL_PRES_STAT,0,1594871338.8478348
CYL_PRES_STAT,0,1594871338.868352
CYL_PRES_STAT,0,1594871338.971096
CYL_PRES_STAT,0,1594871338.991703
CYL_PRES_STAT,0,1594871339.0120478
CYL_PRES_STAT,0,1594871339.077516
CYL_PRES_STAT,0,1594871339.09781
CYL_PRES_STAT,0,1594871339.1062589
CYL_PRES_STAT,0,1594871339.1182
CYL_PRES_STAT,0,1594871339.126432
CYL_PRES_STAT,0,1594871339.138701
CYL_PRES_STAT,0,1594871339.1590538
CYL_PRES_STAT,0,1594871339.261647
CYL_PRES_STAT,0,1594871339.273768
CYL_PRES_STAT,0,1594871339.282006
CYL_PRES_STAT,0,1594871339.323096
CYL_PRES_STAT,0,1594871339.3437374
CYL_PRES_STAT,0,1594871339.355701
CYL_PRES_STAT,0,1594871339.364361
CYL_PRES_STAT,0,1594871339.388513
CYL_PRES_STAT,0,1594871339.446147
CYL_PRES_STAT,0,1594871339.581093
CYL_PRES_STAT,0,1594871339.593469
CYL_PRES_STAT,0,1594871339.64292
CYL_PRES_STAT,0,1594871339.6874251
CYL_PRES_STAT,0,1594871339.695751
CYL_PRES_STAT,0,1594871339.7571251
CYL_PRES_STAT,0,1594871339.769396
CYL_PRES_STAT,0,1594871340.019192
CYL_PRES_STAT,0,1594871340.027563
CYL_PRES_STAT,0,1594871340.056375
CYL_PRES_STAT,0,1594871340.0684268
CYL_PRES_STAT,0,1594871340.162614
CYL_PRES_STAT,0,1594871340.2362828
CYL_PRES_STAT,0,1594871340.256742
CYL_PRES_STAT,0,1594871340.265941
CYL_PRES_STAT,0,1594871340.2737556
CYL_PRES_STAT,0,1594871340.3182988
CYL_PRES_STAT,0,1594871340.338638
CYL_PRES_STAT,0,1594871340.346991
CYL_PRES_STAT,0,1594871340.3592582
CYL_PRES_STAT,0,1594871340.4206052
CYL_PRES_STAT,0,1594871340.429333
CYL_PRES_STAT,0,1594871340.490771
CYL_PRES_STAT,0,1594871340.503084
CYL_PRES_STAT,0,1594871340.5229702
CYL_PRES_STAT,0,1594871340.564613
CYL_PRES_STAT,0,1594871340.585063
CYL_PRES_STAT,0,1594871340.596716
CYL_PRES_STAT,0,1594871340.62623
CYL_PRES_STAT,0,1594871340.646359
CYL_PRES_STAT,0,1594871340.6581962
CYL_PRES_STAT,0,1594871340.666948
CYL_PRES_STAT,0,1594871340.772767
CYL_PRES_STAT,0,1594871340.8342476
CYL_PRES_STAT,0,1594871340.843369
CYL_PRES_STAT,0,1594871340.8548439
CYL_PRES_STAT,0,1594871340.8758302
CYL_PRES_STAT,0,1594871340.896331
CYL_PRES_STAT,0,1594871340.904327
CYL_PRES_STAT,0,1594871340.916331
CYL_PRES_STAT,0,1594871340.957158
CYL_PRES_STAT,0,1594871340.9659572
CYL_PRES_STAT,0,1594871341.0194619
CYL_PRES_STAT,0,1594871341.1045609
CYL_PRES_STAT,0,1594871341.125142
CYL_PRES_STAT,0,1594871341.145619
CYL_PRES_STAT,0,1594871341.166049
CYL_PRES_STAT,0,1594871341.206961
CYL_PRES_STAT,0,1594871341.215414
CYL_PRES_STAT,0,1594871341.227607
CYL_PRES_STAT,0,1594871341.2482882
CYL_PRES_STAT,0,1594871341.2602382
CYL_PRES_STAT,0,1594871341.3953538
CYL_PRES_STAT,0,1594871341.4035301
CYL_PRES_STAT,0,1594871341.412098
CYL_PRES_STAT,0,1594871341.4532852
CYL_PRES_STAT,0,1594871341.47382
CYL_PRES_STAT,0,1594871341.4979222
CYL_PRES_STAT,0,1594871341.506358
CYL_PRES_STAT,0,1594871341.5182786
CYL_PRES_STAT,0,1594871341.538806
CYL_PRES_STAT,0,1594871341.579699
CYL_PRES_STAT,0,1594871341.608587
CYL_PRES_STAT,0,1594871341.6292748
CYL_PRES_STAT,0,1594871341.661842
CYL_PRES_STAT,0,1594871341.7026298
CYL_PRES_STAT,0,1594871341.7231462
CYL_PRES_STAT,0,1594871341.7439306
CYL_PRES_STAT,0,1594871341.755883
CYL_PRES_STAT,0,1594871341.764777
CYL_PRES_STAT,0,1594871341.7967892
CYL_PRES_STAT,0,1594871341.866997
CYL_PRES_STAT,0,1594871342.0019672
CYL_PRES_STAT,0,1594871342.034395
CYL_PRES_STAT,0,1594871342.04301
CYL_PRES_STAT,0,1594871342.075396
CYL_PRES_STAT,0,1594871342.084106
CYL_PRES_STAT,0,1594871342.095807
CYL_PRES_STAT,0,1594871342.11622
CYL_PRES_STAT,0,1594871342.136823
CYL_PRES_STAT,0,1594871342.1578171
CYL_PRES_STAT,0,1594871342.30101
CYL_PRES_STAT,0,1594871342.3339
CYL_PRES_STAT,0,1594871342.3456378
CYL_PRES_STAT,0,1594871342.36605
CYL_PRES_STAT,0,1594871342.386632
CYL_PRES_STAT,0,1594871342.407288
CYL_PRES_STAT,0,1594871342.5914972
CYL_PRES_STAT,0,1594871342.611999
CYL_PRES_STAT,0,1594871342.636383
CYL_PRES_STAT,0,1594871342.6532972
CYL_PRES_STAT,0,1594871342.665092
CYL_PRES_STAT,0,1594871342.71469
CYL_PRES_STAT,0,1594871342.735278
CYL_PRES_STAT,0,1594871342.7675948
CYL_PRES_STAT,0,1594871342.779707
CYL_PRES_STAT,0,1594871342.8616571
CYL_PRES_STAT,0,1594871342.90328
CYL_PRES_STAT,0,1594871342.923213
CYL_PRES_STAT,0,1594871342.964898
CYL_PRES_STAT,0,1594871342.985112
CYL_PRES_STAT,0,1594871343.005601
CYL_PRES_STAT,0,1594871343.02634
CYL_PRES_STAT,0,1594871343.0464554
CYL_PRES_STAT,0,1594871343.193527
CYL_PRES_STAT,0,1594871343.2139812
CYL_PRES_STAT,0,1594871343.23445
CYL_PRES_STAT,0,1594871343.243403
CYL_PRES_STAT,0,1594871343.255023
CYL_PRES_STAT,0,1594871343.2754726
CYL_PRES_STAT,0,1594871343.2962828
CYL_PRES_STAT,0,1594871343.3373551
CYL_PRES_STAT,0,1594871343.3777866
CYL_PRES_STAT,0,1594871343.418775
CYL_PRES_STAT,0,1594871343.480567
CYL_PRES_STAT,0,1594871343.492502
CYL_PRES_STAT,0,1594871343.50103
CYL_PRES_STAT,0,1594871343.525281
CYL_PRES_STAT,0,1594871343.5456626
CYL_PRES_STAT,0,1594871343.562817
CYL_PRES_STAT,0,1594871343.6071026
CYL_PRES_STAT,0,1594871343.627691
CYL_PRES_STAT,0,1594871343.7505891
CYL_PRES_STAT,0,1594871343.77154
CYL_PRES_STAT,0,1594871343.7923784
CYL_PRES_STAT,0,1594871343.812393
CYL_PRES_STAT,0,1594871343.853049
CYL_PRES_STAT,0,1594871343.8738306
CYL_PRES_STAT,0,1594871343.906175
CYL_PRES_STAT,0,1594871344.090857
CYL_PRES_STAT,0,1594871344.103143
CYL_PRES_STAT,0,1594871344.111292
CYL_PRES_STAT,0,1594871344.123211
CYL_PRES_STAT,0,1594871344.1436882
CYL_PRES_STAT,0,1594871344.152478
CYL_PRES_STAT,0,1594871344.1641688
CYL_PRES_STAT,0,1594871344.1847072
CYL_PRES_STAT,0,1594871344.2257938
CYL_PRES_STAT,0,1594871344.267082
CYL_PRES_STAT,0,1594871344.328468
CYL_PRES_STAT,0,1594871344.3729868
CYL_PRES_STAT,0,1594871344.3936908
CYL_PRES_STAT,0,1594871344.402116
CYL_PRES_STAT,0,1594871344.414242
CYL_PRES_STAT,0,1594871344.43453
CYL_PRES_STAT,0,1594871344.4755142
CYL_PRES_STAT,0,1594871344.484503
CYL_PRES_STAT,0,1594871344.495948
CYL_PRES_STAT,0,1594871344.516482
CYL_PRES_STAT,0,1594871344.5369651
CYL_PRES_STAT,0,1594871344.586586
CYL_PRES_STAT,0,1594871344.734077
CYL_PRES_STAT,0,1594871344.742146
CYL_PRES_STAT,0,1594871344.766232
CYL_PRES_STAT,0,1594871344.786748
CYL_PRES_STAT,0,1594871344.848177
CYL_PRES_STAT,0,1594871344.868638
CYL_PRES_STAT,0,1594871344.889084
CYL_PRES_STAT,0,1594871344.909707
CYL_PRES_STAT,0,1594871344.9181302
CYL_PRES_STAT,0,1594871344.995538
CYL_PRES_STAT,0,1594871345.000363
CYL_PRES_STAT,0,1594871345.01227
CYL_PRES_STAT,0,1594871345.033099
CYL_PRES_STAT,0,1594871345.053292
CYL_PRES_STAT,0,1594871345.0653062
CYL_PRES_STAT,0,1594871345.07411
CYL_PRES_STAT,0,1594871345.1147711
CYL_PRES_STAT,0,1594871345.135294
CYL_PRES_STAT,0,1594871345.155666
CYL_PRES_STAT,0,1594871345.176665
CYL_PRES_STAT,0,1594871345.1882172
CYL_PRES_STAT,0,1594871345.3034098
CYL_PRES_STAT,0,1594871345.323246
CYL_PRES_STAT,0,1594871345.3642292
CYL_PRES_STAT,0,1594871345.397232
CYL_PRES_STAT,0,1594871345.4257972
CYL_PRES_STAT,0,1594871345.4465802
CYL_PRES_STAT,0,1594871345.49946
CYL_PRES_STAT,0,1594871345.5198321
CYL_PRES_STAT,0,1594871345.528503
CYL_PRES_STAT,0,1594871345.569537
CYL_PRES_STAT,0,1594871345.6141946
CYL_PRES_STAT,0,1594871345.6345954
CYL_PRES_STAT,0,1594871345.6435454
CYL_PRES_STAT,0,1594871345.6551082
CYL_PRES_STAT,0,1594871345.684149
CYL_PRES_STAT,0,1594871345.6961071
CYL_PRES_STAT,0,1594871345.704393
CYL_PRES_STAT,0,1594871345.737279
CYL_PRES_STAT,0,1594871345.7656908
CYL_PRES_STAT,0,1594871345.892642
CYL_PRES_STAT,0,1594871345.9012556
CYL_PRES_STAT,0,1594871345.933641
CYL_PRES_STAT,0,1594871345.942281
CYL_PRES_STAT,0,1594871345.995115
CYL_PRES_STAT,0,1594871346.0036988
CYL_PRES_STAT,0,1594871346.056861
CYL_PRES_STAT,0,1594871346.068782
CYL_PRES_STAT,0,1594871346.1916008
CYL_PRES_STAT,0,1594871346.212148
CYL_PRES_STAT,0,1594871346.220618
CYL_PRES_STAT,0,1594871346.241172
CYL_PRES_STAT,0,1594871346.2531312
CYL_PRES_STAT,0,1594871346.294484
CYL_PRES_STAT,0,1594871346.318541
CYL_PRES_STAT,0,1594871346.335513
CYL_PRES_STAT,0,1594871346.3764699
CYL_PRES_STAT,0,1594871346.3882966
CYL_PRES_STAT,0,1594871346.396777
CYL_PRES_STAT,0,1594871346.429203
CYL_PRES_STAT,0,1594871346.4495552
CYL_PRES_STAT,0,1594871346.502773
CYL_PRES_STAT,0,1594871346.5232608
CYL_PRES_STAT,0,1594871346.532067
CYL_PRES_STAT,0,1594871346.5438411
CYL_PRES_STAT,0,1594871346.5524852
CYL_PRES_STAT,0,1594871346.6263008
CYL_PRES_STAT,0,1594871346.6380801
CYL_PRES_STAT,0,1594871346.646541
CYL_PRES_STAT,0,1594871346.6674054
CYL_PRES_STAT,0,1594871346.7609036
CYL_PRES_STAT,0,1594871346.781369
CYL_PRES_STAT,0,1594871346.7938151
CYL_PRES_STAT,0,1594871346.8105226
CYL_PRES_STAT,0,1594871346.8307722
CYL_PRES_STAT,0,1594871346.884181
CYL_PRES_STAT,0,1594871346.896117
CYL_PRES_STAT,0,1594871346.91729
CYL_PRES_STAT,0,1594871346.9249866
CYL_PRES_STAT,0,1594871346.937168
CYL_PRES_STAT,0,1594871346.9575448
CYL_PRES_STAT,0,1594871347.039527
CYL_PRES_STAT,0,1594871347.10103
CYL_PRES_STAT,0,1594871347.121425
CYL_PRES_STAT,0,1594871347.1337519
CYL_PRES_STAT,0,1594871347.16264
CYL_PRES_STAT,0,1594871347.1830988
CYL_PRES_STAT,0,1594871347.203702
CYL_PRES_STAT,0,1594871347.2482631
CYL_PRES_STAT,0,1594871347.2650561
CYL_PRES_STAT,0,1594871347.276937
CYL_PRES_STAT,0,1594871347.318033
CYL_PRES_STAT,0,1594871347.371312
CYL_PRES_STAT,0,1594871347.4123788
CYL_PRES_STAT,0,1594871347.4329891
CYL_PRES_STAT,0,1594871347.4536881
CYL_PRES_STAT,0,1594871347.465386
CYL_PRES_STAT,0,1594871347.485822
CYL_PRES_STAT,0,1594871347.498162
CYL_PRES_STAT,0,1594871347.514583
CYL_PRES_STAT,0,1594871347.535595
CYL_PRES_STAT,0,1594871347.547262
CYL_PRES_STAT,0,1594871347.556021
CYL_PRES_STAT,0,1594871347.71537
CYL_PRES_STAT,0,1594871347.764547
CYL_PRES_STAT,0,1594871347.785238
CYL_PRES_STAT,0,1594871347.797394
CYL_PRES_STAT,0,1594871347.8143349
CYL_PRES_STAT,0,1594871347.8258948
CYL_PRES_STAT,0,1594871347.8551369
CYL_PRES_STAT,0,1594871347.866868
CYL_PRES_STAT,0,1594871347.879123
CYL_PRES_STAT,0,1594871347.887588
CYL_PRES_STAT,0,1594871347.940425
CYL_PRES_STAT,0,1594871347.9492226
CYL_PRES_STAT,0,1594871347.969774
CYL_PRES_STAT,0,1594871348.0020092
CYL_PRES_STAT,0,1594871348.0435042
CYL_PRES_STAT,0,1594871348.0961769
CYL_PRES_STAT,0,1594871348.1288712
CYL_PRES_STAT,0,1594871348.137089
CYL_PRES_STAT,0,1594871348.1576009
CYL_PRES_STAT,0,1594871348.280693
CYL_PRES_STAT,0,1594871348.292777
CYL_PRES_STAT,0,1594871348.3218591
CYL_PRES_STAT,0,1594871348.34261
CYL_PRES_STAT,0,1594871348.362684
CYL_PRES_STAT,0,1594871348.386854
CYL_PRES_STAT,0,1594871348.4072769
CYL_PRES_STAT,0,1594871348.4278321
CYL_PRES_STAT,0,1594871348.44473
CYL_PRES_STAT,0,1594871348.4566119
CYL_PRES_STAT,0,1594871348.468847
CYL_PRES_STAT,0,1594871348.5917552
CYL_PRES_STAT,0,1594871348.6002882
CYL_PRES_STAT,0,1594871348.633234
CYL_PRES_STAT,0,1594871348.653266
CYL_PRES_STAT,0,1594871348.674091
CYL_PRES_STAT,0,1594871348.698147
CYL_PRES_STAT,0,1594871348.706559
CYL_PRES_STAT,0,1594871348.7146301
CYL_PRES_STAT,0,1594871348.756116
CYL_PRES_STAT,0,1594871348.776405
CYL_PRES_STAT,0,1594871348.788289
CYL_PRES_STAT,0,1594871348.829488
CYL_PRES_STAT,0,1594871348.9235651
CYL_PRES_STAT,0,1594871348.9440448
CYL_PRES_STAT,0,1594871348.964617
CYL_PRES_STAT,0,1594871348.984952
CYL_PRES_STAT,0,1594871348.993771
CYL_PRES_STAT,0,1594871349.01425
CYL_PRES_STAT,0,1594871349.025928
CYL_PRES_STAT,0,1594871349.0466368
CYL_PRES_STAT,0,1594871349.066994
CYL_PRES_STAT,0,1594871349.087316
CYL_PRES_STAT,0,1594871349.095974
CYL_PRES_STAT,0,1594871349.1285162
CYL_PRES_STAT,0,1594871349.1817222
CYL_PRES_STAT,0,1594871349.1900759
CYL_PRES_STAT,0,1594871349.210635
CYL_PRES_STAT,0,1594871349.2314339
CYL_PRES_STAT,0,1594871349.2756858
CYL_PRES_STAT,0,1594871349.284153
CYL_PRES_STAT,0,1594871349.2962294
CYL_PRES_STAT,0,1594871349.316858
CYL_PRES_STAT,0,1594871349.337318
CYL_PRES_STAT,0,1594871349.378099
CYL_PRES_STAT,0,1594871349.39873
CYL_PRES_STAT,0,1594871349.4395158
CYL_PRES_STAT,0,1594871349.480643
CYL_PRES_STAT,0,1594871349.533874
CYL_PRES_STAT,0,1594871349.5460966
CYL_PRES_STAT,0,1594871349.5542462
CYL_PRES_STAT,0,1594871349.5627801
CYL_PRES_STAT,0,1594871349.5836556
CYL_PRES_STAT,0,1594871349.6037602
CYL_PRES_STAT,0,1594871349.644722
CYL_PRES_STAT,0,1594871349.6655881
CYL_PRES_STAT,0,1594871349.677092
CYL_PRES_STAT,0,1594871349.709894
CYL_PRES_STAT,0,1594871349.7917259
CYL_PRES_STAT,0,1594871349.8124108
CYL_PRES_STAT,0,1594871349.833128
CYL_PRES_STAT,0,1594871349.853328
CYL_PRES_STAT,0,1594871349.8618722
CYL_PRES_STAT,0,1594871349.948072
CYL_PRES_STAT,0,1594871349.967869
CYL_PRES_STAT,0,1594871349.976726
CYL_PRES_STAT,0,1594871349.997181
CYL_PRES_STAT,0,1594871350.111396
CYL_PRES_STAT,0,1594871350.144052
CYL_PRES_STAT,0,1594871350.164583
CYL_PRES_STAT,0,1594871350.185034
CYL_PRES_STAT,0,1594871350.1935961
CYL_PRES_STAT,0,1594871350.20549
CYL_PRES_STAT,0,1594871350.226584
CYL_PRES_STAT,0,1594871350.267086
CYL_PRES_STAT,0,1594871350.279327
CYL_PRES_STAT,0,1594871350.287374
CYL_PRES_STAT,0,1594871350.2959738
CYL_PRES_STAT,0,1594871350.414315
CYL_PRES_STAT,0,1594871350.4314704
CYL_PRES_STAT,0,1594871350.4553359
CYL_PRES_STAT,0,1594871350.4757712
CYL_PRES_STAT,0,1594871350.525774
CYL_PRES_STAT,0,1594871350.537174
CYL_PRES_STAT,0,1594871350.5541039
CYL_PRES_STAT,0,1594871350.5660212
CYL_PRES_STAT,0,1594871350.578288
CYL_PRES_STAT,0,1594871350.59874
CYL_PRES_STAT,0,1594871350.709919
CYL_PRES_STAT,0,1594871350.721675
CYL_PRES_STAT,0,1594871350.774981
CYL_PRES_STAT,0,1594871350.783542
CYL_PRES_STAT,0,1594871350.8075466
CYL_PRES_STAT,0,1594871350.828043
CYL_PRES_STAT,0,1594871350.8567
CYL_PRES_STAT,0,1594871350.8652241
CYL_PRES_STAT,0,1594871350.909941
CYL_PRES_STAT,0,1594871350.959305
CYL_PRES_STAT,0,1594871350.971446
CYL_PRES_STAT,0,1594871351.0328374
CYL_PRES_STAT,0,1594871351.05332
CYL_PRES_STAT,0,1594871351.0737762
CYL_PRES_STAT,0,1594871351.0946374
CYL_PRES_STAT,0,1594871351.1066132
CYL_PRES_STAT,0,1594871351.1562722
CYL_PRES_STAT,0,1594871351.176377
CYL_PRES_STAT,0,1594871351.2993126
CYL_PRES_STAT,0,1594871351.3235168
CYL_PRES_STAT,0,1594871351.3440874
CYL_PRES_STAT,0,1594871351.356401
CYL_PRES_STAT,0,1594871351.405519
CYL_PRES_STAT,0,1594871351.4260051
CYL_PRES_STAT,0,1594871351.4345288
CYL_PRES_STAT,0,1594871351.446563
CYL_PRES_STAT,0,1594871351.467034
CYL_PRES_STAT,0,1594871351.60271
CYL_PRES_STAT,0,1594871351.611052
CYL_PRES_STAT,0,1594871351.6226518
CYL_PRES_STAT,0,1594871351.651698
CYL_PRES_STAT,0,1594871351.6723
CYL_PRES_STAT,0,1594871351.6840909
CYL_PRES_STAT,0,1594871351.696552
CYL_PRES_STAT,0,1594871351.716871
CYL_PRES_STAT,0,1594871351.7455318
CYL_PRES_STAT,0,1594871351.7577698
CYL_PRES_STAT,0,1594871351.778311
CYL_PRES_STAT,0,1594871351.7988524
CYL_PRES_STAT,0,1594871351.827614
CYL_PRES_STAT,0,1594871351.901281
CYL_PRES_STAT,0,1594871351.921702
CYL_PRES_STAT,0,1594871351.9339032
CYL_PRES_STAT,0,1594871352.015726
CYL_PRES_STAT,0,1594871352.036294
CYL_PRES_STAT,0,1594871352.106291
CYL_PRES_STAT,0,1594871352.212767
CYL_PRES_STAT,0,1594871352.2329109
CYL_PRES_STAT,0,1594871352.253334
CYL_PRES_STAT,0,1594871352.294382
CYL_PRES_STAT,0,1594871352.314869
CYL_PRES_STAT,0,1594871352.3475716
CYL_PRES_STAT,0,1594871352.4090679
CYL_PRES_STAT,0,1594871352.503144
CYL_PRES_STAT,0,1594871352.544344
CYL_PRES_STAT,0,1594871352.5524552
CYL_PRES_STAT,0,1594871352.5648482
CYL_PRES_STAT,0,1594871352.5852358
CYL_PRES_STAT,0,1594871352.594063
CYL_PRES_STAT,0,1594871352.605658
CYL_PRES_STAT,0,1594871352.626132
CYL_PRES_STAT,0,1594871352.634588
CYL_PRES_STAT,0,1594871352.667021
CYL_PRES_STAT,0,1594871352.6793642
CYL_PRES_STAT,0,1594871352.769742
CYL_PRES_STAT,0,1594871352.7902322
CYL_PRES_STAT,0,1594871352.8111732
CYL_PRES_STAT,0,1594871352.83492
CYL_PRES_STAT,0,1594871352.843994
CYL_PRES_STAT,0,1594871352.8518028
CYL_PRES_STAT,0,1594871352.8760462
CYL_PRES_STAT,0,1594871352.8963466
CYL_PRES_STAT,0,1594871352.9168682
CYL_PRES_STAT,0,1594871352.925749
CYL_PRES_STAT,0,1594871352.957798
CYL_PRES_STAT,0,1594871352.9784071
CYL_PRES_STAT,0,1594871353.1016018
CYL_PRES_STAT,0,1594871353.12238
CYL_PRES_STAT,0,1594871353.187229
CYL_PRES_STAT,0,1594871353.1918132
CYL_PRES_STAT,0,1594871353.2077188
CYL_PRES_STAT,0,1594871353.2158241
CYL_PRES_STAT,0,1594871353.224732
CYL_PRES_STAT,0,1594871353.24863
CYL_PRES_STAT,0,1594871353.2568939
CYL_PRES_STAT,0,1594871353.289533
CYL_PRES_STAT,0,1594871353.339138
CYL_PRES_STAT,0,1594871353.379897
CYL_PRES_STAT,0,1594871353.421116
CYL_PRES_STAT,0,1594871353.433059
CYL_PRES_STAT,0,1594871353.4535189
CYL_PRES_STAT,0,1594871353.5066712
CYL_PRES_STAT,0,1594871353.5148866
CYL_PRES_STAT,0,1594871353.5235069
CYL_PRES_STAT,0,1594871353.559813
CYL_PRES_STAT,0,1594871353.576768
CYL_PRES_STAT,0,1594871353.703253
CYL_PRES_STAT,0,1594871353.723861
CYL_PRES_STAT,0,1594871353.744205
CYL_PRES_STAT,0,1594871353.7524886
CYL_PRES_STAT,0,1594871353.764684
CYL_PRES_STAT,0,1594871353.7941642
CYL_PRES_STAT,0,1594871353.8056722
CYL_PRES_STAT,0,1594871353.826348
CYL_PRES_STAT,0,1594871353.83532
CYL_PRES_STAT,0,1594871353.8466759
CYL_PRES_STAT,0,1594871353.867053
CYL_PRES_STAT,0,1594871353.9490054
CYL_PRES_STAT,0,1594871354.002303
CYL_PRES_STAT,0,1594871354.0110028
CYL_PRES_STAT,0,1594871354.03128
CYL_PRES_STAT,0,1594871354.0722306
CYL_PRES_STAT,0,1594871354.084223
CYL_PRES_STAT,0,1594871354.1168694
CYL_PRES_STAT,0,1594871354.198844
CYL_PRES_STAT,0,1594871354.3428822
CYL_PRES_STAT,0,1594871354.366871
CYL_PRES_STAT,0,1594871354.375066
CYL_PRES_STAT,0,1594871354.383917
CYL_PRES_STAT,0,1594871354.428334
CYL_PRES_STAT,0,1594871354.444982
CYL_PRES_STAT,0,1594871354.4654698
CYL_PRES_STAT,0,1594871354.477616
CYL_PRES_STAT,0,1594871354.4861028
CYL_PRES_STAT,0,1594871354.497807
CYL_PRES_STAT,0,1594871354.5066938
CYL_PRES_STAT,0,1594871354.551132
CYL_PRES_STAT,0,1594871354.612819
CYL_PRES_STAT,0,1594871354.69487
CYL_PRES_STAT,0,1594871354.7159524
CYL_PRES_STAT,0,1594871354.723632
CYL_PRES_STAT,0,1594871354.739425
CYL_PRES_STAT,0,1594871354.7478056
CYL_PRES_STAT,0,1594871354.768162
CYL_PRES_STAT,0,1594871354.777225
CYL_PRES_STAT,0,1594871354.7973206
CYL_PRES_STAT,0,1594871354.90327
CYL_PRES_STAT,0,1594871354.944279
CYL_PRES_STAT,0,1594871354.964847
CYL_PRES_STAT,0,1594871354.985323
CYL_PRES_STAT,0,1594871355.00576
CYL_PRES_STAT,0,1594871355.026359
CYL_PRES_STAT,0,1594871355.034935
CYL_PRES_STAT,0,1594871355.0757902
CYL_PRES_STAT,0,1594871355.087732
CYL_PRES_STAT,0,1594871355.0962288
CYL_PRES_STAT,0,1594871355.108312
CYL_PRES_STAT,0,1594871355.1407628
CYL_PRES_STAT,0,1594871355.2434182
CYL_PRES_STAT,0,1594871355.255511
CYL_PRES_STAT,0,1594871355.272398
CYL_PRES_STAT,0,1594871355.316998
CYL_PRES_STAT,0,1594871355.325355
CYL_PRES_STAT,0,1594871355.3339386
CYL_PRES_STAT,0,1594871355.3580651
CYL_PRES_STAT,0,1594871355.3786318
CYL_PRES_STAT,0,1594871355.398937
CYL_PRES_STAT,0,1594871355.501405
CYL_PRES_STAT,0,1594871355.521811
CYL_PRES_STAT,0,1594871355.563216
CYL_PRES_STAT,0,1594871355.575139
CYL_PRES_STAT,0,1594871355.58352
CYL_PRES_STAT,0,1594871355.60422
CYL_PRES_STAT,0,1594871355.628254
CYL_PRES_STAT,0,1594871355.686236
CYL_PRES_STAT,0,1594871355.7065248
CYL_PRES_STAT,0,1594871355.718369
CYL_PRES_STAT,0,1594871355.7511098
CYL_PRES_STAT,0,1594871355.841702
CYL_PRES_STAT,0,1594871355.8535194
CYL_PRES_STAT,0,1594871355.8948524
CYL_PRES_STAT,0,1594871355.903383
CYL_PRES_STAT,0,1594871355.923774
CYL_PRES_STAT,0,1594871355.944107
CYL_PRES_STAT,0,1594871355.955955
CYL_PRES_STAT,0,1594871355.976585
CYL_PRES_STAT,0,1594871355.9886801
CYL_PRES_STAT,0,1594871356.123848
CYL_PRES_STAT,0,1594871356.144402
CYL_PRES_STAT,0,1594871356.1526618
CYL_PRES_STAT,0,1594871356.164774
CYL_PRES_STAT,0,1594871356.185353
CYL_PRES_STAT,0,1594871356.205833
CYL_PRES_STAT,0,1594871356.2263546
CYL_PRES_STAT,0,1594871356.2384882
CYL_PRES_STAT,0,1594871356.246822
CYL_PRES_STAT,0,1594871356.357934
CYL_PRES_STAT,0,1594871356.411099
CYL_PRES_STAT,0,1594871356.455561
CYL_PRES_STAT,0,1594871356.476088
CYL_PRES_STAT,0,1594871356.485091
CYL_PRES_STAT,0,1594871356.496553
CYL_PRES_STAT,0,1594871356.517094
CYL_PRES_STAT,0,1594871356.566289
CYL_PRES_STAT,0,1594871356.578462
CYL_PRES_STAT,0,1594871356.6605198
CYL_PRES_STAT,0,1594871356.6895502
CYL_PRES_STAT,0,1594871356.721953
CYL_PRES_STAT,0,1594871356.734189
CYL_PRES_STAT,0,1594871356.743158
CYL_PRES_STAT,0,1594871356.763467
CYL_PRES_STAT,0,1594871356.8161552
CYL_PRES_STAT,0,1594871356.824843
CYL_PRES_STAT,0,1594871356.845078
CYL_PRES_STAT,0,1594871356.9065752
CYL_PRES_STAT,0,1594871357.000619
CYL_PRES_STAT,0,1594871357.0127091
CYL_PRES_STAT,0,1594871357.033214
CYL_PRES_STAT,0,1594871357.074312
CYL_PRES_STAT,0,1594871357.094908
CYL_PRES_STAT,0,1594871357.1156971
CYL_PRES_STAT,0,1594871357.136169
CYL_PRES_STAT,0,1594871357.148024
CYL_PRES_STAT,0,1594871357.156075
CYL_PRES_STAT,0,1594871357.217515
CYL_PRES_STAT,0,1594871357.2999208
CYL_PRES_STAT,0,1594871357.3239279
CYL_PRES_STAT,0,1594871357.3444571
CYL_PRES_STAT,0,1594871357.352705
CYL_PRES_STAT,0,1594871357.3649511
CYL_PRES_STAT,0,1594871357.3853722
CYL_PRES_STAT,0,1594871357.393932
CYL_PRES_STAT,0,1594871357.405824
CYL_PRES_STAT,0,1594871357.4469206
CYL_PRES_STAT,0,1594871357.467298
CYL_PRES_STAT,0,1594871357.476243
CYL_PRES_STAT,0,1594871357.517104
CYL_PRES_STAT,0,1594871357.561641
CYL_PRES_STAT,0,1594871357.611142
CYL_PRES_STAT,0,1594871357.635185
CYL_PRES_STAT,0,1594871357.643492
CYL_PRES_STAT,0,1594871357.652163
CYL_PRES_STAT,0,1594871357.67274
CYL_PRES_STAT,0,1594871357.684342
CYL_PRES_STAT,0,1594871357.696882
CYL_PRES_STAT,0,1594871357.717247
CYL_PRES_STAT,0,1594871357.729553
CYL_PRES_STAT,0,1594871357.734122
CYL_PRES_STAT,0,1594871357.7582529
CYL_PRES_STAT,0,1594871357.7786179
CYL_PRES_STAT,0,1594871357.8194911
CYL_PRES_STAT,0,1594871357.9219232
CYL_PRES_STAT,0,1594871357.975242
CYL_PRES_STAT,0,1594871358.036603
CYL_PRES_STAT,0,1594871358.139034
CYL_PRES_STAT,0,1594871358.1680946
CYL_PRES_STAT,0,1594871358.200526
CYL_PRES_STAT,0,1594871358.2334342
CYL_PRES_STAT,0,1594871358.2537339
CYL_PRES_STAT,0,1594871358.2742321
CYL_PRES_STAT,0,1594871358.335777
CYL_PRES_STAT,0,1594871358.3561401
CYL_PRES_STAT,0,1594871358.3650694
CYL_PRES_STAT,0,1594871358.397216
CYL_PRES_STAT,0,1594871358.429942
CYL_PRES_STAT,0,1594871358.491321
CYL_PRES_STAT,0,1594871358.523988
CYL_PRES_STAT,0,1594871358.5409331
CYL_PRES_STAT,0,1594871358.585554
CYL_PRES_STAT,0,1594871358.6060214
CYL_PRES_STAT,0,1594871358.626476
CYL_PRES_STAT,0,1594871358.638717
CYL_PRES_STAT,0,1594871358.647156
CYL_PRES_STAT,0,1594871358.667376
CYL_PRES_STAT,0,1594871358.7784374
CYL_PRES_STAT,0,1594871358.7903109
CYL_PRES_STAT,0,1594871358.8109274
CYL_PRES_STAT,0,1594871358.835289
CYL_PRES_STAT,0,1594871358.843478
CYL_PRES_STAT,0,1594871358.8520162
CYL_PRES_STAT,0,1594871358.896868
CYL_PRES_STAT,0,1594871358.9134948
CYL_PRES_STAT,0,1594871358.958292
CYL_PRES_STAT,0,1594871358.9788976
CYL_PRES_STAT,0,1594871359.122272
CYL_PRES_STAT,0,1594871359.134353
CYL_PRES_STAT,0,1594871359.142577
CYL_PRES_STAT,0,1594871359.1630619
CYL_PRES_STAT,0,1594871359.1717172
CYL_PRES_STAT,0,1594871359.1834726
CYL_PRES_STAT,0,1594871359.204431
CYL_PRES_STAT,0,1594871359.2162614
CYL_PRES_STAT,0,1594871359.224981
CYL_PRES_STAT,0,1594871359.2981539
CYL_PRES_STAT,0,1594871359.4128554
CYL_PRES_STAT,0,1594871359.4333599
CYL_PRES_STAT,0,1594871359.4742248
CYL_PRES_STAT,0,1594871359.4828231
CYL_PRES_STAT,0,1594871359.494688
CYL_PRES_STAT,0,1594871359.515292
CYL_PRES_STAT,0,1594871359.53584
CYL_PRES_STAT,0,1594871359.544457
CYL_PRES_STAT,0,1594871359.7446258
CYL_PRES_STAT,0,1594871359.7855208
CYL_PRES_STAT,0,1594871359.8059158
CYL_PRES_STAT,0,1594871359.8674312
CYL_PRES_STAT,0,1594871360.023081
CYL_PRES_STAT,0,1594871360.043561
CYL_PRES_STAT,0,1594871360.0932622
CYL_PRES_STAT,0,1594871360.1135502
CYL_PRES_STAT,0,1594871360.137849
CYL_PRES_STAT,0,1594871360.1991758
CYL_PRES_STAT,0,1594871360.207417
CYL_PRES_STAT,0,1594871360.3105462
CYL_PRES_STAT,0,1594871360.3432992
CYL_PRES_STAT,0,1594871360.375445
CYL_PRES_STAT,0,1594871360.3841019
CYL_PRES_STAT,0,1594871360.412668
CYL_PRES_STAT,0,1594871360.4246762
CYL_PRES_STAT,0,1594871360.466208
CYL_PRES_STAT,0,1594871360.486524
CYL_PRES_STAT,0,1594871360.63342
CYL_PRES_STAT,0,1594871360.641741
CYL_PRES_STAT,0,1594871360.653826
CYL_PRES_STAT,0,1594871360.6743438
CYL_PRES_STAT,0,1594871360.694884
CYL_PRES_STAT,0,1594871360.715211
CYL_PRES_STAT,0,1594871360.7357252
CYL_PRES_STAT,0,1594871360.7562392
CYL_PRES_STAT,0,1594871360.765008
CYL_PRES_STAT,0,1594871360.7767632
CYL_PRES_STAT,0,1594871360.78895
CYL_PRES_STAT,0,1594871360.797517
CYL_PRES_STAT,0,1594871360.859324
CYL_PRES_STAT,0,1594871360.9001849
CYL_PRES_STAT,0,1594871360.920529
CYL_PRES_STAT,0,1594871360.932343
CYL_PRES_STAT,0,1594871361.0267
CYL_PRES_STAT,0,1594871361.047048
CYL_PRES_STAT,0,1594871361.076283
CYL_PRES_STAT,0,1594871361.0879881
CYL_PRES_STAT,0,1594871361.158124
CYL_PRES_STAT,0,1594871361.1903481
CYL_PRES_STAT,0,1594871361.2354848
CYL_PRES_STAT,0,1594871361.243584
CYL_PRES_STAT,0,1594871361.2522502
CYL_PRES_STAT,0,1594871361.272707
CYL_PRES_STAT,0,1594871361.296875
CYL_PRES_STAT,0,1594871361.31372
CYL_PRES_STAT,0,1594871361.3583689
CYL_PRES_STAT,0,1594871361.375512
CYL_PRES_STAT,0,1594871361.3955634
CYL_PRES_STAT,0,1594871361.4280288
CYL_PRES_STAT,0,1594871361.522659
CYL_PRES_STAT,0,1594871361.5344381
CYL_PRES_STAT,0,1594871361.563144
CYL_PRES_STAT,0,1594871361.604704
CYL_PRES_STAT,0,1594871361.616359
CYL_PRES_STAT,0,1594871361.628706
CYL_PRES_STAT,0,1594871361.6367474
CYL_PRES_STAT,0,1594871361.645392
CYL_PRES_STAT,0,1594871361.657282
CYL_PRES_STAT,0,1594871361.665973
CYL_PRES_STAT,0,1594871361.68609
CYL_PRES_STAT,0,1594871361.706975
CYL_PRES_STAT,0,1594871361.759673
CYL_PRES_STAT,0,1594871361.812878
CYL_PRES_STAT,0,1594871361.853985
CYL_PRES_STAT,0,1594871361.8745458
CYL_PRES_STAT,0,1594871361.915332
CYL_PRES_STAT,0,1594871361.935829
CYL_PRES_STAT,0,1594871361.948287
CYL_PRES_STAT,0,1594871362.100268
CYL_PRES_STAT,0,1594871362.1941571
CYL_PRES_STAT,0,1594871362.247299
CYL_PRES_STAT,0,1594871362.267597
CYL_PRES_STAT,0,1594871362.2759008
CYL_PRES_STAT,0,1594871362.29689
CYL_PRES_STAT,0,1594871362.308511
CYL_PRES_STAT,0,1594871362.4109519
CYL_PRES_STAT,0,1594871362.4320042
CYL_PRES_STAT,0,1594871362.4934568
CYL_PRES_STAT,0,1594871362.517441
CYL_PRES_STAT,0,1594871362.526352
CYL_PRES_STAT,0,1594871362.534678
CYL_PRES_STAT,0,1594871362.558452
CYL_PRES_STAT,0,1594871362.578839
CYL_PRES_STAT,0,1594871362.6484814
CYL_PRES_STAT,0,1594871362.6813262
CYL_PRES_STAT,0,1594871362.7631269
CYL_PRES_STAT,0,1594871362.771996
CYL_PRES_STAT,0,1594871362.783735
CYL_PRES_STAT,0,1594871362.8081589
CYL_PRES_STAT,0,1594871362.8127944
CYL_PRES_STAT,0,1594871362.8573132
CYL_PRES_STAT,0,1594871362.8660524
CYL_PRES_STAT,0,1594871362.886508
CYL_PRES_STAT,0,1594871362.9187741
CYL_PRES_STAT,0,1594871363.013066
CYL_PRES_STAT,0,1594871363.0335698
CYL_PRES_STAT,0,1594871363.0540328
CYL_PRES_STAT,0,1594871363.074552
CYL_PRES_STAT,0,1594871363.083168
CYL_PRES_STAT,0,1594871363.115351
CYL_PRES_STAT,0,1594871363.1359189
CYL_PRES_STAT,0,1594871363.156438
CYL_PRES_STAT,0,1594871363.176914
CYL_PRES_STAT,0,1594871363.189
CYL_PRES_STAT,0,1594871363.197381
CYL_PRES_STAT,0,1594871363.332586
CYL_PRES_STAT,0,1594871363.365393
CYL_PRES_STAT,0,1594871363.406112
CYL_PRES_STAT,0,1594871363.4267268
CYL_PRES_STAT,0,1594871363.435761
CYL_PRES_STAT,0,1594871363.447212
CYL_PRES_STAT,0,1594871363.4882052
CYL_PRES_STAT,0,1594871363.508788
CYL_PRES_STAT,0,1594871363.516843
CYL_PRES_STAT,0,1594871363.602827
CYL_PRES_STAT,0,1594871363.631916
CYL_PRES_STAT,0,1594871363.652436
CYL_PRES_STAT,0,1594871363.672742
CYL_PRES_STAT,0,1594871363.68482
CYL_PRES_STAT,0,1594871363.693085
CYL_PRES_STAT,0,1594871363.705197
CYL_PRES_STAT,0,1594871363.7380419
CYL_PRES_STAT,0,1594871363.754853
CYL_PRES_STAT,0,1594871363.7667358
CYL_PRES_STAT,0,1594871363.77895
CYL_PRES_STAT,0,1594871363.869131
CYL_PRES_STAT,0,1594871363.8812802
CYL_PRES_STAT,0,1594871363.9345238
CYL_PRES_STAT,0,1594871363.963246
CYL_PRES_STAT,0,1594871364.016649
CYL_PRES_STAT,0,1594871364.0573552
CYL_PRES_STAT,0,1594871364.065944
CYL_PRES_STAT,0,1594871364.0864792
CYL_PRES_STAT,0,1594871364.094769
CYL_PRES_STAT,0,1594871364.1275651
CYL_PRES_STAT,0,1594871364.254179
CYL_PRES_STAT,0,1594871364.2629302
CYL_PRES_STAT,0,1594871364.274646
CYL_PRES_STAT,0,1594871364.3156269
CYL_PRES_STAT,0,1594871364.376982
CYL_PRES_STAT,0,1594871364.397425
CYL_PRES_STAT,0,1594871364.45914
CYL_PRES_STAT,0,1594871364.491544
CYL_PRES_STAT,0,1594871364.544884
CYL_PRES_STAT,0,1594871364.5653539
CYL_PRES_STAT,0,1594871364.5857391
CYL_PRES_STAT,0,1594871364.5940561
CYL_PRES_STAT,0,1594871364.602705
CYL_PRES_STAT,0,1594871364.626775
CYL_PRES_STAT,0,1594871364.647298
CYL_PRES_STAT,0,1594871364.6676962
CYL_PRES_STAT,0,1594871364.676346
CYL_PRES_STAT,0,1594871364.688299
CYL_PRES_STAT,0,1594871364.708776
CYL_PRES_STAT,0,1594871364.811523
CYL_PRES_STAT,0,1594871364.8321881
CYL_PRES_STAT,0,1594871364.843837
CYL_PRES_STAT,0,1594871364.872849
CYL_PRES_STAT,0,1594871364.893882
CYL_PRES_STAT,0,1594871364.91417
CYL_PRES_STAT,0,1594871364.925745
CYL_PRES_STAT,0,1594871364.934301
CYL_PRES_STAT,0,1594871364.958605
CYL_PRES_STAT,0,1594871365.061065
CYL_PRES_STAT,0,1594871365.090128
CYL_PRES_STAT,0,1594871365.122297
CYL_PRES_STAT,0,1594871365.1428502
CYL_PRES_STAT,0,1594871365.1633446
CYL_PRES_STAT,0,1594871365.1755874
CYL_PRES_STAT,0,1594871365.2047892
CYL_PRES_STAT,0,1594871365.2456908
CYL_PRES_STAT,0,1594871365.257498
CYL_PRES_STAT,0,1594871365.26615
CYL_PRES_STAT,0,1594871365.2862852
CYL_PRES_STAT,0,1594871365.307151
CYL_PRES_STAT,0,1594871365.3394408
CYL_PRES_STAT,0,1594871365.413179
CYL_PRES_STAT,0,1594871365.421814
CYL_PRES_STAT,0,1594871365.433701
CYL_PRES_STAT,0,1594871365.4541838
CYL_PRES_STAT,0,1594871365.474625
CYL_PRES_STAT,0,1594871365.507294
CYL_PRES_STAT,0,1594871365.515861
CYL_PRES_STAT,0,1594871365.5360024
CYL_PRES_STAT,0,1594871365.5565119
CYL_PRES_STAT,0,1594871365.577065
CYL_PRES_STAT,0,1594871365.589186
CYL_PRES_STAT,0,1594871365.671216
CYL_PRES_STAT,0,1594871365.753181
CYL_PRES_STAT,0,1594871365.761724
CYL_PRES_STAT,0,1594871365.7858288
CYL_PRES_STAT,0,1594871365.8063712
CYL_PRES_STAT,0,1594871365.855524
CYL_PRES_STAT,0,1594871365.867802
CYL_PRES_STAT,0,1594871365.8760688
CYL_PRES_STAT,0,1594871365.888216
CYL_PRES_STAT,0,1594871365.958348
CYL_PRES_STAT,0,1594871365.970206
CYL_PRES_STAT,0,1594871366.011144
CYL_PRES_STAT,0,1594871366.052705
CYL_PRES_STAT,0,1594871366.076822
CYL_PRES_STAT,0,1594871366.084954
CYL_PRES_STAT,0,1594871366.1345751
CYL_PRES_STAT,0,1594871366.154909
CYL_PRES_STAT,0,1594871366.1674302
CYL_PRES_STAT,0,1594871366.248971
CYL_PRES_STAT,0,1594871366.322454
CYL_PRES_STAT,0,1594871366.3346221
CYL_PRES_STAT,0,1594871366.343062
CYL_PRES_STAT,0,1594871366.3843331
CYL_PRES_STAT,0,1594871366.404441
CYL_PRES_STAT,0,1594871366.4130206
CYL_PRES_STAT,0,1594871366.425129
CYL_PRES_STAT,0,1594871366.445742
CYL_PRES_STAT,0,1594871366.466367
CYL_PRES_STAT,0,1594871366.5070848
CYL_PRES_STAT,0,1594871366.6338072
CYL_PRES_STAT,0,1594871366.642015
CYL_PRES_STAT,0,1594871366.654159
CYL_PRES_STAT,0,1594871366.662497
CYL_PRES_STAT,0,1594871366.674708
CYL_PRES_STAT,0,1594871366.695215
CYL_PRES_STAT,0,1594871366.7155242
CYL_PRES_STAT,0,1594871366.7652216
CYL_PRES_STAT,0,1594871366.920948
CYL_PRES_STAT,0,1594871366.941675
CYL_PRES_STAT,0,1594871366.9655118
CYL_PRES_STAT,0,1594871366.985877
CYL_PRES_STAT,0,1594871367.0269449
CYL_PRES_STAT,0,1594871367.0473974
CYL_PRES_STAT,0,1594871367.067837
CYL_PRES_STAT,0,1594871367.088372
CYL_PRES_STAT,0,1594871367.1907132
CYL_PRES_STAT,0,1594871367.2112498
CYL_PRES_STAT,0,1594871367.219775
CYL_PRES_STAT,0,1594871367.2729619
CYL_PRES_STAT,0,1594871367.2942288
CYL_PRES_STAT,0,1594871367.314075
CYL_PRES_STAT,0,1594871367.325941
CYL_PRES_STAT,0,1594871367.355177
CYL_PRES_STAT,0,1594871367.395962
CYL_PRES_STAT,0,1594871367.407825
CYL_PRES_STAT,0,1594871367.448894
CYL_PRES_STAT,0,1594871367.543568
CYL_PRES_STAT,0,1594871367.563966
CYL_PRES_STAT,0,1594871367.5839882
CYL_PRES_STAT,0,1594871367.6044831
CYL_PRES_STAT,0,1594871367.645982
CYL_PRES_STAT,0,1594871367.665886
CYL_PRES_STAT,0,1594871367.6867454
CYL_PRES_STAT,0,1594871367.809599
CYL_PRES_STAT,0,1594871367.825568
CYL_PRES_STAT,0,1594871367.830073
CYL_PRES_STAT,0,1594871367.854275
CYL_PRES_STAT,0,1594871367.89523
CYL_PRES_STAT,0,1594871367.90381
CYL_PRES_STAT,0,1594871367.923988
CYL_PRES_STAT,0,1594871368.018184
CYL_PRES_STAT,0,1594871368.145144
CYL_PRES_STAT,0,1594871368.1532938
CYL_PRES_STAT,0,1594871368.165482
CYL_PRES_STAT,0,1594871368.186003
CYL_PRES_STAT,0,1594871368.2065148
CYL_PRES_STAT,0,1594871368.214887
CYL_PRES_STAT,0,1594871368.223401
CYL_PRES_STAT,0,1594871368.3788989
CYL_PRES_STAT,0,1594871368.432539
CYL_PRES_STAT,0,1594871368.460799
CYL_PRES_STAT,0,1594871368.4727788
CYL_PRES_STAT,0,1594871368.484994
CYL_PRES_STAT,0,1594871368.493396
CYL_PRES_STAT,0,1594871368.534647
CYL_PRES_STAT,0,1594871368.5752711
CYL_PRES_STAT,0,1594871368.5959802
CYL_PRES_STAT,0,1594871368.620085
CYL_PRES_STAT,0,1594871368.71034
CYL_PRES_STAT,0,1594871368.722494
CYL_PRES_STAT,0,1594871368.731528
CYL_PRES_STAT,0,1594871368.743049
CYL_PRES_STAT,0,1594871368.7840369
CYL_PRES_STAT,0,1594871368.8045802
CYL_PRES_STAT,0,1594871368.8166711
CYL_PRES_STAT,0,1594871368.825373
CYL_PRES_STAT,0,1594871368.8460948
CYL_PRES_STAT,0,1594871369.0011454
CYL_PRES_STAT,0,1594871369.033702
CYL_PRES_STAT,0,1594871369.063039
CYL_PRES_STAT,0,1594871369.0952
CYL_PRES_STAT,0,1594871369.1856
CYL_PRES_STAT,0,1594871369.2062864
CYL_PRES_STAT,0,1594871369.2917774
CYL_PRES_STAT,0,1594871369.3123252
CYL_PRES_STAT,0,1594871369.3210912
CYL_PRES_STAT,0,1594871369.3415942
CYL_PRES_STAT,0,1594871369.3619099
CYL_PRES_STAT,0,1594871369.3826725
CYL_PRES_STAT,0,1594871369.406497
CYL_PRES_STAT,0,1594871369.427181
CYL_PRES_STAT,0,1594871369.435297
CYL_PRES_STAT,0,1594871369.447555
CYL_PRES_STAT,0,1594871369.4680061
CYL_PRES_STAT,0,1594871369.476816
CYL_PRES_STAT,0,1594871369.488466
CYL_PRES_STAT,0,1594871369.5171301
CYL_PRES_STAT,0,1594871369.578912
CYL_PRES_STAT,0,1594871369.590848
CYL_PRES_STAT,0,1594871369.611436
CYL_PRES_STAT,0,1594871369.693396
CYL_PRES_STAT,0,1594871369.71443
CYL_PRES_STAT,0,1594871369.726113
CYL_PRES_STAT,0,1594871369.7382529
CYL_PRES_STAT,0,1594871369.796036
CYL_PRES_STAT,0,1594871369.8079991
CYL_PRES_STAT,0,1594871369.902076
CYL_PRES_STAT,0,1594871370.046154
CYL_PRES_STAT,0,1594871370.057806
CYL_PRES_STAT,0,1594871370.0660949
CYL_PRES_STAT,0,1594871370.074718
CYL_PRES_STAT,0,1594871370.0865269
CYL_PRES_STAT,0,1594871370.1074948
CYL_PRES_STAT,0,1594871370.180842
CYL_PRES_STAT,0,1594871370.201112
CYL_PRES_STAT,0,1594871370.2216609
CYL_PRES_STAT,0,1594871370.295365
CYL_PRES_STAT,0,1594871370.304003
CYL_PRES_STAT,0,1594871370.315958
CYL_PRES_STAT,0,1594871370.3362932
CYL_PRES_STAT,0,1594871370.356798
CYL_PRES_STAT,0,1594871370.377332
CYL_PRES_STAT,0,1594871370.4182742
CYL_PRES_STAT,0,1594871370.5002294
CYL_PRES_STAT,0,1594871370.541575
CYL_PRES_STAT,0,1594871370.553422
CYL_PRES_STAT,0,1594871370.565701
CYL_PRES_STAT,0,1594871370.5861492
CYL_PRES_STAT,0,1594871370.6067429
CYL_PRES_STAT,0,1594871370.6680598
CYL_PRES_STAT,0,1594871370.6884198
CYL_PRES_STAT,0,1594871370.709069
CYL_PRES_STAT,0,1594871370.71723
CYL_PRES_STAT,0,1594871370.831957
CYL_PRES_STAT,0,1594871370.8525
CYL_PRES_STAT,0,1594871370.872889
CYL_PRES_STAT,0,1594871370.917856
CYL_PRES_STAT,0,1594871370.934665
CYL_PRES_STAT,0,1594871370.955172
CYL_PRES_STAT,0,1594871370.967055
CYL_PRES_STAT,0,1594871370.9759731
CYL_PRES_STAT,0,1594871370.9961991
CYL_PRES_STAT,0,1594871371.078072
CYL_PRES_STAT,0,1594871371.16369
CYL_PRES_STAT,0,1594871371.184653
CYL_PRES_STAT,0,1594871371.204934
CYL_PRES_STAT,0,1594871371.217079
CYL_PRES_STAT,0,1594871371.225665
CYL_PRES_STAT,0,1594871371.246289
CYL_PRES_STAT,0,1594871371.298933
CYL_PRES_STAT,0,1594871371.307585
CYL_PRES_STAT,0,1594871371.348352
CYL_PRES_STAT,0,1594871371.3893561
CYL_PRES_STAT,0,1594871371.421672
CYL_PRES_STAT,0,1594871371.4302711
CYL_PRES_STAT,0,1594871371.454426
CYL_PRES_STAT,0,1594871371.4627562
CYL_PRES_STAT,0,1594871371.474914
CYL_PRES_STAT,0,1594871371.4954462
CYL_PRES_STAT,0,1594871371.544961
CYL_PRES_STAT,0,1594871371.5568054
CYL_PRES_STAT,0,1594871371.577315
CYL_PRES_STAT,0,1594871371.585957
CYL_PRES_STAT,0,1594871371.597764
CYL_PRES_STAT,0,1594871371.692052
CYL_PRES_STAT,0,1594871371.7002552
CYL_PRES_STAT,0,1594871371.7128599
CYL_PRES_STAT,0,1594871371.745148
CYL_PRES_STAT,0,1594871371.762112
CYL_PRES_STAT,0,1594871371.7951062
CYL_PRES_STAT,0,1594871371.8030431
CYL_PRES_STAT,0,1594871371.827108
CYL_PRES_STAT,0,1594871371.844066
CYL_PRES_STAT,0,1594871371.8558476
CYL_PRES_STAT,0,1594871371.888525
CYL_PRES_STAT,0,1594871371.9793632
CYL_PRES_STAT,0,1594871372.011507
CYL_PRES_STAT,0,1594871372.0728252
CYL_PRES_STAT,0,1594871372.0813198
CYL_PRES_STAT,0,1594871372.09374
CYL_PRES_STAT,0,1594871372.117943
CYL_PRES_STAT,0,1594871372.126522
CYL_PRES_STAT,0,1594871372.13505
CYL_PRES_STAT,0,1594871372.179395
CYL_PRES_STAT,0,1594871372.343287
CYL_PRES_STAT,0,1594871372.364516
CYL_PRES_STAT,0,1594871372.376238
CYL_PRES_STAT,0,1594871372.3842182
CYL_PRES_STAT,0,1594871372.425215
CYL_PRES_STAT,0,1594871372.445752
CYL_PRES_STAT,0,1594871372.454304
CYL_PRES_STAT,0,1594871372.4660964
CYL_PRES_STAT,0,1594871372.486976
CYL_PRES_STAT,0,1594871372.601268
CYL_PRES_STAT,0,1594871372.613651
CYL_PRES_STAT,0,1594871372.622167
CYL_PRES_STAT,0,1594871372.6305249
CYL_PRES_STAT,0,1594871372.6752386
CYL_PRES_STAT,0,1594871372.6955721
CYL_PRES_STAT,0,1594871372.704161
CYL_PRES_STAT,0,1594871372.7161279
CYL_PRES_STAT,0,1594871372.7365088
CYL_PRES_STAT,0,1594871372.757442
CYL_PRES_STAT,0,1594871372.7774081
CYL_PRES_STAT,0,1594871372.806396
CYL_PRES_STAT,0,1594871372.818326
CYL_PRES_STAT,0,1594871372.945318
CYL_PRES_STAT,0,1594871372.9657571
CYL_PRES_STAT,0,1594871372.9862988
CYL_PRES_STAT,0,1594871373.00667
CYL_PRES_STAT,0,1594871373.023751
CYL_PRES_STAT,0,1594871373.068209
CYL_PRES_STAT,0,1594871373.084966
CYL_PRES_STAT,0,1594871373.1053991
CYL_PRES_STAT,0,1594871373.21155
CYL_PRES_STAT,0,1594871373.232109
CYL_PRES_STAT,0,1594871373.2527502
CYL_PRES_STAT,0,1594871373.2730632
CYL_PRES_STAT,0,1594871373.314496
CYL_PRES_STAT,0,1594871373.334882
CYL_PRES_STAT,0,1594871373.3591821
CYL_PRES_STAT,0,1594871373.37609
CYL_PRES_STAT,0,1594871373.39654
CYL_PRES_STAT,0,1594871373.4695039
CYL_PRES_STAT,0,1594871373.510564
CYL_PRES_STAT,0,1594871373.5227454
CYL_PRES_STAT,0,1594871373.563808
CYL_PRES_STAT,0,1594871373.5842302
CYL_PRES_STAT,0,1594871373.604735
CYL_PRES_STAT,0,1594871373.617045
CYL_PRES_STAT,0,1594871373.6258788
CYL_PRES_STAT,0,1594871373.73983
CYL_PRES_STAT,0,1594871373.748379
CYL_PRES_STAT,0,1594871373.830625
CYL_PRES_STAT,0,1594871373.842549
CYL_PRES_STAT,0,1594871373.851114
CYL_PRES_STAT,0,1594871373.862847
CYL_PRES_STAT,0,1594871373.8751712
CYL_PRES_STAT,0,1594871373.895679
CYL_PRES_STAT,0,1594871373.932926
CYL_PRES_STAT,0,1594871373.973897
CYL_PRES_STAT,0,1594871374.006718
CYL_PRES_STAT,0,1594871374.047668
CYL_PRES_STAT,0,1594871374.112708
CYL_PRES_STAT,0,1594871374.12129
CYL_PRES_STAT,0,1594871374.141647
CYL_PRES_STAT,0,1594871374.1829119
CYL_PRES_STAT,0,1594871374.1947231
CYL_PRES_STAT,0,1594871374.206687
CYL_PRES_STAT,0,1594871374.227365
CYL_PRES_STAT,0,1594871374.44449
CYL_PRES_STAT,0,1594871374.452982
CYL_PRES_STAT,0,1594871374.473381
CYL_PRES_STAT,0,1594871374.4977448
CYL_PRES_STAT,0,1594871374.5180511
CYL_PRES_STAT,0,1594871374.526253
CYL_PRES_STAT,0,1594871374.576071
CYL_PRES_STAT,0,1594871374.5960374
CYL_PRES_STAT,0,1594871374.6171222
CYL_PRES_STAT,0,1594871374.6492891
CYL_PRES_STAT,0,1594871374.669672
CYL_PRES_STAT,0,1594871374.7228546
CYL_PRES_STAT,0,1594871374.743394
CYL_PRES_STAT,0,1594871374.7516801
CYL_PRES_STAT,0,1594871374.76386
CYL_PRES_STAT,0,1594871374.7724721
CYL_PRES_STAT,0,1594871374.784344
CYL_PRES_STAT,0,1594871374.813596
CYL_PRES_STAT,0,1594871374.82531
CYL_PRES_STAT,0,1594871374.854481
CYL_PRES_STAT,0,1594871374.88727
CYL_PRES_STAT,0,1594871374.915796
CYL_PRES_STAT,0,1594871374.9687269
CYL_PRES_STAT,0,1594871374.9895089
CYL_PRES_STAT,0,1594871375.009963
CYL_PRES_STAT,0,1594871375.03071
CYL_PRES_STAT,0,1594871375.075208
CYL_PRES_STAT,0,1594871375.0955858
CYL_PRES_STAT,0,1594871375.116108
CYL_PRES_STAT,0,1594871375.136607
CYL_PRES_STAT,0,1594871375.1570358
CYL_PRES_STAT,0,1594871375.18605
CYL_PRES_STAT,0,1594871375.198039
CYL_PRES_STAT,0,1594871375.3413918
CYL_PRES_STAT,0,1594871375.35408
CYL_PRES_STAT,0,1594871375.362205
CYL_PRES_STAT,0,1594871375.382657
CYL_PRES_STAT,0,1594871375.4031868
CYL_PRES_STAT,0,1594871375.447859
CYL_PRES_STAT,0,1594871375.4647288
CYL_PRES_STAT,0,1594871375.4852226
CYL_PRES_STAT,0,1594871375.538016
CYL_PRES_STAT,0,1594871375.579036
CYL_PRES_STAT,0,1594871375.61163
CYL_PRES_STAT,0,1594871375.632906
CYL_PRES_STAT,0,1594871375.652648
CYL_PRES_STAT,0,1594871375.673146
CYL_PRES_STAT,0,1594871375.682188
CYL_PRES_STAT,0,1594871375.702323
CYL_PRES_STAT,0,1594871375.714317
CYL_PRES_STAT,0,1594871375.735028
CYL_PRES_STAT,0,1594871375.7554061
CYL_PRES_STAT,0,1594871375.767391
CYL_PRES_STAT,0,1594871375.7966886
CYL_PRES_STAT,0,1594871375.808382
CYL_PRES_STAT,0,1594871375.828756
CYL_PRES_STAT,0,1594871375.9193
CYL_PRES_STAT,0,1594871376.017175
CYL_PRES_STAT,0,1594871376.046122
CYL_PRES_STAT,0,1594871376.086912
CYL_PRES_STAT,0,1594871376.095459
CYL_PRES_STAT,0,1594871376.107303
CYL_PRES_STAT,0,1594871376.1688662
CYL_PRES_STAT,0,1594871376.2102046
CYL_PRES_STAT,0,1594871376.230765
CYL_PRES_STAT,0,1594871376.254663
CYL_PRES_STAT,0,1594871376.27527
CYL_PRES_STAT,0,1594871376.2958288
CYL_PRES_STAT,0,1594871376.336672
CYL_PRES_STAT,0,1594871376.344888
CYL_PRES_STAT,0,1594871376.357034
CYL_PRES_STAT,0,1594871376.3652852
CYL_PRES_STAT,0,1594871376.385827
CYL_PRES_STAT,0,1594871376.398237
CYL_PRES_STAT,0,1594871376.418585
CYL_PRES_STAT,0,1594871376.500501
CYL_PRES_STAT,0,1594871376.512883
CYL_PRES_STAT,0,1594871376.521033
CYL_PRES_STAT,0,1594871376.541462
CYL_PRES_STAT,0,1594871376.5947578
CYL_PRES_STAT,0,1594871376.6069741
CYL_PRES_STAT,0,1594871376.6274679
CYL_PRES_STAT,0,1594871376.647984
CYL_PRES_STAT,0,1594871376.664979
CYL_PRES_STAT,0,1594871376.676602
CYL_PRES_STAT,0,1594871376.6851768
CYL_PRES_STAT,0,1594871376.705863
CYL_PRES_STAT,0,1594871376.738048
CYL_PRES_STAT,0,1594871376.832175
CYL_PRES_STAT,0,1594871376.85303
CYL_PRES_STAT,0,1594871376.873163
CYL_PRES_STAT,0,1594871376.893738
CYL_PRES_STAT,0,1594871376.914168
CYL_PRES_STAT,0,1594871376.9554632
CYL_PRES_STAT,0,1594871376.97594
CYL_PRES_STAT,0,1594871376.996369
CYL_PRES_STAT,0,1594871377.01723
CYL_PRES_STAT,0,1594871377.122924
CYL_PRES_STAT,0,1594871377.172693
CYL_PRES_STAT,0,1594871377.18446
CYL_PRES_STAT,0,1594871377.2255359
CYL_PRES_STAT,0,1594871377.2462974
CYL_PRES_STAT,0,1594871377.258312
CYL_PRES_STAT,0,1594871377.2668748
CYL_PRES_STAT,0,1594871377.275083
CYL_PRES_STAT,0,1594871377.286952
CYL_PRES_STAT,0,1594871377.307344
CYL_PRES_STAT,0,1594871377.3810198
CYL_PRES_STAT,0,1594871377.4101498
CYL_PRES_STAT,0,1594871377.430541
CYL_PRES_STAT,0,1594871377.4752429
CYL_PRES_STAT,0,1594871377.4957368
CYL_PRES_STAT,0,1594871377.5044699
CYL_PRES_STAT,0,1594871377.5163481
CYL_PRES_STAT,0,1594871377.536826
CYL_PRES_STAT,0,1594871377.557204
CYL_PRES_STAT,0,1594871377.5862908
CYL_PRES_STAT,0,1594871377.598197
CYL_PRES_STAT,0,1594871377.6185858
CYL_PRES_STAT,0,1594871377.647678
CYL_PRES_STAT,0,1594871377.659588
CYL_PRES_STAT,0,1594871377.6801212
CYL_PRES_STAT,0,1594871377.709441
CYL_PRES_STAT,0,1594871377.753789
CYL_PRES_STAT,0,1594871377.7865431
CYL_PRES_STAT,0,1594871377.803444
CYL_PRES_STAT,0,1594871377.83569
CYL_PRES_STAT,0,1594871377.8648992
CYL_PRES_STAT,0,1594871377.876603
CYL_PRES_STAT,0,1594871377.926466
CYL_PRES_STAT,0,1594871378.008287
CYL_PRES_STAT,0,1594871378.032375
CYL_PRES_STAT,0,1594871378.0528
CYL_PRES_STAT,0,1594871378.0938098
CYL_PRES_STAT,0,1594871378.114465
CYL_PRES_STAT,0,1594871378.1353052
CYL_PRES_STAT,0,1594871378.1551561
CYL_PRES_STAT,0,1594871378.167518
CYL_PRES_STAT,0,1594871378.1964624
CYL_PRES_STAT,0,1594871378.217074
CYL_PRES_STAT,0,1594871378.364074
CYL_PRES_STAT,0,1594871378.3845391
CYL_PRES_STAT,0,1594871378.405066
CYL_PRES_STAT,0,1594871378.4173062
CYL_PRES_STAT,0,1594871378.4255412
CYL_PRES_STAT,0,1594871378.454626
CYL_PRES_STAT,0,1594871378.466815
CYL_PRES_STAT,0,1594871378.486986
CYL_PRES_STAT,0,1594871378.4957118
CYL_PRES_STAT,0,1594871378.560692
CYL_PRES_STAT,0,1594871378.630719
CYL_PRES_STAT,0,1594871378.65127
CYL_PRES_STAT,0,1594871378.663049
CYL_PRES_STAT,0,1594871378.6755419
CYL_PRES_STAT,0,1594871378.692376
CYL_PRES_STAT,0,1594871378.736743
CYL_PRES_STAT,0,1594871378.745135
CYL_PRES_STAT,0,1594871378.753561
CYL_PRES_STAT,0,1594871378.7982988
CYL_PRES_STAT,0,1594871378.818733
CYL_PRES_STAT,0,1594871378.941679
CYL_PRES_STAT,0,1594871378.9502046
CYL_PRES_STAT,0,1594871378.9832618
CYL_PRES_STAT,0,1594871379.006995
CYL_PRES_STAT,0,1594871379.0151892
CYL_PRES_STAT,0,1594871379.023519
CYL_PRES_STAT,0,1594871379.0444686
CYL_PRES_STAT,0,1594871379.068486
CYL_PRES_STAT,0,1594871379.105726
CYL_PRES_STAT,0,1594871379.1266859
CYL_PRES_STAT,0,1594871379.158794
CYL_PRES_STAT,0,1594871379.2323148
CYL_PRES_STAT,0,1594871379.24106
CYL_PRES_STAT,0,1594871379.2528386
CYL_PRES_STAT,0,1594871379.2733
CYL_PRES_STAT,0,1594871379.2941608
CYL_PRES_STAT,0,1594871379.3143098
CYL_PRES_STAT,0,1594871379.322985
CYL_PRES_STAT,0,1594871379.334791
CYL_PRES_STAT,0,1594871379.355517
CYL_PRES_STAT,0,1594871379.375774
CYL_PRES_STAT,0,1594871379.3962822
CYL_PRES_STAT,0,1594871379.408585
CYL_PRES_STAT,0,1594871379.4171689
CYL_PRES_STAT,0,1594871379.543582
CYL_PRES_STAT,0,1594871379.564095
CYL_PRES_STAT,0,1594871379.5723786
CYL_PRES_STAT,0,1594871379.6052194
CYL_PRES_STAT,0,1594871379.6255202
CYL_PRES_STAT,0,1594871379.65851
CYL_PRES_STAT,0,1594871379.6669269
CYL_PRES_STAT,0,1594871379.68703
CYL_PRES_STAT,0,1594871379.707607
CYL_PRES_STAT,0,1594871379.727977
CYL_PRES_STAT,0,1594871379.7812052
CYL_PRES_STAT,0,1594871379.801693
CYL_PRES_STAT,0,1594871379.8426306
CYL_PRES_STAT,0,1594871379.883553
CYL_PRES_STAT,0,1594871379.892291
CYL_PRES_STAT,0,1594871379.904151
CYL_PRES_STAT,0,1594871379.9128869
CYL_PRES_STAT,0,1594871379.986397
CYL_PRES_STAT,0,1594871380.0270119
CYL_PRES_STAT,0,1594871380.1299891
CYL_PRES_STAT,0,1594871380.1626492
CYL_PRES_STAT,0,1594871380.1833858
CYL_PRES_STAT,0,1594871380.203136
CYL_PRES_STAT,0,1594871380.2153542
CYL_PRES_STAT,0,1594871380.2359838
CYL_PRES_STAT,0,1594871380.264863
CYL_PRES_STAT,0,1594871380.288928
CYL_PRES_STAT,0,1594871380.347175
CYL_PRES_STAT,0,1594871380.3589454
CYL_PRES_STAT,0,1594871380.432449
CYL_PRES_STAT,0,1594871380.452898
CYL_PRES_STAT,0,1594871380.493802
CYL_PRES_STAT,0,1594871380.514496
CYL_PRES_STAT,0,1594871380.5353382
CYL_PRES_STAT,0,1594871380.5558774
CYL_PRES_STAT,0,1594871380.57581
CYL_PRES_STAT,0,1594871380.608659
CYL_PRES_STAT,0,1594871380.616884
CYL_PRES_STAT,0,1594871380.740078
CYL_PRES_STAT,0,1594871380.764498
CYL_PRES_STAT,0,1594871380.7847419
CYL_PRES_STAT,0,1594871380.80516
CYL_PRES_STAT,0,1594871380.8257349
CYL_PRES_STAT,0,1594871380.866536
CYL_PRES_STAT,0,1594871380.8870919
CYL_PRES_STAT,0,1594871380.895725
CYL_PRES_STAT,0,1594871380.907635
CYL_PRES_STAT,0,1594871380.998375
CYL_PRES_STAT,0,1594871381.031114
CYL_PRES_STAT,0,1594871381.054898
CYL_PRES_STAT,0,1594871381.0755908
CYL_PRES_STAT,0,1594871381.092736
CYL_PRES_STAT,0,1594871381.10421
CYL_PRES_STAT,0,1594871381.11648
CYL_PRES_STAT,0,1594871381.136965
CYL_PRES_STAT,0,1594871381.218763
CYL_PRES_STAT,0,1594871381.3418226
CYL_PRES_STAT,0,1594871381.38333
CYL_PRES_STAT,0,1594871381.395106
CYL_PRES_STAT,0,1594871381.4071329
CYL_PRES_STAT,0,1594871381.42369
CYL_PRES_STAT,0,1594871381.4650161
CYL_PRES_STAT,0,1594871381.4975226
CYL_PRES_STAT,0,1594871381.505939
CYL_PRES_STAT,0,1594871381.632575
CYL_PRES_STAT,0,1594871381.6407418
CYL_PRES_STAT,0,1594871381.6493912
CYL_PRES_STAT,0,1594871381.6612651
CYL_PRES_STAT,0,1594871381.673557
CYL_PRES_STAT,0,1594871381.694932
CYL_PRES_STAT,0,1594871381.7145028
CYL_PRES_STAT,0,1594871381.7558231
CYL_PRES_STAT,0,1594871381.7762618
CYL_PRES_STAT,0,1594871381.951935
CYL_PRES_STAT,0,1594871381.96077
CYL_PRES_STAT,0,1594871382.0666358
CYL_PRES_STAT,0,1594871382.0872052
CYL_PRES_STAT,0,1594871382.1280706
CYL_PRES_STAT,0,1594871382.210026
CYL_PRES_STAT,0,1594871382.251344
CYL_PRES_STAT,0,1594871382.271748
CYL_PRES_STAT,0,1594871382.292792
CYL_PRES_STAT,0,1594871382.3043
CYL_PRES_STAT,0,1594871382.316475
CYL_PRES_STAT,0,1594871382.38617
CYL_PRES_STAT,0,1594871382.394722
CYL_PRES_STAT,0,1594871382.427352
CYL_PRES_STAT,0,1594871382.43931
CYL_PRES_STAT,0,1594871382.5213606
CYL_PRES_STAT,0,1594871382.541996
CYL_PRES_STAT,0,1594871382.554065
CYL_PRES_STAT,0,1594871382.5626812
CYL_PRES_STAT,0,1594871382.5827801
CYL_PRES_STAT,0,1594871382.5915444
CYL_PRES_STAT,0,1594871382.603287
CYL_PRES_STAT,0,1594871382.611851
CYL_PRES_STAT,0,1594871382.623754
CYL_PRES_STAT,0,1594871382.6359546
CYL_PRES_STAT,0,1594871382.644581
CYL_PRES_STAT,0,1594871382.665192
CYL_PRES_STAT,0,1594871382.685608
CYL_PRES_STAT,0,1594871382.738322
CYL_PRES_STAT,0,1594871382.832602
CYL_PRES_STAT,0,1594871382.852972
CYL_PRES_STAT,0,1594871382.8613274
CYL_PRES_STAT,0,1594871382.8735206
CYL_PRES_STAT,0,1594871382.882176
CYL_PRES_STAT,0,1594871382.894017
CYL_PRES_STAT,0,1594871382.963728
CYL_PRES_STAT,0,1594871383.016881
CYL_PRES_STAT,0,1594871383.0375118
CYL_PRES_STAT,0,1594871383.140067
CYL_PRES_STAT,0,1594871383.1607802
CYL_PRES_STAT,0,1594871383.1848161
CYL_PRES_STAT,0,1594871383.205264
CYL_PRES_STAT,0,1594871383.266633
CYL_PRES_STAT,0,1594871383.287175
CYL_PRES_STAT,0,1594871383.307574
CYL_PRES_STAT,0,1594871383.3281322
CYL_PRES_STAT,0,1594871383.4310026
CYL_PRES_STAT,0,1594871383.455043
CYL_PRES_STAT,0,1594871383.4640381
CYL_PRES_STAT,0,1594871383.471582
CYL_PRES_STAT,0,1594871383.492287
CYL_PRES_STAT,0,1594871383.5043454
CYL_PRES_STAT,0,1594871383.545729
CYL_PRES_STAT,0,1594871383.565881
CYL_PRES_STAT,0,1594871383.5744796
CYL_PRES_STAT,0,1594871383.598475
CYL_PRES_STAT,0,1594871383.7623599
CYL_PRES_STAT,0,1594871383.783482
CYL_PRES_STAT,0,1594871383.803589
CYL_PRES_STAT,0,1594871383.824497
CYL_PRES_STAT,0,1594871383.8446538
CYL_PRES_STAT,0,1594871383.885702
CYL_PRES_STAT,0,1594871383.9060268
CYL_PRES_STAT,0,1594871383.967207
CYL_PRES_STAT,0,1594871384.0205262
CYL_PRES_STAT,0,1594871384.041252
CYL_PRES_STAT,0,1594871384.123034
CYL_PRES_STAT,0,1594871384.155544
CYL_PRES_STAT,0,1594871384.176359
CYL_PRES_STAT,0,1594871384.217024
CYL_PRES_STAT,0,1594871384.3644466
CYL_PRES_STAT,0,1594871384.405281
CYL_PRES_STAT,0,1594871384.4257832
CYL_PRES_STAT,0,1594871384.44655
CYL_PRES_STAT,0,1594871384.4549134
CYL_PRES_STAT,0,1594871384.4668858
CYL_PRES_STAT,0,1594871384.4752572
CYL_PRES_STAT,0,1594871384.598644
CYL_PRES_STAT,0,1594871384.651156
CYL_PRES_STAT,0,1594871384.6715894
CYL_PRES_STAT,0,1594871384.704362
CYL_PRES_STAT,0,1594871384.7164989
CYL_PRES_STAT,0,1594871384.7370381
CYL_PRES_STAT,0,1594871384.774793
CYL_PRES_STAT,0,1594871384.786303
CYL_PRES_STAT,0,1594871384.794846
CYL_PRES_STAT,0,1594871384.827352
CYL_PRES_STAT,0,1594871384.835851
CYL_PRES_STAT,0,1594871384.860069
CYL_PRES_STAT,0,1594871384.962899
CYL_PRES_STAT,0,1594871384.9829602
CYL_PRES_STAT,0,1594871384.9913542
CYL_PRES_STAT,0,1594871385.024323
CYL_PRES_STAT,0,1594871385.044653
CYL_PRES_STAT,0,1594871385.065248
CYL_PRES_STAT,0,1594871385.106076
CYL_PRES_STAT,0,1594871385.158947
CYL_PRES_STAT,0,1594871385.167567
CYL_PRES_STAT,0,1594871385.232717
CYL_PRES_STAT,0,1594871385.261436
CYL_PRES_STAT,0,1594871385.2941859
CYL_PRES_STAT,0,1594871385.3145711
CYL_PRES_STAT,0,1594871385.3351989
CYL_PRES_STAT,0,1594871385.3559241
CYL_PRES_STAT,0,1594871385.3847196
CYL_PRES_STAT,0,1594871385.3965712
CYL_PRES_STAT,0,1594871385.4171011
CYL_PRES_STAT,0,1594871385.437537
CYL_PRES_STAT,0,1594871385.478806
CYL_PRES_STAT,0,1594871385.564394
CYL_PRES_STAT,0,1594871385.5725682
CYL_PRES_STAT,0,1594871385.584901
CYL_PRES_STAT,0,1594871385.6053784
CYL_PRES_STAT,0,1594871385.6135838
CYL_PRES_STAT,0,1594871385.625917
CYL_PRES_STAT,0,1594871385.634073
CYL_PRES_STAT,0,1594871385.6667721
CYL_PRES_STAT,0,1594871385.687304
CYL_PRES_STAT,0,1594871385.6956348
CYL_PRES_STAT,0,1594871385.707753
CYL_PRES_STAT,0,1594871385.7162838
CYL_PRES_STAT,0,1594871385.7284944
CYL_PRES_STAT,0,1594871385.777982
CYL_PRES_STAT,0,1594871385.8188958
CYL_PRES_STAT,0,1594871385.830994
CYL_PRES_STAT,0,1594871385.8635461
CYL_PRES_STAT,0,1594871385.880411
CYL_PRES_STAT,0,1594871385.9249759
CYL_PRES_STAT,0,1594871385.933514
CYL_PRES_STAT,0,1594871385.9454288
CYL_PRES_STAT,0,1594871385.9541938
CYL_PRES_STAT,0,1594871386.027338
CYL_PRES_STAT,0,1594871386.068289
CYL_PRES_STAT,0,1594871386.0806632
CYL_PRES_STAT,0,1594871386.121451
CYL_PRES_STAT,0,1594871386.1626759
CYL_PRES_STAT,0,1594871386.183001
CYL_PRES_STAT,0,1594871386.195216
CYL_PRES_STAT,0,1594871386.203442
CYL_PRES_STAT,0,1594871386.22451
CYL_PRES_STAT,0,1594871386.244395
CYL_PRES_STAT,0,1594871386.285728
CYL_PRES_STAT,0,1594871386.3061302
CYL_PRES_STAT,0,1594871386.326794
CYL_PRES_STAT,0,1594871386.3795366
CYL_PRES_STAT,0,1594871386.3881302
CYL_PRES_STAT,0,1594871386.4000359
CYL_PRES_STAT,0,1594871386.4532638
CYL_PRES_STAT,0,1594871386.473732
CYL_PRES_STAT,0,1594871386.482131
CYL_PRES_STAT,0,1594871386.4941928
CYL_PRES_STAT,0,1594871386.5352461
CYL_PRES_STAT,0,1594871386.555608
CYL_PRES_STAT,0,1594871386.5970821
CYL_PRES_STAT,0,1594871386.625619
CYL_PRES_STAT,0,1594871386.637622
CYL_PRES_STAT,0,1594871386.744172
CYL_PRES_STAT,0,1594871386.781766
CYL_PRES_STAT,0,1594871386.805414
CYL_PRES_STAT,0,1594871386.826174
CYL_PRES_STAT,0,1594871386.846731
CYL_PRES_STAT,0,1594871386.855074
CYL_PRES_STAT,0,1594871386.866994
CYL_PRES_STAT,0,1594871386.875299
CYL_PRES_STAT,0,1594871386.8837812
CYL_PRES_STAT,0,1594871386.9079561
CYL_PRES_STAT,0,1594871386.928343
CYL_PRES_STAT,0,1594871386.936625
CYL_PRES_STAT,0,1594871386.9452062
CYL_PRES_STAT,0,1594871387.039379
CYL_PRES_STAT,0,1594871387.0512981
CYL_PRES_STAT,0,1594871387.0757241
CYL_PRES_STAT,0,1594871387.080575
CYL_PRES_STAT,0,1594871387.092438
CYL_PRES_STAT,0,1594871387.104459
CYL_PRES_STAT,0,1594871387.1132126
CYL_PRES_STAT,0,1594871387.174654
CYL_PRES_STAT,0,1594871387.1863446
CYL_PRES_STAT,0,1594871387.1949868
CYL_PRES_STAT,0,1594871387.206976
CYL_PRES_STAT,0,1594871387.215688
CYL_PRES_STAT,0,1594871387.239466
CYL_PRES_STAT,0,1594871387.33003
CYL_PRES_STAT,0,1594871387.3627148
CYL_PRES_STAT,0,1594871387.423965
CYL_PRES_STAT,0,1594871387.436213
CYL_PRES_STAT,0,1594871387.444779
CYL_PRES_STAT,0,1594871387.4688928
CYL_PRES_STAT,0,1594871387.489357
CYL_PRES_STAT,0,1594871387.6738298
CYL_PRES_STAT,0,1594871387.682264
CYL_PRES_STAT,0,1594871387.6943789
CYL_PRES_STAT,0,1594871387.714768
CYL_PRES_STAT,0,1594871387.722949
CYL_PRES_STAT,0,1594871387.7352982
CYL_PRES_STAT,0,1594871387.7556698
CYL_PRES_STAT,0,1594871387.7967622
CYL_PRES_STAT,0,1594871387.8170922
CYL_PRES_STAT,0,1594871387.952267
CYL_PRES_STAT,0,1594871387.960819
CYL_PRES_STAT,0,1594871388.083863
CYL_PRES_STAT,0,1594871388.0957859
CYL_PRES_STAT,0,1594871388.108043
CYL_PRES_STAT,0,1594871388.198074
CYL_PRES_STAT,0,1594871388.2513509
CYL_PRES_STAT,0,1594871388.259857
CYL_PRES_STAT,0,1594871388.292953
CYL_PRES_STAT,0,1594871388.316767
CYL_PRES_STAT,0,1594871388.3249204
CYL_PRES_STAT,0,1594871388.333374
CYL_PRES_STAT,0,1594871388.3454864
CYL_PRES_STAT,0,1594871388.354318
CYL_PRES_STAT,0,1594871388.374629
CYL_PRES_STAT,0,1594871388.3953466
CYL_PRES_STAT,0,1594871388.436197
CYL_PRES_STAT,0,1594871388.456566
CYL_PRES_STAT,0,1594871388.5627332
CYL_PRES_STAT,0,1594871388.59554
CYL_PRES_STAT,0,1594871388.603651
CYL_PRES_STAT,0,1594871388.624741
CYL_PRES_STAT,0,1594871388.6326466
CYL_PRES_STAT,0,1594871388.677249
CYL_PRES_STAT,0,1594871388.685427
CYL_PRES_STAT,0,1594871388.6940126
CYL_PRES_STAT,0,1594871388.7059982
CYL_PRES_STAT,0,1594871388.853402
CYL_PRES_STAT,0,1594871388.8616462
CYL_PRES_STAT,0,1594871388.8702114
CYL_PRES_STAT,0,1594871388.894252
CYL_PRES_STAT,0,1594871388.902573
CYL_PRES_STAT,0,1594871388.9353511
CYL_PRES_STAT,0,1594871388.9559212
CYL_PRES_STAT,0,1594871388.977043
CYL_PRES_STAT,0,1594871388.984899
CYL_PRES_STAT,0,1594871388.996904
CYL_PRES_STAT,0,1594871389.017227
CYL_PRES_STAT,0,1594871389.1196532
CYL_PRES_STAT,0,1594871389.181822
CYL_PRES_STAT,0,1594871389.2055519
CYL_PRES_STAT,0,1594871389.222482
CYL_PRES_STAT,0,1594871389.242834
CYL_PRES_STAT,0,1594871389.2548509
CYL_PRES_STAT,0,1594871389.2670796
CYL_PRES_STAT,0,1594871389.325145
CYL_PRES_STAT,0,1594871389.345334
CYL_PRES_STAT,0,1594871389.369368
CYL_PRES_STAT,0,1594871389.451395
CYL_PRES_STAT,0,1594871389.471801
CYL_PRES_STAT,0,1594871389.4931529
CYL_PRES_STAT,0,1594871389.5046358
CYL_PRES_STAT,0,1594871389.5134876
CYL_PRES_STAT,0,1594871389.5542786
CYL_PRES_STAT,0,1594871389.574677
CYL_PRES_STAT,0,1594871389.595037
CYL_PRES_STAT,0,1594871389.615773
CYL_PRES_STAT,0,1594871389.6360364
CYL_PRES_STAT,0,1594871389.7544339
CYL_PRES_STAT,0,1594871389.7627158
CYL_PRES_STAT,0,1594871389.824047
CYL_PRES_STAT,0,1594871389.8329222
CYL_PRES_STAT,0,1594871389.8446012
CYL_PRES_STAT,0,1594871389.905926
CYL_PRES_STAT,0,1594871389.938663
CYL_PRES_STAT,0,1594871389.9472706
CYL_PRES_STAT,0,1594871390.086081
CYL_PRES_STAT,0,1594871390.0910258
CYL_PRES_STAT,0,1594871390.115113
CYL_PRES_STAT,0,1594871390.135361
CYL_PRES_STAT,0,1594871390.1558301
CYL_PRES_STAT,0,1594871390.197268
CYL_PRES_STAT,0,1594871390.205326
CYL_PRES_STAT,0,1594871390.217251
CYL_PRES_STAT,0,1594871390.2670982
CYL_PRES_STAT,0,1594871390.3612092
CYL_PRES_STAT,0,1594871390.3852859
CYL_PRES_STAT,0,1594871390.393342
CYL_PRES_STAT,0,1594871390.4020214
CYL_PRES_STAT,0,1594871390.413897
CYL_PRES_STAT,0,1594871390.422462
CYL_PRES_STAT,0,1594871390.454802
CYL_PRES_STAT,0,1594871390.487568
CYL_PRES_STAT,0,1594871390.496398
CYL_PRES_STAT,0,1594871390.5082939
CYL_PRES_STAT,0,1594871390.536819
CYL_PRES_STAT,0,1594871390.5490296
CYL_PRES_STAT,0,1594871390.6311328
CYL_PRES_STAT,0,1594871390.651412
CYL_PRES_STAT,0,1594871390.692538
CYL_PRES_STAT,0,1594871390.713428
CYL_PRES_STAT,0,1594871390.73738
CYL_PRES_STAT,0,1594871390.757833
CYL_PRES_STAT,0,1594871390.7659981
CYL_PRES_STAT,0,1594871390.7746172
CYL_PRES_STAT,0,1594871390.795178
CYL_PRES_STAT,0,1594871390.815568
CYL_PRES_STAT,0,1594871390.827554
CYL_PRES_STAT,0,1594871390.848175
CYL_PRES_STAT,0,1594871390.942252
CYL_PRES_STAT,0,1594871390.962671
CYL_PRES_STAT,0,1594871390.971017
CYL_PRES_STAT,0,1594871390.98323
CYL_PRES_STAT,0,1594871391.065099
CYL_PRES_STAT,0,1594871391.085702
CYL_PRES_STAT,0,1594871391.105999
CYL_PRES_STAT,0,1594871391.147207
CYL_PRES_STAT,0,1594871391.2535648
CYL_PRES_STAT,0,1594871391.2703328
CYL_PRES_STAT,0,1594871391.290762
CYL_PRES_STAT,0,1594871391.302662
CYL_PRES_STAT,0,1594871391.335445
CYL_PRES_STAT,0,1594871391.3558366
CYL_PRES_STAT,0,1594871391.376412
CYL_PRES_STAT,0,1594871391.3968349
CYL_PRES_STAT,0,1594871391.4058971
CYL_PRES_STAT,0,1594871391.4174259
CYL_PRES_STAT,0,1594871391.478718
CYL_PRES_STAT,0,1594871391.4873948
CYL_PRES_STAT,0,1594871391.5081651
CYL_PRES_STAT,0,1594871391.560771
CYL_PRES_STAT,0,1594871391.573066
CYL_PRES_STAT,0,1594871391.5819168
CYL_PRES_STAT,0,1594871391.601723
CYL_PRES_STAT,0,1594871391.654885
CYL_PRES_STAT,0,1594871391.663583
CYL_PRES_STAT,0,1594871391.708216
CYL_PRES_STAT,0,1594871391.725211
CYL_PRES_STAT,0,1594871391.7574024
CYL_PRES_STAT,0,1594871391.8515232
CYL_PRES_STAT,0,1594871391.872401
CYL_PRES_STAT,0,1594871391.8932886
CYL_PRES_STAT,0,1594871391.913259
CYL_PRES_STAT,0,1594871391.954016
CYL_PRES_STAT,0,1594871391.97472
CYL_PRES_STAT,0,1594871391.986658
CYL_PRES_STAT,0,1594871392.016054
CYL_PRES_STAT,0,1594871392.0275972
CYL_PRES_STAT,0,1594871392.150914
CYL_PRES_STAT,0,1594871392.162787
CYL_PRES_STAT,0,1594871392.183137
CYL_PRES_STAT,0,1594871392.1916618
CYL_PRES_STAT,0,1594871392.224395
CYL_PRES_STAT,0,1594871392.2364328
CYL_PRES_STAT,0,1594871392.245047
CYL_PRES_STAT,0,1594871392.265939
CYL_PRES_STAT,0,1594871392.2738318
CYL_PRES_STAT,0,1594871392.285664
CYL_PRES_STAT,0,1594871392.3266938
CYL_PRES_STAT,0,1594871392.379822
CYL_PRES_STAT,0,1594871392.4293408
CYL_PRES_STAT,0,1594871392.453641
CYL_PRES_STAT,0,1594871392.470386
CYL_PRES_STAT,0,1594871392.494431
CYL_PRES_STAT,0,1594871392.5150619
CYL_PRES_STAT,0,1594871392.535476
CYL_PRES_STAT,0,1594871392.555893
CYL_PRES_STAT,0,1594871392.5765162
CYL_PRES_STAT,0,1594871392.6260538
CYL_PRES_STAT,0,1594871392.6379051
CYL_PRES_STAT,0,1594871392.646743
CYL_PRES_STAT,0,1594871392.7730188
CYL_PRES_STAT,0,1594871392.8021061
CYL_PRES_STAT,0,1594871392.843105
CYL_PRES_STAT,0,1594871392.8672519
CYL_PRES_STAT,0,1594871392.88768
CYL_PRES_STAT,0,1594871392.8962288
CYL_PRES_STAT,0,1594871392.9164422
CYL_PRES_STAT,0,1594871392.925292
CYL_PRES_STAT,0,1594871392.9573731
CYL_PRES_STAT,0,1594871393.01933
CYL_PRES_STAT,0,1594871393.051563
CYL_PRES_STAT,0,1594871393.0927632
CYL_PRES_STAT,0,1594871393.113056
CYL_PRES_STAT,0,1594871393.133471
CYL_PRES_STAT,0,1594871393.145868
CYL_PRES_STAT,0,1594871393.154033
CYL_PRES_STAT,0,1594871393.175064
CYL_PRES_STAT,0,1594871393.216022
CYL_PRES_STAT,0,1594871393.22771
CYL_PRES_STAT,0,1594871393.2359302
CYL_PRES_STAT,0,1594871393.383331
CYL_PRES_STAT,0,1594871393.3955998
CYL_PRES_STAT,0,1594871393.403765
CYL_PRES_STAT,0,1594871393.465298
CYL_PRES_STAT,0,1594871393.4739769
CYL_PRES_STAT,0,1594871393.4856699
CYL_PRES_STAT,0,1594871393.5150619
CYL_PRES_STAT,0,1594871393.5266669
CYL_PRES_STAT,0,1594871393.653693
CYL_PRES_STAT,0,1594871393.661914
CYL_PRES_STAT,0,1594871393.6705294
CYL_PRES_STAT,0,1594871393.7151194
CYL_PRES_STAT,0,1594871393.723658
CYL_PRES_STAT,0,1594871393.756029
CYL_PRES_STAT,0,1594871393.7766619
CYL_PRES_STAT,0,1594871393.7970688
CYL_PRES_STAT,0,1594871393.805161
CYL_PRES_STAT,0,1594871393.838002
CYL_PRES_STAT,0,1594871393.9081151
CYL_PRES_STAT,0,1594871393.973212
CYL_PRES_STAT,0,1594871394.0550392
CYL_PRES_STAT,0,1594871394.1083438
CYL_PRES_STAT,0,1594871394.128725
CYL_PRES_STAT,0,1594871394.137176
CYL_PRES_STAT,0,1594871394.251691
CYL_PRES_STAT,0,1594871394.272432
CYL_PRES_STAT,0,1594871394.292726
CYL_PRES_STAT,0,1594871394.301213
CYL_PRES_STAT,0,1594871394.313133
CYL_PRES_STAT,0,1594871394.354102
CYL_PRES_STAT,0,1594871394.375294
CYL_PRES_STAT,0,1594871394.3868294
CYL_PRES_STAT,0,1594871394.3953831
CYL_PRES_STAT,0,1594871394.4162788
CYL_PRES_STAT,0,1594871394.550715
CYL_PRES_STAT,0,1594871394.559341
CYL_PRES_STAT,0,1594871394.6039329
CYL_PRES_STAT,0,1594871394.6243286
CYL_PRES_STAT,0,1594871394.6449618
CYL_PRES_STAT,0,1594871394.6658812
CYL_PRES_STAT,0,1594871394.8707142
CYL_PRES_STAT,0,1594871394.894717
CYL_PRES_STAT,0,1594871394.9151962
CYL_PRES_STAT,0,1594871394.9233189
CYL_PRES_STAT,0,1594871394.976648
CYL_PRES_STAT,0,1594871394.98487
CYL_PRES_STAT,0,1594871394.993381
CYL_PRES_STAT,0,1594871395.0052462
CYL_PRES_STAT,0,1594871395.0175328
CYL_PRES_STAT,0,1594871395.0379999
CYL_PRES_STAT,0,1594871395.05869
CYL_PRES_STAT,0,1594871395.079065
CYL_PRES_STAT,0,1594871395.160998
CYL_PRES_STAT,0,1594871395.1695418
CYL_PRES_STAT,0,1594871395.1813881
CYL_PRES_STAT,0,1594871395.22274
CYL_PRES_STAT,0,1594871395.243525
CYL_PRES_STAT,0,1594871395.2674
CYL_PRES_STAT,0,1594871395.287936
CYL_PRES_STAT,0,1594871395.296291
CYL_PRES_STAT,0,1594871395.304637
CYL_PRES_STAT,0,1594871395.3785539
CYL_PRES_STAT,0,1594871395.4191966
CYL_PRES_STAT,0,1594871395.4394088
CYL_PRES_STAT,0,1594871395.4721842
CYL_PRES_STAT,0,1594871395.493132
CYL_PRES_STAT,0,1594871395.5136259
CYL_PRES_STAT,0,1594871395.5341592
CYL_PRES_STAT,0,1594871395.546054
CYL_PRES_STAT,0,1594871395.5546298
CYL_PRES_STAT,0,1594871395.574716
CYL_PRES_STAT,0,1594871395.616225
CYL_PRES_STAT,0,1594871395.628011
CYL_PRES_STAT,0,1594871395.6360312
CYL_PRES_STAT,0,1594871395.6483068
CYL_PRES_STAT,0,1594871395.762947
CYL_PRES_STAT,0,1594871395.783473
CYL_PRES_STAT,0,1594871395.7921972
CYL_PRES_STAT,0,1594871395.803942
CYL_PRES_STAT,0,1594871395.824373
CYL_PRES_STAT,0,1594871395.865491
CYL_PRES_STAT,0,1594871395.874232
CYL_PRES_STAT,0,1594871395.885962
CYL_PRES_STAT,0,1594871395.9066
CYL_PRES_STAT,0,1594871395.935462
CYL_PRES_STAT,0,1594871395.947502
CYL_PRES_STAT,0,1594871396.082567
CYL_PRES_STAT,0,1594871396.111752
CYL_PRES_STAT,0,1594871396.1234062
CYL_PRES_STAT,0,1594871396.135596
CYL_PRES_STAT,0,1594871396.152478
CYL_PRES_STAT,0,1594871396.176639
CYL_PRES_STAT,0,1594871396.1971939
CYL_PRES_STAT,0,1594871396.217598
CYL_PRES_STAT,0,1594871396.2463
CYL_PRES_STAT,0,1594871396.258602
CYL_PRES_STAT,0,1594871396.266744
CYL_PRES_STAT,0,1594871396.299583
CYL_PRES_STAT,0,1594871396.373277
CYL_PRES_STAT,0,1594871396.40595
CYL_PRES_STAT,0,1594871396.4140608
CYL_PRES_STAT,0,1594871396.422914
CYL_PRES_STAT,0,1594871396.443447
CYL_PRES_STAT,0,1594871396.455159
CYL_PRES_STAT,0,1594871396.484481
CYL_PRES_STAT,0,1594871396.504426
CYL_PRES_STAT,0,1594871396.598547
CYL_PRES_STAT,0,1594871396.6518114
CYL_PRES_STAT,0,1594871396.672249
CYL_PRES_STAT,0,1594871396.69278
CYL_PRES_STAT,0,1594871396.701358
CYL_PRES_STAT,0,1594871396.733842
CYL_PRES_STAT,0,1594871396.7542071
CYL_PRES_STAT,0,1594871396.7751126
CYL_PRES_STAT,0,1594871396.787008
CYL_PRES_STAT,0,1594871396.9508624
CYL_PRES_STAT,0,1594871396.959314
CYL_PRES_STAT,0,1594871397.004104
CYL_PRES_STAT,0,1594871397.024596
CYL_PRES_STAT,0,1594871397.044909
CYL_PRES_STAT,0,1594871397.0658536
CYL_PRES_STAT,0,1594871397.074076
CYL_PRES_STAT,0,1594871397.1679392
CYL_PRES_STAT,0,1594871397.200566
CYL_PRES_STAT,0,1594871397.2415268
CYL_PRES_STAT,0,1594871397.27069
CYL_PRES_STAT,0,1594871397.29489
CYL_PRES_STAT,0,1594871397.311713
CYL_PRES_STAT,0,1594871397.32354
CYL_PRES_STAT,0,1594871397.3646786
CYL_PRES_STAT,0,1594871397.5617018
CYL_PRES_STAT,0,1594871397.581624
CYL_PRES_STAT,0,1594871397.622504
CYL_PRES_STAT,0,1594871397.634686
CYL_PRES_STAT,0,1594871397.643094
CYL_PRES_STAT,0,1594871397.651542
CYL_PRES_STAT,0,1594871397.6635242
CYL_PRES_STAT,0,1594871397.684452
CYL_PRES_STAT,0,1594871397.7048302
CYL_PRES_STAT,0,1594871397.872255
CYL_PRES_STAT,0,1594871397.892828
CYL_PRES_STAT,0,1594871397.9011118
CYL_PRES_STAT,0,1594871397.946183
CYL_PRES_STAT,0,1594871397.9543788
CYL_PRES_STAT,0,1594871397.9834502
CYL_PRES_STAT,0,1594871398.015836
CYL_PRES_STAT,0,1594871398.024201
CYL_PRES_STAT,0,1594871398.0688212
CYL_PRES_STAT,0,1594871398.163293
CYL_PRES_STAT,0,1594871398.183723
CYL_PRES_STAT,0,1594871398.195937
CYL_PRES_STAT,0,1594871398.2003682
CYL_PRES_STAT,0,1594871398.2450418
CYL_PRES_STAT,0,1594871398.265959
CYL_PRES_STAT,0,1594871398.2736974
CYL_PRES_STAT,0,1594871398.286324
CYL_PRES_STAT,0,1594871398.3070998
CYL_PRES_STAT,0,1594871398.3149529
CYL_PRES_STAT,0,1594871398.326973
CYL_PRES_STAT,0,1594871398.347541
CYL_PRES_STAT,0,1594871398.4502711
CYL_PRES_STAT,0,1594871398.51179
CYL_PRES_STAT,0,1594871398.523459
CYL_PRES_STAT,0,1594871398.5319989
CYL_PRES_STAT,0,1594871398.5768802
CYL_PRES_STAT,0,1594871398.638147
CYL_PRES_STAT,0,1594871398.773399
CYL_PRES_STAT,0,1594871398.790066
CYL_PRES_STAT,0,1594871398.802043
CYL_PRES_STAT,0,1594871398.8230011
CYL_PRES_STAT,0,1594871398.8437939
CYL_PRES_STAT,0,1594871398.855227
CYL_PRES_STAT,0,1594871398.8758721
CYL_PRES_STAT,0,1594871398.88455
CYL_PRES_STAT,0,1594871398.904825
CYL_PRES_STAT,0,1594871398.9256911
CYL_PRES_STAT,0,1594871398.93734
CYL_PRES_STAT,0,1594871399.051826
CYL_PRES_STAT,0,1594871399.07242
CYL_PRES_STAT,0,1594871399.093016
CYL_PRES_STAT,0,1594871399.154607
CYL_PRES_STAT,0,1594871399.175414
CYL_PRES_STAT,0,1594871399.187165
CYL_PRES_STAT,0,1594871399.195246
CYL_PRES_STAT,0,1594871399.2159119
CYL_PRES_STAT,0,1594871399.2447171
CYL_PRES_STAT,0,1594871399.256747
CYL_PRES_STAT,0,1594871399.297635
CYL_PRES_STAT,0,1594871399.3389199
CYL_PRES_STAT,0,1594871399.383594
CYL_PRES_STAT,0,1594871399.404074
CYL_PRES_STAT,0,1594871399.445081
CYL_PRES_STAT,0,1594871399.4654136
CYL_PRES_STAT,0,1594871399.473809
CYL_PRES_STAT,0,1594871399.506666
CYL_PRES_STAT,0,1594871399.515268
CYL_PRES_STAT,0,1594871399.5270011
CYL_PRES_STAT,0,1594871399.5474298
CYL_PRES_STAT,0,1594871399.629466
CYL_PRES_STAT,0,1594871399.670804
CYL_PRES_STAT,0,1594871399.6827068
CYL_PRES_STAT,0,1594871399.7645369
CYL_PRES_STAT,0,1594871399.776774
CYL_PRES_STAT,0,1594871399.797267
CYL_PRES_STAT,0,1594871399.817777
CYL_PRES_STAT,0,1594871399.838239
CYL_PRES_STAT,0,1594871399.846507
CYL_PRES_STAT,0,1594871399.858918
CYL_PRES_STAT,0,1594871399.96139
CYL_PRES_STAT,0,1594871400.0143318
CYL_PRES_STAT,0,1594871400.096441
CYL_PRES_STAT,0,1594871400.219203
CYL_PRES_STAT,0,1594871400.313359
CYL_PRES_STAT,0,1594871400.3342998
CYL_PRES_STAT,0,1594871400.346146
CYL_PRES_STAT,0,1594871400.354413
CYL_PRES_STAT,0,1594871400.3952682
CYL_PRES_STAT,0,1594871400.41578
CYL_PRES_STAT,0,1594871400.436825
CYL_PRES_STAT,0,1594871400.563191
CYL_PRES_STAT,0,1594871400.57137
CYL_PRES_STAT,0,1594871400.579989
CYL_PRES_STAT,0,1594871400.592012
CYL_PRES_STAT,0,1594871400.600449
CYL_PRES_STAT,0,1594871400.6451242
CYL_PRES_STAT,0,1594871400.665565
CYL_PRES_STAT,0,1594871400.6742232
CYL_PRES_STAT,0,1594871400.6862214
CYL_PRES_STAT,0,1594871400.70656
CYL_PRES_STAT,0,1594871400.849956
CYL_PRES_STAT,0,1594871400.8704119
CYL_PRES_STAT,0,1594871400.895005
CYL_PRES_STAT,0,1594871400.903174
CYL_PRES_STAT,0,1594871400.912262
CYL_PRES_STAT,0,1594871400.923758
CYL_PRES_STAT,0,1594871400.932478
CYL_PRES_STAT,0,1594871400.956376
CYL_PRES_STAT,0,1594871400.973475
CYL_PRES_STAT,0,1594871400.9851286
CYL_PRES_STAT,0,1594871401.0224042
CYL_PRES_STAT,0,1594871401.0382788
CYL_PRES_STAT,0,1594871401.183348
CYL_PRES_STAT,0,1594871401.1914608
CYL_PRES_STAT,0,1594871401.202328
CYL_PRES_STAT,0,1594871401.2232661
CYL_PRES_STAT,0,1594871401.232485
CYL_PRES_STAT,0,1594871401.264251
CYL_PRES_STAT,0,1594871401.285305
CYL_PRES_STAT,0,1594871401.306237
CYL_PRES_STAT,0,1594871401.326406
CYL_PRES_STAT,0,1594871401.337539
CYL_PRES_STAT,0,1594871401.34736
CYL_PRES_STAT,0,1594871401.460192
CYL_PRES_STAT,0,1594871401.4724
CYL_PRES_STAT,0,1594871401.492876
CYL_PRES_STAT,0,1594871401.533783
CYL_PRES_STAT,0,1594871401.554284
CYL_PRES_STAT,0,1594871401.574844
CYL_PRES_STAT,0,1594871401.587018
CYL_PRES_STAT,0,1594871401.595567
CYL_PRES_STAT,0,1594871401.6160052
CYL_PRES_STAT,0,1594871401.6447446
CYL_PRES_STAT,0,1594871401.656844
CYL_PRES_STAT,0,1594871401.800816
CYL_PRES_STAT,0,1594871401.820884
CYL_PRES_STAT,0,1594871401.8328972
CYL_PRES_STAT,0,1594871401.845071
CYL_PRES_STAT,0,1594871401.862265
CYL_PRES_STAT,0,1594871401.9065118
CYL_PRES_STAT,0,1594871401.9269881
CYL_PRES_STAT,0,1594871401.947614
CYL_PRES_STAT,0,1594871401.956216
CYL_PRES_STAT,0,1594871401.968087
CYL_PRES_STAT,0,1594871402.082964
CYL_PRES_STAT,0,1594871402.132121
CYL_PRES_STAT,0,1594871402.156332
CYL_PRES_STAT,0,1594871402.164625
CYL_PRES_STAT,0,1594871402.1734118
CYL_PRES_STAT,0,1594871402.197313
CYL_PRES_STAT,0,1594871402.2178571
CYL_PRES_STAT,0,1594871402.238375
CYL_PRES_STAT,0,1594871402.361279
CYL_PRES_STAT,0,1594871402.402294
CYL_PRES_STAT,0,1594871402.414448
CYL_PRES_STAT,0,1594871402.422684
CYL_PRES_STAT,0,1594871402.443244
CYL_PRES_STAT,0,1594871402.4639812
CYL_PRES_STAT,0,1594871402.484545
CYL_PRES_STAT,0,1594871402.5261009
CYL_PRES_STAT,0,1594871402.607407
CYL_PRES_STAT,0,1594871402.672411
CYL_PRES_STAT,0,1594871402.693003
CYL_PRES_STAT,0,1594871402.7134788
CYL_PRES_STAT,0,1594871402.734535
CYL_PRES_STAT,0,1594871402.795445
CYL_PRES_STAT,0,1594871402.815868
CYL_PRES_STAT,0,1594871402.836318
CYL_PRES_STAT,0,1594871402.8569534
CYL_PRES_STAT,0,1594871402.9183419
CYL_PRES_STAT,0,1594871402.963358
CYL_PRES_STAT,0,1594871402.9838529
CYL_PRES_STAT,0,1594871402.992772
CYL_PRES_STAT,0,1594871403.000742
CYL_PRES_STAT,0,1594871403.045228
CYL_PRES_STAT,0,1594871403.0657349
CYL_PRES_STAT,0,1594871403.0894706
CYL_PRES_STAT,0,1594871403.106716
CYL_PRES_STAT,0,1594871403.1273222
CYL_PRES_STAT,0,1594871403.168149
CYL_PRES_STAT,0,1594871403.2501972
CYL_PRES_STAT,0,1594871403.292083
CYL_PRES_STAT,0,1594871403.3156571
CYL_PRES_STAT,0,1594871403.324094
CYL_PRES_STAT,0,1594871403.3361769
CYL_PRES_STAT,0,1594871403.3444438
CYL_PRES_STAT,0,1594871403.3530571
CYL_PRES_STAT,0,1594871403.373566
CYL_PRES_STAT,0,1594871403.4150012
CYL_PRES_STAT,0,1594871403.435282
CYL_PRES_STAT,0,1594871403.4467578
CYL_PRES_STAT,0,1594871403.455657
CYL_PRES_STAT,0,1594871403.5082922
CYL_PRES_STAT,0,1594871403.573618
CYL_PRES_STAT,0,1594871403.582415
CYL_PRES_STAT,0,1594871403.603032
CYL_PRES_STAT,0,1594871403.622983
CYL_PRES_STAT,0,1594871403.6555352
CYL_PRES_STAT,0,1594871403.663925
CYL_PRES_STAT,0,1594871403.684434
CYL_PRES_STAT,0,1594871403.6964881
CYL_PRES_STAT,0,1594871403.7048779
CYL_PRES_STAT,0,1594871403.7375274
CYL_PRES_STAT,0,1594871403.8398864
CYL_PRES_STAT,0,1594871403.852094
CYL_PRES_STAT,0,1594871403.87257
CYL_PRES_STAT,0,1594871403.881017
CYL_PRES_STAT,0,1594871403.9342752
CYL_PRES_STAT,0,1594871403.954821
CYL_PRES_STAT,0,1594871403.975434
CYL_PRES_STAT,0,1594871403.987335
CYL_PRES_STAT,0,1594871404.066304
CYL_PRES_STAT,0,1594871404.2043211
CYL_PRES_STAT,0,1594871404.225047
CYL_PRES_STAT,0,1594871404.234056
CYL_PRES_STAT,0,1594871404.245356
CYL_PRES_STAT,0,1594871404.30697
CYL_PRES_STAT,0,1594871404.3154259
CYL_PRES_STAT,0,1594871404.397943
CYL_PRES_STAT,0,1594871404.4593651
CYL_PRES_STAT,0,1594871404.4708462
CYL_PRES_STAT,0,1594871404.483089
CYL_PRES_STAT,0,1594871404.491369
CYL_PRES_STAT,0,1594871404.5531056
CYL_PRES_STAT,0,1594871404.5649679
CYL_PRES_STAT,0,1594871404.5740368
CYL_PRES_STAT,0,1594871404.5947258
CYL_PRES_STAT,0,1594871404.618159
CYL_PRES_STAT,0,1594871404.7626288
CYL_PRES_STAT,0,1594871404.7821386
CYL_PRES_STAT,0,1594871404.802592
CYL_PRES_STAT,0,1594871404.8149672
CYL_PRES_STAT,0,1594871404.824308
CYL_PRES_STAT,0,1594871404.8442822
CYL_PRES_STAT,0,1594871404.864136
CYL_PRES_STAT,0,1594871404.884505
CYL_PRES_STAT,0,1594871404.9377348
CYL_PRES_STAT,0,1594871404.946196
CYL_PRES_STAT,0,1594871405.0698292
CYL_PRES_STAT,0,1594871405.0932212
CYL_PRES_STAT,0,1594871405.113924
CYL_PRES_STAT,0,1594871405.13453
CYL_PRES_STAT,0,1594871405.145708
CYL_PRES_STAT,0,1594871405.176235
CYL_PRES_STAT,0,1594871405.196009
CYL_PRES_STAT,0,1594871405.2159429
CYL_PRES_STAT,0,1594871405.2863948
CYL_PRES_STAT,0,1594871405.29827
CYL_PRES_STAT,0,1594871405.31115
CYL_PRES_STAT,0,1594871405.3807971
CYL_PRES_STAT,0,1594871405.425183
CYL_PRES_STAT,0,1594871405.445871
CYL_PRES_STAT,0,1594871405.466027
CYL_PRES_STAT,0,1594871405.4744911
CYL_PRES_STAT,0,1594871405.5073109
CYL_PRES_STAT,0,1594871405.547886
CYL_PRES_STAT,0,1594871405.6502821
CYL_PRES_STAT,0,1594871405.693912
CYL_PRES_STAT,0,1594871405.7159226
CYL_PRES_STAT,0,1594871405.732627
CYL_PRES_STAT,0,1594871405.753472
CYL_PRES_STAT,0,1594871405.775091
CYL_PRES_STAT,0,1594871405.80614
CYL_PRES_STAT,0,1594871405.8151991
CYL_PRES_STAT,0,1594871405.8355908
CYL_PRES_STAT,0,1594871405.846816
CYL_PRES_STAT,0,1594871405.970633
CYL_PRES_STAT,0,1594871405.9822102
CYL_PRES_STAT,0,1594871406.023155
CYL_PRES_STAT,0,1594871406.052535
CYL_PRES_STAT,0,1594871406.146213
CYL_PRES_STAT,0,1594871406.249501
CYL_PRES_STAT,0,1594871406.3140259
CYL_PRES_STAT,0,1594871406.3346212
CYL_PRES_STAT,0,1594871406.3550801
CYL_PRES_STAT,0,1594871406.3766954
CYL_PRES_STAT,0,1594871406.387723
CYL_PRES_STAT,0,1594871406.436865
CYL_PRES_STAT,0,1594871406.45758
CYL_PRES_STAT,0,1594871406.466351
CYL_PRES_STAT,0,1594871406.4868126
CYL_PRES_STAT,0,1594871406.511116
CYL_PRES_STAT,0,1594871406.5606232
CYL_PRES_STAT,0,1594871406.6016474
CYL_PRES_STAT,0,1594871406.633436
CYL_PRES_STAT,0,1594871406.6867151
CYL_PRES_STAT,0,1594871406.707405
CYL_PRES_STAT,0,1594871406.715968
CYL_PRES_STAT,0,1594871406.728406
CYL_PRES_STAT,0,1594871406.7482321
CYL_PRES_STAT,0,1594871406.850501
CYL_PRES_STAT,0,1594871406.872083
CYL_PRES_STAT,0,1594871406.883232
CYL_PRES_STAT,0,1594871406.8936682
CYL_PRES_STAT,0,1594871406.932694
CYL_PRES_STAT,0,1594871406.953963
CYL_PRES_STAT,0,1594871406.9652202
CYL_PRES_STAT,0,1594871406.974536
CYL_PRES_STAT,0,1594871406.998096
CYL_PRES_STAT,0,1594871407.005936
CYL_PRES_STAT,0,1594871407.015214
CYL_PRES_STAT,0,1594871407.0359306
CYL_PRES_STAT,0,1594871407.214905
CYL_PRES_STAT,0,1594871407.2460108
CYL_PRES_STAT,0,1594871407.2640069
CYL_PRES_STAT,0,1594871407.284811
CYL_PRES_STAT,0,1594871407.326787
CYL_PRES_STAT,0,1594871407.346357
CYL_PRES_STAT,0,1594871407.367382
CYL_PRES_STAT,0,1594871407.4730408
CYL_PRES_STAT,0,1594871407.4941401
CYL_PRES_STAT,0,1594871407.51396
CYL_PRES_STAT,0,1594871407.5346038
CYL_PRES_STAT,0,1594871407.576567
CYL_PRES_STAT,0,1594871407.5965838
CYL_PRES_STAT,0,1594871407.616491
CYL_PRES_STAT,0,1594871407.629146
CYL_PRES_STAT,0,1594871407.646914
CYL_PRES_STAT,0,1594871407.657206
CYL_PRES_STAT,0,1594871407.6984892
CYL_PRES_STAT,0,1594871407.7110221
CYL_PRES_STAT,0,1594871407.7513099
CYL_PRES_STAT,0,1594871407.7806249
CYL_PRES_STAT,0,1594871407.842349
CYL_PRES_STAT,0,1594871407.8661902
CYL_PRES_STAT,0,1594871407.875979
CYL_PRES_STAT,0,1594871407.883289
CYL_PRES_STAT,0,1594871407.907168
CYL_PRES_STAT,0,1594871407.948076
CYL_PRES_STAT,0,1594871407.9567306
CYL_PRES_STAT,0,1594871408.080894
CYL_PRES_STAT,0,1594871408.152917
CYL_PRES_STAT,0,1594871408.173932
CYL_PRES_STAT,0,1594871408.1978428
CYL_PRES_STAT,0,1594871408.2059786
CYL_PRES_STAT,0,1594871408.214769
CYL_PRES_STAT,0,1594871408.2357602
CYL_PRES_STAT,0,1594871408.259876
CYL_PRES_STAT,0,1594871408.373991
CYL_PRES_STAT,0,1594871408.3906188
CYL_PRES_STAT,0,1594871408.402709
CYL_PRES_STAT,0,1594871408.452773
CYL_PRES_STAT,0,1594871408.464292
CYL_PRES_STAT,0,1594871408.4847689
CYL_PRES_STAT,0,1594871408.506241
CYL_PRES_STAT,0,1594871408.528757
CYL_PRES_STAT,0,1594871408.555476
CYL_PRES_STAT,0,1594871408.5665722
CYL_PRES_STAT,0,1594871408.669096
CYL_PRES_STAT,0,1594871408.701998
CYL_PRES_STAT,0,1594871408.713836
CYL_PRES_STAT,0,1594871408.734453
CYL_PRES_STAT,0,1594871408.754839
CYL_PRES_STAT,0,1594871408.763191
CYL_PRES_STAT,0,1594871408.775422
CYL_PRES_STAT,0,1594871408.783654
CYL_PRES_STAT,0,1594871408.8370922
CYL_PRES_STAT,0,1594871408.857449
CYL_PRES_STAT,0,1594871408.8781388
CYL_PRES_STAT,0,1594871408.918839
CYL_PRES_STAT,0,1594871409.0014849
CYL_PRES_STAT,0,1594871409.021873
CYL_PRES_STAT,0,1594871409.0445
CYL_PRES_STAT,0,1594871409.053879
CYL_PRES_STAT,0,1594871409.0744321
CYL_PRES_STAT,0,1594871409.0831392
CYL_PRES_STAT,0,1594871409.1039891
CYL_PRES_STAT,0,1594871409.115364
CYL_PRES_STAT,0,1594871409.135916
CYL_PRES_STAT,0,1594871409.14622
CYL_PRES_STAT,0,1594871409.1565874
CYL_PRES_STAT,0,1594871409.168621
CYL_PRES_STAT,0,1594871409.238624
CYL_PRES_STAT,0,1594871409.271494
CYL_PRES_STAT,0,1594871409.2920911
CYL_PRES_STAT,0,1594871409.333167
CYL_PRES_STAT,0,1594871409.3567939
CYL_PRES_STAT,0,1594871409.3651671
CYL_PRES_STAT,0,1594871409.378314
CYL_PRES_STAT,0,1594871409.397792
CYL_PRES_STAT,0,1594871409.405935
CYL_PRES_STAT,0,1594871409.414594
CYL_PRES_STAT,0,1594871409.45549
CYL_PRES_STAT,0,1594871409.4886136
CYL_PRES_STAT,0,1594871409.5291
CYL_PRES_STAT,0,1594871409.602842
CYL_PRES_STAT,0,1594871409.6149778
CYL_PRES_STAT,0,1594871409.6439788
CYL_PRES_STAT,0,1594871409.6644428
CYL_PRES_STAT,0,1594871409.705626
CYL_PRES_STAT,0,1594871409.725808
CYL_PRES_STAT,0,1594871409.869705
CYL_PRES_STAT,0,1594871409.8903284
CYL_PRES_STAT,0,1594871409.9139712
CYL_PRES_STAT,0,1594871409.995171
CYL_PRES_STAT,0,1594871410.026643
CYL_PRES_STAT,0,1594871410.036844
CYL_PRES_STAT,0,1594871410.046888
CYL_PRES_STAT,0,1594871410.066863
CYL_PRES_STAT,0,1594871410.078635
CYL_PRES_STAT,0,1594871410.169174
CYL_PRES_STAT,0,1594871410.2420518
CYL_PRES_STAT,0,1594871410.2743194
CYL_PRES_STAT,0,1594871410.286586
CYL_PRES_STAT,0,1594871410.348246
CYL_PRES_STAT,0,1594871410.3563712
CYL_PRES_STAT,0,1594871410.3686762
CYL_PRES_STAT,0,1594871410.3976982
CYL_PRES_STAT,0,1594871410.409752
CYL_PRES_STAT,0,1594871410.43949
CYL_PRES_STAT,0,1594871410.494478
CYL_PRES_STAT,0,1594871410.500274
CYL_PRES_STAT,0,1594871410.5126462
CYL_PRES_STAT,0,1594871410.532553
CYL_PRES_STAT,0,1594871410.55322
CYL_PRES_STAT,0,1594871410.585803
CYL_PRES_STAT,0,1594871410.596216
CYL_PRES_STAT,0,1594871410.606417
CYL_PRES_STAT,0,1594871410.6156428
CYL_PRES_STAT,0,1594871410.6360152
CYL_PRES_STAT,0,1594871410.6789694
CYL_PRES_STAT,0,1594871410.770533
CYL_PRES_STAT,0,1594871410.8028991
CYL_PRES_STAT,0,1594871410.844814
CYL_PRES_STAT,0,1594871410.853197
CYL_PRES_STAT,0,1594871410.8643491
CYL_PRES_STAT,0,1594871410.885012
CYL_PRES_STAT,0,1594871410.9055538
CYL_PRES_STAT,0,1594871410.928513
CYL_PRES_STAT,0,1594871410.9549134
CYL_PRES_STAT,0,1594871410.9668539
CYL_PRES_STAT,0,1594871410.9966948
CYL_PRES_STAT,0,1594871411.069757
CYL_PRES_STAT,0,1594871411.0909472
CYL_PRES_STAT,0,1594871411.114176
CYL_PRES_STAT,0,1594871411.131288
CYL_PRES_STAT,0,1594871411.152009
CYL_PRES_STAT,0,1594871411.176899
CYL_PRES_STAT,0,1594871411.183988
CYL_PRES_STAT,0,1594871411.237202
CYL_PRES_STAT,0,1594871411.3688462
CYL_PRES_STAT,0,1594871411.4019918
CYL_PRES_STAT,0,1594871411.4262471
CYL_PRES_STAT,0,1594871411.4834714
CYL_PRES_STAT,0,1594871411.503523
CYL_PRES_STAT,0,1594871411.5260642
CYL_PRES_STAT,0,1594871411.548354
CYL_PRES_STAT,0,1594871411.568945
CYL_PRES_STAT,0,1594871411.628896
CYL_PRES_STAT,0,1594871411.6508288
CYL_PRES_STAT,0,1594871411.67143
CYL_PRES_STAT,0,1594871411.6799788
CYL_PRES_STAT,0,1594871411.732723
CYL_PRES_STAT,0,1594871411.7531662
CYL_PRES_STAT,0,1594871411.765481
CYL_PRES_STAT,0,1594871411.774952
CYL_PRES_STAT,0,1594871411.796501
CYL_PRES_STAT,0,1594871411.8770518
CYL_PRES_STAT,0,1594871411.970498
CYL_PRES_STAT,0,1594871412.0028126
CYL_PRES_STAT,0,1594871412.013199
CYL_PRES_STAT,0,1594871412.085288
CYL_PRES_STAT,0,1594871412.1057248
CYL_PRES_STAT,0,1594871412.187571
CYL_PRES_STAT,0,1594871412.2815108
CYL_PRES_STAT,0,1594871412.29455
CYL_PRES_STAT,0,1594871412.3020089
CYL_PRES_STAT,0,1594871412.312484
CYL_PRES_STAT,0,1594871412.3553524
CYL_PRES_STAT,0,1594871412.376508
CYL_PRES_STAT,0,1594871412.425714
CYL_PRES_STAT,0,1594871412.569233
CYL_PRES_STAT,0,1594871412.621974
CYL_PRES_STAT,0,1594871412.644907
CYL_PRES_STAT,0,1594871412.6635618
CYL_PRES_STAT,0,1594871412.683444
CYL_PRES_STAT,0,1594871412.8925598
CYL_PRES_STAT,0,1594871412.9125388
CYL_PRES_STAT,0,1594871412.92154
CYL_PRES_STAT,0,1594871412.9329312
CYL_PRES_STAT,0,1594871412.9534569
CYL_PRES_STAT,0,1594871412.995004
CYL_PRES_STAT,0,1594871413.006651
CYL_PRES_STAT,0,1594871413.036182
CYL_PRES_STAT,0,1594871413.117763
CYL_PRES_STAT,0,1594871413.1496198
CYL_PRES_STAT,0,1594871413.180049
CYL_PRES_STAT,0,1594871413.200168
CYL_PRES_STAT,0,1594871413.2439196
CYL_PRES_STAT,0,1594871413.252136
CYL_PRES_STAT,0,1594871413.2652302
CYL_PRES_STAT,0,1594871413.285022
CYL_PRES_STAT,0,1594871413.30579
CYL_PRES_STAT,0,1594871413.326637
CYL_PRES_STAT,0,1594871413.366962
CYL_PRES_STAT,0,1594871413.469316
CYL_PRES_STAT,0,1594871413.510869
CYL_PRES_STAT,0,1594871413.5308642
CYL_PRES_STAT,0,1594871413.552295
CYL_PRES_STAT,0,1594871413.572735
CYL_PRES_STAT,0,1594871413.584013
CYL_PRES_STAT,0,1594871413.6138508
CYL_PRES_STAT,0,1594871413.633742
CYL_PRES_STAT,0,1594871413.654598
CYL_PRES_STAT,0,1594871413.76837
CYL_PRES_STAT,0,1594871413.7804642
CYL_PRES_STAT,0,1594871413.8012018
CYL_PRES_STAT,0,1594871413.822256
CYL_PRES_STAT,0,1594871413.8312151
CYL_PRES_STAT,0,1594871413.8431518
CYL_PRES_STAT,0,1594871413.8509364
CYL_PRES_STAT,0,1594871413.862875
CYL_PRES_STAT,0,1594871413.8829029
CYL_PRES_STAT,0,1594871413.904491
CYL_PRES_STAT,0,1594871413.926263
CYL_PRES_STAT,0,1594871413.946651
CYL_PRES_STAT,0,1594871413.966604
CYL_PRES_STAT,0,1594871414.149866
CYL_PRES_STAT,0,1594871414.161933
CYL_PRES_STAT,0,1594871414.1739151
CYL_PRES_STAT,0,1594871414.235337
CYL_PRES_STAT,0,1594871414.440741
CYL_PRES_STAT,0,1594871414.462763
CYL_PRES_STAT,0,1594871414.481864
CYL_PRES_STAT,0,1594871414.493969
CYL_PRES_STAT,0,1594871414.526461
CYL_PRES_STAT,0,1594871414.545415
CYL_PRES_STAT,0,1594871414.563313
CYL_PRES_STAT,0,1594871414.576242
CYL_PRES_STAT,0,1594871414.587321
CYL_PRES_STAT,0,1594871414.6042778
CYL_PRES_STAT,0,1594871414.731717
CYL_PRES_STAT,0,1594871414.7931259
CYL_PRES_STAT,0,1594871414.825769
CYL_PRES_STAT,0,1594871414.833816
CYL_PRES_STAT,0,1594871414.854172
CYL_PRES_STAT,0,1594871414.862869
CYL_PRES_STAT,0,1594871414.9153929
CYL_PRES_STAT,0,1594871414.9357052
CYL_PRES_STAT,0,1594871414.946002
CYL_PRES_STAT,0,1594871414.9683242
CYL_PRES_STAT,0,1594871414.988696
CYL_PRES_STAT,0,1594871415.0298312
CYL_PRES_STAT,0,1594871415.0624454
CYL_PRES_STAT,0,1594871415.10338
CYL_PRES_STAT,0,1594871415.123788
CYL_PRES_STAT,0,1594871415.132412
CYL_PRES_STAT,0,1594871415.1648364
CYL_PRES_STAT,0,1594871415.185452
CYL_PRES_STAT,0,1594871415.205775
CYL_PRES_STAT,0,1594871415.227103
CYL_PRES_STAT,0,1594871415.2782938
CYL_PRES_STAT,0,1594871415.3167748
CYL_PRES_STAT,0,1594871415.359624
CYL_PRES_STAT,0,1594871415.3696716
CYL_PRES_STAT,0,1594871415.431555
CYL_PRES_STAT,0,1594871415.45254
CYL_PRES_STAT,0,1594871415.4767842
CYL_PRES_STAT,0,1594871415.4958458
CYL_PRES_STAT,0,1594871415.5171466
CYL_PRES_STAT,0,1594871415.558294
CYL_PRES_STAT,0,1594871415.607327
CYL_PRES_STAT,0,1594871415.701497
CYL_PRES_STAT,0,1594871415.7222662
CYL_PRES_STAT,0,1594871415.7344391
CYL_PRES_STAT,0,1594871415.74499
CYL_PRES_STAT,0,1594871415.762826
CYL_PRES_STAT,0,1594871415.8045301
CYL_PRES_STAT,0,1594871415.816101
CYL_PRES_STAT,0,1594871415.824329
CYL_PRES_STAT,0,1594871415.845595
CYL_PRES_STAT,0,1594871415.87826
CYL_PRES_STAT,0,1594871415.886119
CYL_PRES_STAT,0,1594871415.939038
CYL_PRES_STAT,0,1594871415.988692
CYL_PRES_STAT,0,1594871416.029613
CYL_PRES_STAT,0,1594871416.0626152
CYL_PRES_STAT,0,1594871416.0740788
CYL_PRES_STAT,0,1594871416.0938768
CYL_PRES_STAT,0,1594871416.115061
CYL_PRES_STAT,0,1594871416.1357589
CYL_PRES_STAT,0,1594871416.146473
CYL_PRES_STAT,0,1594871416.155928
CYL_PRES_STAT,0,1594871416.18558
CYL_PRES_STAT,0,1594871416.19694
CYL_PRES_STAT,0,1594871416.246492
CYL_PRES_STAT,0,1594871416.278958
CYL_PRES_STAT,0,1594871416.3207538
CYL_PRES_STAT,0,1594871416.340933
CYL_PRES_STAT,0,1594871416.364746
CYL_PRES_STAT,0,1594871416.3729851
CYL_PRES_STAT,0,1594871416.381815
CYL_PRES_STAT,0,1594871416.393676
CYL_PRES_STAT,0,1594871416.40224
CYL_PRES_STAT,0,1594871416.4442961
CYL_PRES_STAT,0,1594871416.464041
CYL_PRES_STAT,0,1594871416.475681
CYL_PRES_STAT,0,1594871416.4843466
CYL_PRES_STAT,0,1594871416.5050838
CYL_PRES_STAT,0,1594871416.64515
CYL_PRES_STAT,0,1594871416.721695
CYL_PRES_STAT,0,1594871416.733431
CYL_PRES_STAT,0,1594871416.754236
CYL_PRES_STAT,0,1594871416.7753382
CYL_PRES_STAT,0,1594871416.795063
CYL_PRES_STAT,0,1594871416.962736
CYL_PRES_STAT,0,1594871416.9712806
CYL_PRES_STAT,0,1594871416.983285
CYL_PRES_STAT,0,1594871417.003819
CYL_PRES_STAT,0,1594871417.01196
CYL_PRES_STAT,0,1594871417.024151
CYL_PRES_STAT,0,1594871417.044808
CYL_PRES_STAT,0,1594871417.085708
CYL_PRES_STAT,0,1594871417.114336
CYL_PRES_STAT,0,1594871417.253532
CYL_PRES_STAT,0,1594871417.270072
CYL_PRES_STAT,0,1594871417.290992
CYL_PRES_STAT,0,1594871417.3027024
CYL_PRES_STAT,0,1594871417.3522608
CYL_PRES_STAT,0,1594871417.372749
CYL_PRES_STAT,0,1594871417.384733
CYL_PRES_STAT,0,1594871417.3968186
CYL_PRES_STAT,0,1594871417.417397
CYL_PRES_STAT,0,1594871417.446038
CYL_PRES_STAT,0,1594871417.507666
CYL_PRES_STAT,0,1594871417.5402591
CYL_PRES_STAT,0,1594871417.5607512
CYL_PRES_STAT,0,1594871417.581113
CYL_PRES_STAT,0,1594871417.6019046
CYL_PRES_STAT,0,1594871417.622784
CYL_PRES_STAT,0,1594871417.6427462
CYL_PRES_STAT,0,1594871417.6633
CYL_PRES_STAT,0,1594871417.684386
CYL_PRES_STAT,0,1594871417.733304
CYL_PRES_STAT,0,1594871417.745107
CYL_PRES_STAT,0,1594871417.8072019
CYL_PRES_STAT,0,1594871417.892433
CYL_PRES_STAT,0,1594871417.9092991
CYL_PRES_STAT,0,1594871417.9333818
CYL_PRES_STAT,0,1594871417.994882
CYL_PRES_STAT,0,1594871418.036017
CYL_PRES_STAT,0,1594871418.065151
CYL_PRES_STAT,0,1594871418.0768352
CYL_PRES_STAT,0,1594871418.105815
CYL_PRES_STAT,0,1594871418.147232
CYL_PRES_STAT,0,1594871418.158779
CYL_PRES_STAT,0,1594871418.179198
CYL_PRES_STAT,0,1594871418.199826
CYL_PRES_STAT,0,1594871418.241662
CYL_PRES_STAT,0,1594871418.2617989
CYL_PRES_STAT,0,1594871418.2856908
CYL_PRES_STAT,0,1594871418.306077
CYL_PRES_STAT,0,1594871418.3267012
CYL_PRES_STAT,0,1594871418.367604
CYL_PRES_STAT,0,1594871418.375978
CYL_PRES_STAT,0,1594871418.5314698
CYL_PRES_STAT,0,1594871418.543791
CYL_PRES_STAT,0,1594871418.5519462
CYL_PRES_STAT,0,1594871418.572441
CYL_PRES_STAT,0,1594871418.59295
CYL_PRES_STAT,0,1594871418.6257432
CYL_PRES_STAT,0,1594871418.633888
CYL_PRES_STAT,0,1594871418.654463
CYL_PRES_STAT,0,1594871418.674874
CYL_PRES_STAT,0,1594871418.69574
CYL_PRES_STAT,0,1594871418.798082
CYL_PRES_STAT,0,1594871418.818718
CYL_PRES_STAT,0,1594871418.8396294
CYL_PRES_STAT,0,1594871418.8509626
CYL_PRES_STAT,0,1594871418.95396
CYL_PRES_STAT,0,1594871418.986084
CYL_PRES_STAT,0,1594871419.0065858
CYL_PRES_STAT,0,1594871419.1499991
CYL_PRES_STAT,0,1594871419.170668
CYL_PRES_STAT,0,1594871419.1918259
CYL_PRES_STAT,0,1594871419.2031689
CYL_PRES_STAT,0,1594871419.223644
CYL_PRES_STAT,0,1594871419.2770822
CYL_PRES_STAT,0,1594871419.297324
CYL_PRES_STAT,0,1594871419.317733
CYL_PRES_STAT,0,1594871419.3552349
CYL_PRES_STAT,0,1594871419.379314
CYL_PRES_STAT,0,1594871419.440894
CYL_PRES_STAT,0,1594871419.453026
CYL_PRES_STAT,0,1594871419.461612
CYL_PRES_STAT,0,1594871419.481653
CYL_PRES_STAT,0,1594871419.522699
CYL_PRES_STAT,0,1594871419.5312312
CYL_PRES_STAT,0,1594871419.5432222
CYL_PRES_STAT,0,1594871419.563711
CYL_PRES_STAT,0,1594871419.584089
CYL_PRES_STAT,0,1594871419.616822
CYL_PRES_STAT,0,1594871419.6578
CYL_PRES_STAT,0,1594871419.7846868
CYL_PRES_STAT,0,1594871419.789196
CYL_PRES_STAT,0,1594871419.8134449
CYL_PRES_STAT,0,1594871419.833931
CYL_PRES_STAT,0,1594871419.8544679
CYL_PRES_STAT,0,1594871419.9158812
CYL_PRES_STAT,0,1594871419.9362822
CYL_PRES_STAT,0,1594871419.9568448
CYL_PRES_STAT,0,1594871420.060159
CYL_PRES_STAT,0,1594871420.0800881
CYL_PRES_STAT,0,1594871420.1001801
CYL_PRES_STAT,0,1594871420.12072
CYL_PRES_STAT,0,1594871420.162049
CYL_PRES_STAT,0,1594871420.1861491
CYL_PRES_STAT,0,1594871420.1944811
CYL_PRES_STAT,0,1594871420.2557774
CYL_PRES_STAT,0,1594871420.2646189
CYL_PRES_STAT,0,1594871420.2764714
CYL_PRES_STAT,0,1594871420.3092248
CYL_PRES_STAT,0,1594871420.337729
CYL_PRES_STAT,0,1594871420.3705091
CYL_PRES_STAT,0,1594871420.37919
CYL_PRES_STAT,0,1594871420.420201
CYL_PRES_STAT,0,1594871420.431874
CYL_PRES_STAT,0,1594871420.4407089
CYL_PRES_STAT,0,1594871420.452411
CYL_PRES_STAT,0,1594871420.473268
CYL_PRES_STAT,0,1594871420.493819
CYL_PRES_STAT,0,1594871420.501736
CYL_PRES_STAT,0,1594871420.5552518
CYL_PRES_STAT,0,1594871420.575521
CYL_PRES_STAT,0,1594871420.6373482
CYL_PRES_STAT,0,1594871420.648914
CYL_PRES_STAT,0,1594871420.7022028
CYL_PRES_STAT,0,1594871420.7226439
CYL_PRES_STAT,0,1594871420.743459
CYL_PRES_STAT,0,1594871420.763597
CYL_PRES_STAT,0,1594871420.772268
CYL_PRES_STAT,0,1594871420.804634
CYL_PRES_STAT,0,1594871420.845644
CYL_PRES_STAT,0,1594871420.854204
CYL_PRES_STAT,0,1594871420.866007
CYL_PRES_STAT,0,1594871420.886668
CYL_PRES_STAT,0,1594871420.977091
CYL_PRES_STAT,0,1594871420.9975119
CYL_PRES_STAT,0,1594871421.009891
CYL_PRES_STAT,0,1594871421.021662
CYL_PRES_STAT,0,1594871421.0424068
CYL_PRES_STAT,0,1594871421.071161
CYL_PRES_STAT,0,1594871421.091941
CYL_PRES_STAT,0,1594871421.153156
CYL_PRES_STAT,0,1594871421.1948822
CYL_PRES_STAT,0,1594871421.2471318
CYL_PRES_STAT,0,1594871421.2796931
CYL_PRES_STAT,0,1594871421.300211
CYL_PRES_STAT,0,1594871421.3206608
CYL_PRES_STAT,0,1594871421.341415
CYL_PRES_STAT,0,1594871421.349802
CYL_PRES_STAT,0,1594871421.3618
CYL_PRES_STAT,0,1594871421.4231231
CYL_PRES_STAT,0,1594871421.444124
CYL_PRES_STAT,0,1594871421.464442
CYL_PRES_STAT,0,1594871421.4849381
CYL_PRES_STAT,0,1594871421.55846
CYL_PRES_STAT,0,1594871421.578784
CYL_PRES_STAT,0,1594871421.6083
CYL_PRES_STAT,0,1594871421.6282349
CYL_PRES_STAT,0,1594871421.648749
CYL_PRES_STAT,0,1594871421.660776
CYL_PRES_STAT,0,1594871421.669215
CYL_PRES_STAT,0,1594871421.7139
CYL_PRES_STAT,0,1594871421.734362
CYL_PRES_STAT,0,1594871421.754951
CYL_PRES_STAT,0,1594871421.767147
CYL_PRES_STAT,0,1594871421.775753
CYL_PRES_STAT,0,1594871421.804508
CYL_PRES_STAT,0,1594871421.816235
